 0.35605633,1569320089990,
 0.6777465,1569320090989,
 0.9746479,1569320091991,
 1.1667606,1569320092991,
 1.1588732,1569320093994,
 1.2,1569320094995,
 0.79098594,1569320095995,
 0.8157746,1569320096987,
 0.7019718,1569320099990,
 1.1678873,1569320101004,
 2.0478873,1569320101997,
 2.9194367,1569320102991,
 3.4670422,1569320103984,
 3.6738029,1569320105030,
 3.7802818,1569320105992,
 3.8174648,1569320106989,
 3.6039436,1569320107988,
 3.7002816,1569320108989,
 3.7678874,1569320109990,
 3.7447886,1569320110985,
 4.065352,1569320111987,
 4.1915493,1569320112989,
 4.2901406,1569320113990,
 4.4484506,1569320114991,
 4.4095774,1569320115996,
 4.262535,1569320116997,
 4.0940847,1569320118000,
 3.8743663,1569320118997,
 3.2929578,1569320119995,
 2.5814085,1569320120994,
 2.393803,1569320121995,
 2.1515493,1569320122992,
 1.835493,1569320124021,
 2.021972,1569320124998,
 2.36,1569320125992,
 2.5166197,1569320126989,
 2.3887324,1569320127994,
 2.730141,1569320128997,
 3.2056339,1569320129999,
 3.4107041,1569320130997,
 3.2197182,1569320132000,
 3.3921127,1569320132996,
 3.7284508,1569320133992,
 4.0276055,1569320134995,
 4.2394366,1569320136001,
 4.174648,1569320136996,
 3.893521,1569320137988,
 3.2816901,1569320138996,
 2.6433802,1569320140009,
 2.5143661,1569320140992,
 2.3842254,1569320141993,
 2.8360562,1569320142997,
 3.0895774,1569320143989,
 3.2816901,1569320144992,
 3.3988733,1569320145991,
 3.4969015,1569320146993,
 3.8794367,1569320147996,
 4.281127,1569320148995,
 4.573521,1569320149995,
 4.7402816,1569320150996,
 4.8191547,1569320152006,
 4.940282,1569320152996,
 5.2292957,1569320153999,
 5.3949294,1569320154996,
 5.5414085,1569320155991,
 5.5132394,1569320156997,
 5.262535,1569320157994,
 4.9712677,1569320158992,
 4.459718,1569320159982,
 3.6597183,1569320160994,
 2.9002817,1569320162032,
 2.7143662,1569320162992,
 3.106479,1569320163986,
 3.8771832,1569320164985,
 4.495211,1569320165991,
 4.9132395,1569320166986,
 5.3087325,1569320167993,
 5.6321125,1569320168992,
 5.6794367,1569320169993,
 5.5802817,1569320170993,
 5.495211,1569320171999,
 5.5729575,1569320172990,
 5.766197,1569320173985,
 5.6202817,1569320174989,
 5.296901,1569320175988,
 4.3695774,1569320176987,
 3.4574647,1569320177986,
 2.7594366,1569320178986,
 2.6140845,1569320180030,
 3.3988733,1569320180986,
 3.8360562,1569320181991,
 4.459718,1569320182989,
 4.727324,1569320183991,
 5.370704,1569320184983,
 5.682817,1569320185995,
 5.6907043,1569320186996,
 5.742535,1569320188000,
 5.780845,1569320188997,
 5.7340846,1569320189995,
 5.5932393,1569320190994,
 5.727887,1569320191995,
 5.807324,1569320192993,
 5.677183,1569320193991,
 5.3678875,1569320194985,
 4.3605633,1569320195977,
 3.5639436,1569320196979,
 3.0112677,1569320197976,
 2.8788733,1569320198979,
 3.0540845,1569320199980,
 3.2174647,1569320200982,
 3.903662,1569320201980,
 4.282817,1569320202983,
 4.772394,1569320203992,
 5.3549294,1569320204988,
 5.781972,1569320205986,
 5.7132397,1569320206984,
 5.4676056,1569320207988,
 5.4067607,1569320208989,
 5.7160563,1569320209987,
 5.858028,1569320210987,
 5.8467607,1569320211998,
 5.678873,1569320212990,
 5.495211,1569320213980,
 5.207887,1569320214989,
 4.659155,1569320215991,
 3.7605634,1569320216985,
 3.068169,1569320217988,
 2.8923943,1569320218983,
 3.5532393,1569320220038,
 3.6788733,1569320221000,
 4.1566195,1569320221989,
 4.370704,1569320222994,
 4.718873,1569320223996,
 5.118873,1569320224987,
 5.5357747,1569320225998,
 5.9459157,1569320226996,
 6.03831,1569320227985,
 6.2247887,1569320228990,
 6.3549294,1569320229997,
 6.6957746,1569320230986,
 6.663099,1569320231993,
 6.3780284,1569320232986,
 5.980282,1569320233984,
 5.0360565,1569320234970,
 3.8597183,1569320235970,
 3.2292957,1569320236982,
 2.620845,1569320237980,
 2.6777465,1569320238985,
 3.129014,1569320239972,
 3.463662,1569320240980,
 4.0259156,1569320241992,
 4.4123945,1569320242983,
 5.0771832,1569320243977,
 5.7847886,1569320244992,
 6.0574646,1569320245995,
 6.064225,1569320246994,
 5.847324,1569320247994,
 5.473803,1569320248990,
 5.5921125,1569320249988,
 5.868169,1569320250987,
 5.76,1569320251982,
 5.5070424,1569320252981,
 5.2067604,1569320253975,
 4.6850705,1569320254986,
 4.162817,1569320255988,
 3.56169,1569320256982,
 3.2067606,1569320258032,
 3.3402817,1569320258982,
 3.7543662,1569320259995,
 4.3323946,1569320260985,
 4.7087326,1569320261992,
 5.3149295,1569320262985,
 5.5414085,1569320263992,
 5.515493,1569320264981,
 5.5769014,1569320265989,
 5.7177463,1569320266989,
 5.9830985,1569320267995,
 6.1740847,1569320268991,
 6.5740843,1569320269990,
 6.5340843,1569320270995,
 6.24338,1569320271986,
 5.84,1569320272983,
 4.875493,1569320273970,
 4.059718,1569320274971,
 3.3194366,1569320275998,
 2.851831,1569320276980,
 2.8659155,1569320277982,
 3.2490141,1569320278983,
 3.9132395,1569320279981,
 4.486197,1569320280997,
 5.2957745,1569320281987,
 6.112676,1569320282983,
 6.847324,1569320283990,
 6.832676,1569320284987,
 6.6157746,1569320285986,
 6.3532395,1569320286987,
 6.456338,1569320287984,
 6.424789,1569320288987,
 6.163944,1569320289991,
 5.746479,1569320290986,
 4.9566197,1569320291986,
 4.625352,1569320292981,
 4.2039437,1569320293978,
 4.3402815,1569320294985,
 4.629859,1569320295982,
 4.7504225,1569320296984,
 4.966197,1569320297991,
 4.9239435,1569320298976,
 4.016338,1569320299985,
 3.0676057,1569320300982,
 2.5340846,1569320301985,
 3.0608451,1569320302992,
 3.366197,1569320303992,
 4.0078874,1569320304987,
 4.787606,1569320305986,
 5.8687325,1569320306986,
 6.0084505,1569320307982,
 6.148732,1569320308984,
 6.1740847,1569320309981,
 5.936338,1569320310984,
 5.776338,1569320311984,
 5.619718,1569320312993,
 5.4450703,1569320313994,
 4.450704,1569320315035,
 3.908169,1569320315996,
 3.783662,1569320316993,
 4.263662,1569320317991,
 5.1515493,1569320318995,
 5.7847886,1569320319993,
 6.068169,1569320320993,
 5.9814086,1569320321992,
 5.837183,1569320322982,
 5.5566196,1569320323986,
 5.1808453,1569320324985,
 4.881127,1569320325981,
 4.6056337,1569320326984,
 4.929014,1569320327986,
 5.5566196,1569320328980,
 5.5718307,1569320329981,
 5.345352,1569320330969,
 4.900282,1569320331970,
 3.7487323,1569320332977,
 2.7476056,1569320333977,
 2.500845,1569320334982,
 3.0788732,1569320335983,
 3.0309858,1569320336979,
 4.009014,1569320337978,
 4.419155,1569320338970,
 4.887324,1569320339974,
 5.5740843,1569320340980,
 5.871549,1569320341979,
 5.6169014,1569320342986,
 5.48507,1569320343986,
 5.142535,1569320344982,
 4.850704,1569320345989,
 5.1650705,1569320346980,
 5.4715495,1569320347980,
 5.602817,1569320348984,
 5.251831,1569320349980,
 4.55831,1569320350997,
 3.4411268,1569320351984,
 2.5239437,1569320352985,
 2.4343662,1569320353993,
 2.983662,1569320354985,
 3.619155,1569320355982,
 4.2839437,1569320356986,
 4.659155,1569320357986,
 4.9971833,1569320358981,
 5.2946477,1569320359981,
 5.5121126,1569320360980,
 5.3385916,1569320361983,
 4.7684507,1569320362981,
 4.654648,1569320363986,
 4.9149294,1569320364982,
 5.11831,1569320365980,
 5.3239436,1569320366980,
 5.293521,1569320367969,
 4.7154927,1569320368987,
 3.583662,1569320369960,
 2.7938027,1569320370968,
 2.0630987,1569320371973,
 2.3628168,1569320372971,
 2.659155,1569320373965,
 3.7177465,1569320374966,
 4.3605633,1569320375980,
 4.8185916,1569320376977,
 5.3323946,1569320377980,
 5.558873,1569320378979,
 5.515493,1569320379977,
 5.6349297,1569320380979,
 5.905352,1569320381991,
 6.1464787,1569320382986,
 6.303662,1569320383986,
 6.216338,1569320384983,
 5.87662,1569320385977,
 4.75831,1569320386987,
 3.6123943,1569320387988,
 2.7735212,1569320388990,
 2.6557746,1569320389983,
 3.1650705,1569320390982,
 3.8225353,1569320391981,
 4.4377465,1569320392989,
 4.5622535,1569320393989,
 5.0749297,1569320394983,
 5.778028,1569320395993,
 6.108169,1569320396982,
 5.9904227,1569320397984,
 5.6721125,1569320398978,
 5.4450703,1569320399987,
 5.6676054,1569320400991,
 5.9385915,1569320401970,
 5.6709857,1569320402959,
 5.0912676,1569320403963,
 4.1560564,1569320404967,
 3.343662,1569320405973,
 2.8388731,1569320406974,
 3.0005634,1569320407969,
 3.3723943,1569320408982,
 4.1723943,1569320409963,
 4.732394,1569320410964,
 5.1707044,1569320411975,
 5.6112676,1569320412980,
 5.9121127,1569320413971,
 5.920563,1569320414985,
 5.7115493,1569320415981,
 5.7746477,1569320416982,
 6.070986,1569320417984,
 6.006197,1569320418984,
 5.7932396,1569320419985,
 5.051831,1569320420975,
 4.158873,1569320421979,
 3.6940844,1569320422976,
 3.143662,1569320423989,
 3.5340846,1569320424978,
 4.168451,1569320426004,
 4.23831,1569320426983,
 3.9149296,1569320427981,
 3.5814085,1569320428987,
 3.458028,1569320429984,
 3.4507043,1569320430978,
 4.1661973,1569320431974,
 4.747606,1569320432976,
 5.1278872,1569320433977,
 5.857465,1569320434980,
 5.949859,1569320435989,
 6.0366197,1569320436984,
 6.16169,1569320437983,
 5.896338,1569320438980,
 6.0523944,1569320439983,
 6.312113,1569320440987,
 6.1954927,1569320441990,
 5.7994366,1569320442973,
 5.149859,1569320443980,
 4.138592,1569320444968,
 3.6946478,1569320445979,
 2.770141,1569320446967,
 2.3030987,1569320447969,
 2.3025353,1569320448966,
 2.6146479,1569320449961,
 2.5030985,1569320450971,
 2.6005633,1569320451974,
 2.7842255,1569320452978,
 2.859155,1569320453982,
 4.1707044,1569320454978,
 5.153803,1569320455982,
 5.8343663,1569320456984,
 5.9487324,1569320457979,
 5.7301407,1569320458972,
 5.5707045,1569320459977,
 5.4969015,1569320460985,
 5.5273237,1569320461983,
 5.8140845,1569320462976,
 5.896338,1569320463972,
 5.625352,1569320465003,
 4.7492957,1569320465981,
 4.0332394,1569320466981,
 3.7509859,1569320467978,
 3.4597182,1569320468975,
 3.3876057,1569320469973,
 3.5284507,1569320470973,
 3.6670423,1569320471978,
 3.463662,1569320472979,
 3.418028,1569320473975,
 3.9515493,1569320474977,
 4.349859,1569320475980,
 4.6653523,1569320476985,
 5.0478873,1569320477984,
 5.4112678,1569320478977,
 5.801127,1569320479987,
 6.0095773,1569320480984,
 6.064225,1569320481979,
 6.1267605,1569320482993,
 6.6495776,1569320483985,
 6.7115493,1569320484984,
 6.4321127,1569320485984,
 5.935211,1569320486979,
 4.7543664,1569320487974,
 3.8974648,1569320488976,
 3.3177464,1569320489959,
 3.0552113,1569320490962,
 3.0754929,1569320491969,
 3.4388733,1569320492975,
 4.078873,1569320493975,
 4.4940844,1569320494981,
 4.941972,1569320495985,
 5.490704,1569320496986,
 5.823662,1569320497985,
 5.689014,1569320498984,
 5.411831,1569320499983,
 5.672676,1569320500973,
 6.2332397,1569320502011,
 6.232113,1569320502983,
 6.063662,1569320503977,
 5.7430987,1569320504981,
 5.08338,1569320505979,
 3.992676,1569320506978,
 3.2709858,1569320507981,
 3.2270422,1569320508982,
 3.6247888,1569320509973,
 3.9667606,1569320510975,
 4.5121126,1569320511971,
 4.816338,1569320512984,
 5.3414083,1569320513982,
 5.806197,1569320514982,
 5.831549,1569320515983,
 5.795493,1569320516981,
 6.0028167,1569320517978,
 6.297465,1569320518976,
 6.3177466,1569320519984,
 6.044507,1569320520992,
 5.8997183,1569320521976,
 5.632676,1569320522973,
 4.9476056,1569320523972,
 4.070986,1569320524967,
 3.4878874,1569320525965,
 2.8850703,1569320526959,
 2.789859,1569320527967,
 2.997183,1569320528962,
 3.4202816,1569320529958,
 4.0067606,1569320530973,
 4.863662,1569320531976,
 5.6394367,1569320532984,
 6.2839437,1569320533983,
 6.3442254,1569320534988,
 6.0276055,1569320535983,
 5.632676,1569320536983,
 5.7549295,1569320537987,
 5.772394,1569320538977,
 5.563944,1569320540039,
 5.371831,1569320540969,
 5.24169,1569320541974,
 5.009014,1569320542977,
 4.371268,1569320543981,
 3.5538027,1569320544978,
 2.9205635,1569320545973,
 3.0309858,1569320546980,
 3.2743661,1569320547977,
 3.764507,1569320548975,
 4.3492956,1569320549985,
 4.5487323,1569320550982,
 5.0569015,1569320551976,
 5.5278873,1569320552979,
 5.907042,1569320553980,
 5.9104223,1569320554984,
 5.568451,1569320555985,
 5.1859155,1569320556974,
 5.216338,1569320557978,
 5.204507,1569320558976,
 5.1701407,1569320559977,
 5.179155,1569320560976,
 5.3104224,1569320561975,
 5.285634,1569320562969,
 4.24338,1569320563968,
 3.644507,1569320564960,
 3.1188734,1569320565975,
 2.88,1569320566966,
 2.8597183,1569320567961,
 3.0315492,1569320568964,
 3.6698592,1569320569967,
 4.043944,1569320570966,
 4.7797184,1569320571971,
 5.5611267,1569320572985,
 5.955493,1569320573984,
 5.950423,1569320574977,
 5.594366,1569320575981,
 5.208451,1569320576978,
 5.3047886,1569320577973,
 5.437183,1569320578979,
 5.262535,1569320579980,
 4.9335213,1569320580984,
 4.658028,1569320581972,
 4.3842254,1569320582979,
 4.0749297,1569320583978,
 3.2512677,1569320584976,
 2.6692958,1569320585980,
 2.1594367,1569320586977,
 1.9566197,1569320587974,
 2.324507,1569320588970,
 2.6845071,1569320589975,
 3.3132393,1569320590971,
 4.1504226,1569320591980,
 4.5678873,1569320592981,
 4.926197,1569320593978,
 5.2304225,1569320594981,
 5.6022534,1569320595979,
 5.9774647,1569320596974,
 6.19831,1569320597995,
 6.1261973,1569320598974,
 5.7453523,1569320599981,
 5.669296,1569320600974,
 5.8078876,1569320601983,
 5.624225,1569320602977,
 5.2867603,1569320603973,
 4.8974648,1569320604974,
 4.0602818,1569320605962,
 3.450141,1569320606961,
 2.9160564,1569320607960,
 2.6743662,1569320608959,
 2.7560563,1569320609949,
 3.2016902,1569320610960,
 3.9622536,1569320611964,
 4.594366,1569320612973,
 5.32169,1569320613975,
 5.540845,1569320614976,
 5.4281693,1569320615982,
 5.526197,1569320616972,
 5.5605636,1569320617979,
 5.5757747,1569320618979,
 5.8095775,1569320619981,
 5.9267607,1569320620978,
 5.7414083,1569320621983,
 5.4394364,1569320622975,
 5.1014085,1569320623976,
 4.074366,1569320624975,
 3.2405634,1569320625972,
 2.581972,1569320626972,
 2.3921127,1569320627974,
 2.4287324,1569320628977,
 3.1566198,1569320629974,
 4.112676,1569320630971,
 4.7938027,1569320631974,
 5.2743664,1569320632974,
 5.729014,1569320633978,
 6.1002817,1569320634974,
 6.0174646,1569320635993,
 5.76338,1569320636984,
 5.6585917,1569320637975,
 5.3780284,1569320638984,
 5.331831,1569320639976,
 5.3295774,1569320640997,
 5.1352115,1569320641978,
 4.905352,1569320642976,
 3.8022535,1569320643960,
 3.3419719,1569320644977,
 2.8985915,1569320645958,
 3.0783098,1569320646971,
 3.379155,1569320647984,
 4.0377464,1569320648977,
 4.594366,1569320649976,
 5.083944,1569320650979,
 5.6766195,1569320651977,
 5.8022537,1569320652980,
 5.717183,1569320653974,
 5.365634,1569320655035,
 4.851268,1569320655972,
 4.75662,1569320656971,
 4.9515495,1569320657976,
 4.91662,1569320658977,
 4.9312677,1569320659974,
 4.8974648,1569320660977,
 4.934648,1569320661971,
 4.871549,1569320662971,
 4.109296,1569320663975,
 3.5160563,1569320664970,
 3.2788732,1569320665971,
 3.616338,1569320666971,
 3.8692958,1569320667969,
 4.68169,1569320668972,
 5.0214086,1569320669971,
 5.1521125,1569320670970,
 5.226479,1569320671970,
 5.2422533,1569320672970,
 5.603944,1569320674007,
 5.948169,1569320674972,
 6.251831,1569320675973,
 6.4185915,1569320676970,
 6.310986,1569320677970,
 6.149296,1569320678969,
 5.4833803,1569320679970,
 4.910986,1569320680971,
 4.310986,1569320681973,
 3.6985915,1569320682979,
 3.2738028,1569320683970,
 3.3797183,1569320684970,
 3.5047886,1569320685970,
 4.1476054,1569320686970,
 4.6602817,1569320687971,
 5.070986,1569320688971,
 5.4721127,1569320689971,
 5.7504225,1569320690980,
 5.6022534,1569320691971,
 4.9092956,1569320692971,
 4.6095777,1569320693970,
 4.4980283,1569320694971,
 4.4349294,1569320695972,
 4.3538027,1569320696971,
 3.6822536,1569320697973,
 2.1752112,1569320698971,
 0.71661973,1569320699971,
 0.56450707,1569320717971,
 1.1994367,1569320718971,
 1.9678873,1569320719970,
 2.4546478,1569320720970,
 2.8056338,1569320721970,
 3.1695774,1569320722971,
 2.9847887,1569320723971,
 2.588169,1569320724970,
 2.126197,1569320725959,
 2.0495775,1569320726988,
 2.0338027,1569320727970,
 2.0501409,1569320728979,
 2.567324,1569320729975,
 3.299155,1569320730974,
 3.9205635,1569320731978,
 4.380282,1569320732971,
 4.3780284,1569320733971,
 4.2704225,1569320734977,
 4.1509857,1569320735973,
 4.013521,1569320736975,
 3.8676057,1569320737971,
 3.698028,1569320738971,
 3.8625352,1569320739976,
 4.4050703,1569320740970,
 4.776338,1569320741972,
 4.980845,1569320742970,
 5.069296,1569320743995,
 4.9177465,1569320744969,
 4.469859,1569320745967,
 3.5092957,1569320746971,
 2.9385915,1569320747959,
 2.4304225,1569320748961,
 2.2861972,1569320749964,
 2.2388732,1569320750964,
 2.9211268,1569320751970,
 3.6743662,1569320752970,
 4.330141,1569320753970,
 4.8101406,1569320754970,
 5.266479,1569320755970,
 5.5160565,1569320756990,
 5.4833803,1569320757975,
 5.235493,1569320758970,
 5.1966195,1569320759971,
 5.312676,1569320761001,
 5.24338,1569320761964,
 4.988169,1569320762972,
 4.946479,1569320763984,
 4.969014,1569320764993,
 4.7746477,1569320765986,
 4.0366197,1569320766971,
 3.5211267,1569320767974,
 2.9571831,1569320768974,
 3.1729577,1569320769966,
 3.435493,1569320770972,
 4.0940847,1569320771991,
 4.2743664,1569320772986,
 4.7842255,1569320773991,
 5.2692957,1569320774992,
 5.389859,1569320775994,
 5.5087323,1569320776972,
 5.832113,1569320777987,
 6.1650705,1569320778983,
 6.1723943,1569320779991,
 5.8535213,1569320780970,
 5.490704,1569320781975,
 5.1656337,1569320782965,
 4.782535,1569320783972,
 3.9171832,1569320784963,
 3.3915493,1569320785966,
 2.8732395,1569320786964,
 2.7678874,1569320787952,
 3.016338,1569320788959,
 3.682817,1569320789957,
 4.1769013,1569320790959,
 4.6512675,1569320791976,
 5.128451,1569320792976,
 5.6005635,1569320793970,
 5.7977467,1569320794968,
 5.613521,1569320795972,
 5.292958,1569320796967,
 5.1909857,1569320797960,
 5.4433804,1569320798994,
 5.48169,1569320799966,
 5.459155,1569320800962,
 5.3188734,1569320801972,
 4.9425354,1569320802968,
 4.3002815,1569320803968,
 3.9402816,1569320804966,
 3.6394367,1569320805951,
 3.3183098,1569320806965,
 4.0078874,1569320807970,
 4.312676,1569320808970,
 4.454648,1569320809966,
 4.321127,1569320810964,
 3.9859154,1569320811960,
 2.8366196,1569320812961,
 2.2861972,1569320813967,
 2.032676,1569320814962,
 2.2608452,1569320815962,
 2.2907043,1569320816953,
 2.4721127,1569320817958,
 3.0907042,1569320818962,
 3.4619718,1569320819960,
 4.0039434,1569320820977,
 4.8185916,1569320821964,
 5.2140846,1569320822961,
 5.563944,1569320823958,
 5.764507,1569320824966,
 5.466479,1569320825963,
 5.4185915,1569320826966,
 5.4050703,1569320827965,
 5.218028,1569320828973,
 5.060845,1569320829974,
 4.737465,1569320830970,
 3.8338027,1569320831969,
 3.482817,1569320832967,
 3.896338,1569320833978,
 4.3667607,1569320834966,
 4.5104227,1569320835966,
 4.7087326,1569320836993,
 4.788169,1569320837971,
 4.7352114,1569320838964,
 4.597183,1569320839972,
 4.531831,1569320840965,
 4.6608453,1569320841964,
 4.8259153,1569320842965,
 4.908169,1569320843972,
 4.7859154,1569320844964,
 4.425352,1569320845962,
 3.6969013,1569320846959,
 3.2529578,1569320847958,
 2.616338,1569320848950,
 2.3785915,1569320849961,
 2.7087324,1569320850959,
 3.4760563,1569320851951,
 4.463662,1569320852956,
 4.9577465,1569320853967,
 5.352113,1569320854964,
 4.16169,1569320855965,
 1.5138028,1569320856962,
 0.28394365,1569320870967,
 0.7847887,1569320871967,
 1.9166198,1569320872960,
 2.6433802,1569320873965,
 3.1870422,1569320874959,
 3.7357748,1569320875967,
 4.308169,1569320876959,
 4.7447886,1569320877960,
 4.8022537,1569320878963,
 4.624225,1569320879963,
 4.300845,1569320880973,
 3.779155,1569320881959,
 3.5132394,1569320882962,
 3.4715493,1569320883960,
 3.334648,1569320884962,
 3.284507,1569320885956,
 3.3430986,1569320886959,
 3.4670422,1569320887957,
 3.9633803,1569320888955,
 4.4394364,1569320889959,
 4.869859,1569320890966,
 5.010141,1569320891970,
 5.16,1569320892955,
 5.6061974,1569320893979,
 5.9194365,1569320894961,
 6.0687323,1569320895961,
 6.2140846,1569320896957,
 6.015211,1569320897963,
 5.68169,1569320898959,
 5.28,1569320899961,
 4.2788734,1569320900955,
 3.6597183,1569320901951,
 3.1684506,1569320902950,
 2.6,1569320903950,
 2.4445071,1569320904960,
 2.7588732,1569320905960,
 3.4169014,1569320906956,
 4.212958,1569320907960,
 4.669859,1569320908962,
 4.9842253,1569320909964,
 5.1909857,1569320910956,
 5.484507,1569320911972,
 5.570141,1569320912959,
 5.454648,1569320913953,
 5.1966195,1569320914950,
 4.948169,1569320915959,
 4.865352,1569320916956,
 4.858028,1569320917957,
 4.6760564,1569320918962,
 4.706479,1569320919963,
 4.7132397,1569320920963,
 4.374648,1569320921964,
 3.6777465,1569320922963,
 3.0315492,1569320923961,
 2.8067605,1569320924953,
 3.1385915,1569320925956,
 3.7757747,1569320926950,
 4.4923944,1569320927954,
 4.994366,1569320928955,
 5.2495775,1569320929950,
 5.366197,1569320930962,
 5.3594365,1569320931958,
 5.409014,1569320932948,
 5.5014086,1569320933963,
 5.8101406,1569320934970,
 6.0332394,1569320935962,
 6.0450706,1569320936956,
 5.7667603,1569320937961,
 5.425352,1569320938961,
 5.0180283,1569320939961,
 3.7780282,1569320940978,
 3.1921127,1569320941954,
 2.5876057,1569320942956,
 2.3988733,1569320943948,
 2.3932395,1569320944954,
 3.5256338,1569320945959,
 4.76,1569320946959,
 5.4135213,1569320947957,
 5.7802815,1569320948954,
 5.727324,1569320949947,
 5.424789,1569320950980,
 5.1194367,1569320951962,
 4.776338,1569320952952,
 4.8433805,1569320953953,
 4.9966197,1569320954949,
 5.1025352,1569320955953,
 4.9583097,1569320956953,
 4.6811266,1569320957957,
 4.3414083,1569320958952,
 3.9487324,1569320959951,
 3.4704225,1569320960948,
 3.1971831,1569320961948,
 3.4084506,1569320962948,
 3.7312677,1569320963956,
 4.3588734,1569320964954,
 4.5887322,1569320965953,
 4.72,1569320966949,
 4.9442253,1569320967953,
 5.2107043,1569320968971,
 5.326761,1569320969960,
 5.218028,1569320970952,
 5.425352,1569320971957,
 5.7498593,1569320972955,
 5.6850705,1569320973956,
 5.477183,1569320974955,
 5.266479,1569320975963,
 4.9138026,1569320976958,
 4.035493,1569320977955,
 3.3656337,1569320978956,
 2.9239438,1569320979951,
 2.4687324,1569320980954,
 2.1814084,1569320981961,
 2.4692957,1569320982954,
 3.0501409,1569320983955,
 4.0349298,1569320984959,
 4.650141,1569320985959,
 5.122817,1569320986956,
 5.252958,1569320987955,
 5.148169,1569320989010,
 5.034366,1569320989951,
 4.802817,1569320990950,
 4.9476056,1569320991951,
 5.2946477,1569320992945,
 5.788169,1569320993958,
 5.9312677,1569320994950,
 5.76,1569320995948,
 5.406197,1569320996951,
 4.9239435,1569320997950,
 4.263662,1569320998945,
 3.6501408,1569320999960,
 3.3515494,1569321000966,
 3.470986,1569321001943,
 3.9915493,1569321002951,
 4.3430986,1569321003951,
 4.802817,1569321004951,
 4.9769015,1569321005958,
 5.064789,1569321006950,
 5.0805635,1569321007974,
 5.029296,1569321008949,
 4.885634,1569321009953,
 4.870986,1569321010950,
 5.0078874,1569321011970,
 5.2185917,1569321012953,
 5.23662,1569321013952,
 4.969014,1569321014960,
 4.623662,1569321015957,
 4.013521,1569321016959,
 3.6670423,1569321017959,
 3.228169,1569321018951,
 2.8157747,1569321019944,
 2.445634,1569321020949,
 2.5633802,1569321021947,
 2.727324,1569321022953,
 3.0157747,1569321023944,
 3.642817,1569321024982,
 4.0602818,1569321025957,
 4.4985914,1569321026957,
 4.7577467,1569321027952,
 4.9047885,1569321028955,
 4.755493,1569321029958,
 4.727887,1569321030951,
 4.8005633,1569321031956,
 4.7650704,1569321032951,
 4.5329576,1569321033950,
 4.266479,1569321034950,
 4.0174646,1569321035957,
 3.811831,1569321036948,
 3.6569014,1569321037950,
 3.5036619,1569321038948,
 3.2985916,1569321039947,
 3.1898592,1569321040947,
 2.9594367,1569321041942,
 2.6969013,1569321042944,
 2.7138028,1569321043947,
 2.989859,1569321044996,
 2.9492958,1569321045952,
 2.9323943,1569321046954,
 3.5104225,1569321047957,
 3.5064788,1569321048949,
 3.419155,1569321049950,
 3.1323943,1569321050949,
 2.4749296,1569321051950,
 1.9661971,1569321052951,
 2.1250703,1569321053959,
 2.4861972,1569321054953,
 2.6738029,1569321055957,
 3.1695774,1569321056954,
 3.7847888,1569321057953,
 3.9915493,1569321058952,
 4.179155,1569321059953,
 4.3414083,1569321060956,
 4.375775,1569321061971,
 4.3346477,1569321062955,
 4.024789,1569321063948,
 3.7391548,1569321064950,
 3.500845,1569321065952,
 3.7194366,1569321066951,
 4.164507,1569321067956,
 4.5819716,1569321068949,
 4.860845,1569321069951,
 4.9650702,1569321070947,
 4.9549294,1569321071953,
 4.9295774,1569321072953,
 4.9515495,1569321073953,
 4.9104223,1569321074950,
 4.7115493,1569321075955,
 4.4422536,1569321076956,
 4.296901,1569321077957,
 4.36169,1569321078948,
 4.4140844,1569321079968,
 4.326197,1569321080945,
 4.2304225,1569321081946,
 4.0169015,1569321082956,
 3.656338,1569321083953,
 3.4005635,1569321084944,
 3.1622536,1569321085945,
 3.0467606,1569321086943,
 3.0276055,1569321087950,
 3.5695775,1569321088961,
 3.9385915,1569321089962,
 4.167887,1569321090956,
 4.4676056,1569321091947,
 4.7261972,1569321092943,
 4.9628167,1569321093955,
 4.8597183,1569321094949,
 4.7160563,1569321095955,
 4.835493,1569321096945,
 4.949859,1569321097969,
 4.851831,1569321098949,
 4.672676,1569321099949,
 4.6061974,1569321100952,
 4.5295773,1569321101955,
 4.4630985,1569321102943,
 4.1532393,1569321103946,
 3.2011268,1569321104947,
 2.5712676,1569321105945,
 2.066479,1569321106946,
 2.3549297,1569321107952,
 2.580845,1569321108945,
 2.8039436,1569321109948,
 3.1160564,1569321110945,
 3.7690141,1569321111950,
 4.4450703,1569321112961,
 4.8569016,1569321113957,
 5.2394366,1569321114944,
 5.585352,1569321115967,
 5.7194366,1569321116950,
 5.6704226,1569321117951,
 5.4332395,1569321118948,
 5.2557745,1569321119949,
 4.989859,1569321120965,
 4.6377463,1569321121941,
 4.663662,1569321122946,
 4.6608453,1569321123948,
 4.494648,1569321124960,
 4.114366,1569321125951,
 3.2664788,1569321126945,
 2.9323943,1569321127945,
 2.5414085,1569321128938,
 2.5611267,1569321129941,
 2.5064788,1569321130942,
 2.3543663,1569321131954,
 2.2985916,1569321132943,
 3.002817,1569321133958,
 3.6822536,1569321134954,
 4.8191547,1569321135954,
 5.420845,1569321136946,
 5.820845,1569321137949,
 6.183662,1569321138955,
 6.508169,1569321139949,
 6.7532396,1569321140948,
 6.998873,1569321141944,
 6.8484507,1569321142944,
 6.463662,1569321143947,
 5.6169014,1569321144940,
 4.7960563,1569321145946,
 4.138592,1569321146939,
 3.7430985,1569321147941,
 3.9712677,1569321148943,
 4.27662,1569321149945,
 4.167324,1569321150944,
 3.970141,1569321151943,
 3.7774649,1569321152949,
 3.620845,1569321153943,
 3.3892958,1569321154953,
 2.797183,1569321155943,
 2.2580283,1569321156940,
 2.84,1569321157948,
 3.099155,1569321158945,
 3.5583098,1569321159947,
 4.011831,1569321160945,
 4.173521,1569321161937,
 4.419155,1569321162944,
 4.5616903,1569321163946,
 4.564507,1569321164938,
 4.3938026,1569321165952,
 3.675493,1569321166940,
 3.3025353,1569321167946,
 3.334648,1569321168944,
 3.7543662,1569321169944,
 4.0957747,1569321170945,
 4.4078875,1569321171941,
 4.675493,1569321172939,
 4.9859157,1569321173942,
 5.104789,1569321174948,
 5.152676,1569321175947,
 5.3639436,1569321176943,
 5.7211266,1569321177943,
 6.088451,1569321178948,
 6.0377464,1569321179942,
 5.7459154,1569321180959,
 5.5104227,1569321181947,
 5.2569013,1569321182950,
 4.975211,1569321183944,
 4.3588734,1569321184950,
 3.3723943,1569321185945,
 2.7380283,1569321186940,
 2.5447888,1569321187936,
 2.5774648,1569321188957,
 3.3498592,1569321189942,
 4.1267605,1569321190941,
 4.7442255,1569321191948,
 5.142535,1569321192945,
 5.51831,1569321193942,
 5.7667603,1569321194945,
 5.6495776,1569321195954,
 5.3932395,1569321196944,
 5.2107043,1569321197949,
 5.275493,1569321198946,
 5.4704227,1569321199945,
 5.4095774,1569321200943,
 5.182535,1569321201939,
 4.8529577,1569321202944,
 4.450141,1569321203947,
 3.644507,1569321204944,
 3.0259154,1569321205943,
 2.6343663,1569321206939,
 3.004507,1569321207938,
 3.580845,1569321208937,
 4.1121125,1569321209945,
 4.5740843,1569321210941,
 4.8050704,1569321211942,
 4.960563,1569321212943,
 5.1977463,1569321213945,
 5.3087325,1569321214943,
 5.2642255,1569321215951,
 5.0484505,1569321216946,
 4.9628167,1569321217946,
 5.019155,1569321218946,
 5.144225,1569321219940,
 5.0619717,1569321220944,
 4.8805633,1569321221948,
 4.618592,1569321222943,
 3.905352,1569321223946,
 3.543662,1569321224945,
 3.0676057,1569321225943,
 2.92,1569321226947,
 3.106479,1569321227949,
 3.4574647,1569321228944,
 3.9284508,1569321229982,
 4.3678875,1569321230944,
 4.6461973,1569321231944,
 4.92169,1569321232943,
 5.1267605,1569321233951,
 5.109296,1569321234949,
 4.865352,1569321235945,
 4.72169,1569321236944,
 4.7312675,1569321237939,
 4.6704226,1569321238942,
 4.7752113,1569321239946,
 4.795493,1569321240957,
 4.7650704,1569321241941,
 4.696338,1569321242953,
 4.431549,1569321243937,
 3.8811266,1569321244944,
 3.2721126,1569321245943,
 2.9205635,1569321246941,
 3.202817,1569321247936,
 3.5915494,1569321248978,
 4.436056,1569321249939,
 5.0332394,1569321250941,
 5.3352113,1569321251941,
 5.4332395,1569321252944,
 5.3577466,1569321253947,
 5.2230988,1569321254943,
 5.0907044,1569321255945,
 4.964507,1569321256946,
 4.850704,1569321257950,
 4.6507044,1569321258944,
 4.5430984,1569321259941,
 4.7087326,1569321260948,
 5.020282,1569321261948,
 5.1430984,1569321262942,
 4.9780283,1569321263949,
 3.9447887,1569321264947,
 3.4140844,1569321265938,
 2.9633803,1569321266980,
 2.5166197,1569321267936,
 2.552676,1569321268947,
 2.7104225,1569321269940,
 3.2338028,1569321270947,
 3.7892957,1569321271944,
 4.397183,1569321272946,
 5.1205635,1569321273948,
 5.7560563,1569321274950,
 6.060845,1569321275945,
 5.999437,1569321276951,
 5.7357745,1569321277944,
 5.317183,1569321278943,
 4.8833804,1569321279940,
 4.769014,1569321280943,
 4.7008452,1569321281947,
 4.4726763,1569321282942,
 4.1340847,1569321283947,
 3.3115492,1569321284952,
 2.5042253,1569321285948,
 2.2242253,1569321286951,
 1.9453521,1569321287946,
 1.6039437,1569321288939,
 1.2749295,1569321289941,
 1.8411268,1569321290946,
 2.143662,1569321291946,
 2.2907043,1569321292937,
 2.6884508,1569321293946,
 3.2563381,1569321294940,
 3.6585915,1569321295938,
 4.1205635,1569321296942,
 4.4670424,1569321297946,
 4.712113,1569321298941,
 4.8969016,1569321299938,
 4.895211,1569321300957,
 4.9267607,1569321301941,
 4.9177465,1569321302939,
 4.8794365,1569321303983,
 4.7357745,1569321304944,
 4.6715493,1569321305947,
 4.666479,1569321306939,
 4.5870423,1569321307945,
 4.4129577,1569321308943,
 3.8704226,1569321309939,
 3.0259154,1569321310940,
 2.5149295,1569321311940,
 2.294648,1569321312931,
 2.7650704,1569321313934,
 3.522817,1569321314943,
 4.4422536,1569321315939,
 5.0850706,1569321316945,
 5.491831,1569321317946,
 5.6270423,1569321318946,
 5.5994368,1569321319947,
 5.271549,1569321320948,
 4.8890142,1569321321949,
 4.6585917,1569321322943,
 4.451831,1569321323980,
 4.4540844,1569321324946,
 4.6602817,1569321325948,
 4.790986,1569321326945,
 4.697465,1569321327947,
 4.459718,1569321328939,
 4.2411265,1569321329947,
 3.875493,1569321330943,
 3.2264788,1569321331942,
 2.6433802,1569321332942,
 2.4529576,1569321333941,
 2.8642254,1569321334942,
 3.4940846,1569321335945,
 4.1859155,1569321336942,
 4.677183,1569321337941,
 4.8929577,1569321338949,
 4.9622536,1569321339938,
 4.8597183,1569321340945,
 4.7340846,1569321341940,
 4.5571833,1569321342936,
 4.406197,1569321343940,
 4.3447886,1569321344943,
 4.52507,1569321345939,
 4.71831,1569321346936,
 5.0856338,1569321347946,
 5.16,1569321348949,
 4.9538026,1569321349948,
 4.7014084,1569321350941,
 4.2760563,1569321351943,
 3.499155,1569321352942,
 2.967324,1569321353945,
 2.5430987,1569321354933,
 2.3977466,1569321355937,
 2.6298592,1569321356936,
 3.2878873,1569321357936,
 4.104789,1569321358941,
 4.5374646,1569321359947,
 4.900845,1569321360958,
 4.9814086,1569321361940,
 5.082817,1569321362947,
 5.0878873,1569321363940,
 4.9549294,1569321364954,
 4.7712674,1569321365947,
 4.8597183,1569321366952,
 4.870986,1569321367945,
 4.850704,1569321368938,
 4.787606,1569321369943,
 4.5774646,1569321370944,
 4.2056336,1569321371946,
 3.672676,1569321372943,
 3.1025352,1569321373942,
 2.5149295,1569321374943,
 2.9774647,1569321375937,
 3.717183,1569321376940,
 4.544225,1569321377945,
 4.8974648,1569321378946,
 5.0073237,1569321379937,
 4.916056,1569321380941,
 4.8850703,1569321381941,
 4.899155,1569321382934,
 4.9904227,1569321383938,
 5.0214086,1569321384980,
 5.1149297,1569321385938,
 5.420845,1569321386934,
 5.4912677,1569321387941,
 5.281127,1569321388944,
 4.988169,1569321389944,
 4.696338,1569321390943,
 4.2247887,1569321391942,
 3.6991549,1569321392938,
 3.195493,1569321393929,
 2.797183,1569321394930,
 2.5639436,1569321395930,
 2.4687324,1569321396927,
 3.0084507,1569321397935,
 3.6923943,1569321398941,
 4.1707044,1569321399940,
 4.663662,1569321400946,
 5.1216903,1569321401942,
 5.230986,1569321402997,
 5.2298594,1569321403949,
 5.0540843,1569321404942,
 4.961127,1569321405944,
 5.0219717,1569321406947,
 4.948169,1569321407950,
 5.087324,1569321408941,
 5.15831,1569321409940,
 5.094648,1569321410943,
 4.9138026,1569321411943,
 4.64,1569321412942,
 4.1070423,1569321413948,
 3.4467607,1569321414942,
 3.074366,1569321415939,
 3.4169014,1569321416939,
 3.8123944,1569321417937,
 4.336901,1569321418940,
 4.526197,1569321419939,
 4.682817,1569321420954,
 4.999437,1569321421933,
 5.221972,1569321422932,
 5.142535,1569321423936,
 5.1115494,1569321424940,
 5.2467604,1569321425943,
 5.2360563,1569321426940,
 5.2304225,1569321427936,
 5.381972,1569321428933,
 5.3278875,1569321429942,
 5.063662,1569321430938,
 4.806197,1569321431941,
 4.485634,1569321432935,
 3.3059156,1569321433934,
 2.9374647,1569321434930,
 2.406197,1569321435926,
 2.428169,1569321436926,
 2.7960563,1569321437934,
 3.4935212,1569321438935,
 4.341972,1569321439940,
 4.8523946,1569321440939,
 5.2507043,1569321441941,
 5.4422536,1569321442942,
 5.371831,1569321443941,
 5.192676,1569321444953,
 4.84169,1569321445937,
 4.656338,1569321446938,
 4.771831,1569321447935,
 5.132958,1569321448936,
 5.0850706,1569321449943,
 4.9521127,1569321450942,
 4.687324,1569321451942,
 4.3723946,1569321452940,
 3.8794367,1569321453940,
 3.4219718,1569321454941,
 2.9222536,1569321455936,
 2.6028168,1569321456936,
 3.0039437,1569321457937,
 3.4157746,1569321458934,
 3.88169,1569321459934,
 4.152676,1569321460930,
 4.371831,1569321461942,
 4.6061974,1569321462935,
 4.7352114,1569321463936,
 4.7695775,1569321464935,
 4.810704,1569321465934,
 4.8676057,1569321466928,
 5.047324,1569321467941,
 5.1701407,1569321468939,
 5.142535,1569321469940,
 4.9825354,1569321470942,
 4.9183097,1569321471940,
 4.8095775,1569321472936,
 4.3290143,1569321473932,
 3.6298592,1569321474931,
 3.2230985,1569321475933,
 2.6816902,1569321476930,
 2.7295775,1569321477928,
 3.0805633,1569321478931,
 3.6433802,1569321479937,
 4.144225,1569321480949,
 4.4422536,1569321481928,
 4.703099,1569321482930,
 4.8394365,1569321483990,
 4.84169,1569321484929,
 4.917183,1569321485945,
 4.779155,1569321486932,
 4.578028,1569321487935,
 4.545352,1569321488937,
 4.684507,1569321489929,
 5.0540843,1569321490929,
 5.141972,1569321491936,
 5.005634,1569321492936,
 4.7160563,1569321493934,
 4.3194366,1569321494937,
 3.7577465,1569321495927,
 3.2016902,1569321496932,
 2.757183,1569321497936,
 2.9521127,1569321498927,
 3.3785915,1569321499928,
 4.03831,1569321500928,
 4.3735213,1569321501940,
 4.6112676,1569321502927,
 4.9476056,1569321503932,
 5.2991548,1569321504929,
 5.6214085,1569321505929,
 5.7385917,1569321506926,
 5.524507,1569321507929,
 5.100845,1569321508930,
 5.0850706,1569321509933,
 5.365634,1569321510933,
 5.5166197,1569321511934,
 5.3476057,1569321512930,
 5.0022535,1569321513927,
 4.3059154,1569321514928,
 3.653521,1569321515933,
 3.0338027,1569321516927,
 3.1239436,1569321517927,
 3.527324,1569321518929,
 4.27831,1569321519930,
 4.863662,1569321520969,
 5.555493,1569321521928,
 6.1566195,1569321522927,
 6.1521125,1569321523926,
 5.832113,1569321524923,
 5.494648,1569321525932,
 5.2405634,1569321526933,
 5.2743664,1569321527933,
 5.218028,1569321528933,
 4.917183,1569321529933,
 5.0095773,1569321530935,
 4.9470425,1569321531932,
 4.6259155,1569321532929,
 3.9740846,1569321533931,
 3.2811267,1569321534926,
 2.7104225,1569321535925,
 3.1695774,1569321536929,
 3.6585915,1569321537927,
 4.3290143,1569321538927,
 5.078873,1569321539929,
 5.436056,1569321540942,
 5.6405635,1569321541936,
 5.656338,1569321542932,
 5.673803,1569321543930,
 5.5718307,1569321544929,
 5.3391547,1569321545933,
 5.4878874,1569321546930,
 5.559437,1569321547938,
 5.5374646,1569321548930,
 5.419155,1569321549936,
 5.152676,1569321550930,
 4.6016903,1569321551939,
 4.3346477,1569321552935,
 3.6619718,1569321553924,
 3.1498592,1569321554930,
 2.6439435,1569321555926,
 2.4642253,1569321556936,
 2.703662,1569321557928,
 3.4433804,1569321558931,
 4.3132396,1569321559937,
 4.7504225,1569321560938,
 5.133521,1569321561930,
 5.1216903,1569321562930,
 3.964507,1569321563933,
 2.2478874,1569321564933,
 0.3949296,1569321584940,
 1.4219718,1569321585934,
 2.2659154,1569321586932,
 2.7188733,1569321587936,
 3.237183,1569321588938,
 3.8185916,1569321589936,
 4.3876057,1569321590938,
 4.791549,1569321591939,
 5.0095773,1569321592935,
 5.0974646,1569321593933,
 5.450141,1569321594981,
 5.5707045,1569321595941,
 5.2377467,1569321596930,
 4.143662,1569321597931,
 3.4484508,1569321598932,
 2.8952112,1569321599933,
 3.1819718,1569321600949,
 3.7059155,1569321601931,
 4.545352,1569321602932,
 4.969014,1569321603935,
 5.2456336,1569321604932,
 5.4112678,1569321605939,
 5.3538027,1569321606939,
 5.2614083,1569321607932,
 5.1960564,1569321608931,
 4.9076056,1569321609935,
 4.7385917,1569321610938,
 4.8332396,1569321611940,
 4.941972,1569321612933,
 5.013521,1569321613949,
 5.063662,1569321614937,
 4.8647885,1569321615933,
 4.618028,1569321616931,
 3.9932394,1569321617931,
 3.1650705,1569321618934,
 2.659155,1569321619934,
 2.5633802,1569321620943,
 2.6940844,1569321621935,
 3.3267605,1569321622926,
 3.8907042,1569321623941,
 4.454648,1569321624932,
 4.855775,1569321625935,
 5.305352,1569321626929,
 5.6895776,1569321627933,
 5.6304226,1569321628936,
 5.386479,1569321629940,
 5.1712675,1569321630934,
 5.2585917,1569321631964,
 5.388169,1569321632942,
 5.3594365,1569321633934,
 5.090141,1569321634940,
 4.7008452,1569321635942,
 3.7149296,1569321636931,
 3.515493,1569321637931,
 3.1746478,1569321638927,
 3.0264788,1569321639927,
 3.7988732,1569321640926,
 3.6957746,1569321641933,
 3.886197,1569321642932,
 3.912676,1569321643932,
 3.7560563,1569321644922,
 2.5639436,1569321645931,
 2.0129578,1569321646930,
 2.1301408,1569321647928,
 2.5109859,1569321648928,
 2.80169,1569321649924,
 3.383662,1569321650943,
 3.8450704,1569321651924,
 4.1656337,1569321652924,
 4.5504227,1569321653926,
 4.895775,1569321654924,
 5.0816903,1569321655926,
 5.430986,1569321656923,
 5.88169,1569321657924,
 6.2101407,1569321658927,
 6.445634,1569321659933,
 6.261972,1569321660946,
 6.0732393,1569321661932,
 5.8529577,1569321662929,
 5.701972,1569321663930,
 5.5369015,1569321664931,
 5.336338,1569321665935,
 4.0771832,1569321666933,
 3.8259156,1569321667940,
 3.9735212,1569321668927,
 4.5661974,1569321669936,
 5.093521,1569321670939,
 5.3149295,1569321671941,
 5.2788734,1569321672934,
 5.1002817,1569321673928,
 4.8388734,1569321674932,
 3.593803,1569321675932,
 2.7633803,1569321676932,
 2.2935212,1569321677936,
 2.4552112,1569321678927,
 3.0315492,1569321679937,
 3.4247887,1569321680930,
 3.3780282,1569321681931,
 3.487324,1569321682931,
 3.4546478,1569321683923,
 4.2,1569321684922,
 4.84169,1569321685930,
 5.0777464,1569321686936,
 5.5977464,1569321687937,
 4.5566196,1569321688958,
 5.647887,1569321689929,
 5.9819717,1569321690928,
 5.371831,1569321691923,
 5.029296,1569321692923,
 4.618028,1569321693933,
 4.1340847,1569321694926,
 3.8749297,1569321695926,
 3.9960563,1569321696933,
 4.326761,1569321697934,
 4.693521,1569321698934,
 5.0028167,1569321699933,
 5.1661973,1569321700931,
 5.0923944,1569321701935,
 5.1216903,1569321702921,
 5.2050705,1569321703932,
 5.2422533,1569321704922,
 5.194366,1569321705928,
 4.980845,1569321706925,
 4.781972,1569321707929,
 4.543662,1569321708930,
 3.9160564,1569321709933,
 2.929014,1569321710932,
 2.390986,1569321711928,
 2.1042254,1569321712932,
 2.5447888,1569321713930,
 3.2839437,1569321714931,
 3.7853522,1569321715934,
 4.202817,1569321716932,
 4.500282,1569321717931,
 4.7515492,1569321718929,
 4.8084507,1569321719933,
 4.7847886,1569321720945,
 4.806761,1569321721927,
 4.806197,1569321722928,
 4.8276057,1569321723936,
 4.885634,1569321724932,
 5.0614085,1569321725930,
 5.233803,1569321726930,
 5.0574646,1569321727931,
 4.7205634,1569321728934,
 3.5459156,1569321729927,
 3.0230987,1569321730935,
 2.463662,1569321731936,
 2.4152112,1569321732932,
 3.3712676,1569321733935,
 3.91831,1569321734933,
 4.129014,1569321735930,
 4.0129576,1569321736929,
 3.712676,1569321737935,
 3.2191548,1569321738928,
 3.0422535,1569321739935,
 3.1374648,1569321740932,
 3.465352,1569321741927,
 3.6276057,1569321742921,
 3.9549296,1569321743930,
 4.3538027,1569321744937,
 4.28,1569321745930,
 4.0856338,1569321746921,
 3.597183,1569321747923,
 3.3121126,1569321748929,
 3.1087325,1569321749926,
 3.9532394,1569321750937,
 4.1070423,1569321751929,
 3.7019718,1569321752941,
 3.4878874,1569321753930,
 4.522817,1569321754921,
 4.979718,1569321755932,
 4.5532393,1569321756921,
 4.5769014,1569321757923,
 4.712676,1569321758926,
 4.835493,1569321759932,
 4.9921126,1569321760930,
 4.971831,1569321761935,
 4.7712674,1569321762940,
 4.5380282,1569321763938,
 4.3030987,1569321764938,
 4.0619717,1569321765940,
 3.8557746,1569321766937,
 3.6523943,1569321767939,
 3.1921127,1569321768995,
 2.8653522,1569321769933,
 2.727324,1569321770932,
 3.353803,1569321771933,
 4.3357744,1569321772934,
 4.830986,1569321773938,
 4.8591547,1569321774937,
 4.84169,1569321775935,
 4.6653523,1569321776932,
 4.5329576,1569321777932,
 3.5149295,1569321778935,
 2.8360562,1569321779939,
 2.656338,1569321780948,
 2.8794367,1569321781938,
 3.262535,1569321782931,
 3.5222535,1569321783927,
 3.522817,1569321784927,
 3.748169,1569321785923,
 4.005634,1569321786917,
 4.193803,1569321787964,
 4.3588734,1569321788924,
 4.456338,1569321789923,
 4.4242253,1569321790925,
 4.256338,1569321791932,
 5.9076056,1569321792927,
 5.267042,1569321793928,
 5.08338,1569321794930,
 4.9295774,1569321795928,
 4.28,1569321796931,
 3.5132394,1569321797927,
 3.0969014,1569321798929,
 2.989859,1569321799933,
 2.755493,1569321800929,
 2.6721127,1569321801931,
 3.0287323,1569321802947,
 3.633803,1569321803935,
 4.2169013,1569321804927,
 4.7346478,1569321805980,
 5.145352,1569321806930,
 5.337465,1569321807932,
 5.2157745,1569321808935,
 5.038873,1569321809937,
 4.802817,1569321810932,
 4.6157746,1569321811929,
 4.6969013,1569321812933,
 4.612958,1569321813932,
 4.4281693,1569321814941,
 4.0574646,1569321815934,
 3.4011269,1569321816931,
 3.0659156,1569321817929,
 2.6360564,1569321818931,
 2.6366198,1569321819928,
 3.1707041,1569321820942,
 3.8253522,1569321821937,
 4.3583097,1569321822924,
 4.5239434,1569321823947,
 4.506479,1569321824931,
 4.861972,1569321825931,
 5.2569013,1569321826931,
 5.509859,1569321827930,
 5.6952114,1569321828929,
 5.696338,1569321829924,
 5.5876055,1569321830928,
 5.485634,1569321831930,
 5.172958,1569321832932,
 4.869859,1569321833929,
 4.588169,1569321834926,
 3.3830986,1569321835933,
 2.927324,1569321836928,
 2.4112675,1569321837936,
 2.3966198,1569321838928,
 3.2315493,1569321839928,
 3.7447886,1569321840934,
 4.1340847,1569321841922,
 4.2169013,1569321842941,
 3.7605634,1569321843926,
 3.2338028,1569321844926,
 3.0630987,1569321845927,
 3.1611269,1569321846925,
 3.5538027,1569321847921,
 3.900845,1569321848919,
 4.123944,1569321849921,
 4.177465,1569321850924,
 4.0,1569321851918,
 3.665352,1569321852922,
 3.284507,1569321853922,
 3.0230987,1569321854926,
 2.9425352,1569321855925,
 3.3380282,1569321856932,
 3.7098591,1569321857928,
 3.8698592,1569321858926,
 4.059718,1569321859928,
 4.4022536,1569321860918,
 4.545352,1569321861957,
 4.0484505,1569321862911,
 3.4850705,1569321863918,
 3.6292958,1569321864914,
 3.7284508,1569321865919,
 4.124507,1569321866915,
 4.4332395,1569321867916,
 4.7498593,1569321868933,
 4.941972,1569321869924,
 4.8602815,1569321870926,
 4.6366196,1569321871927,
 4.5419717,1569321872926,
 4.4422536,1569321873926,
 4.0602818,1569321874928,
 3.5121126,1569321875929,
 3.1002817,1569321876928,
 2.770141,1569321877927,
 3.1098592,1569321878928,
 3.925634,1569321879927,
 4.0957747,1569321880918,
 4.2022533,1569321881924,
 4.3138027,1569321882968,
 4.365634,1569321883928,
 4.2749295,1569321884929,
 3.856338,1569321885929,
 3.3515494,1569321886930,
 2.8766198,1569321887933,
 2.7661972,1569321888930,
 3.0270422,1569321889925,
 3.0230987,1569321890931,
 3.0383098,1569321891916,
 3.1447887,1569321892913,
 3.4585915,1569321893919,
 3.7149296,1569321894917,
 3.9532394,1569321895917,
 4.138028,1569321896922,
 4.562817,1569321897928,
 3.5261972,1569321898916,
 5.0952115,1569321899924,
 5.5994368,1569321900984,
 5.7014084,1569321901925,
 5.6907043,1569321902920,
 5.091831,1569321903916,
 4.39662,1569321904915,
 4.064225,1569321905921,
 4.1109858,1569321906927,
 4.4135213,1569321907926,
 4.555493,1569321908923,
 4.737465,1569321909918,
 4.943662,1569321910922,
 5.1847887,1569321911926,
 5.4383097,1569321912926,
 5.6653523,1569321913926,
 5.611831,1569321914923,
 5.396056,1569321915928,
 5.1476054,1569321916924,
 4.909859,1569321917928,
 4.575211,1569321918922,
 3.992676,1569321919963,
 3.3414085,1569321920922,
 2.4676056,1569321921918,
 2.2185915,1569321922927,
 2.7633803,1569321923927,
 3.771831,1569321924925,
 4.5414085,1569321925926,
 5.0816903,1569321926926,
 5.3938026,1569321927919,
 5.748169,1569321928927,
 6.039437,1569321929925,
 6.305352,1569321930927,
 6.518873,1569321931925,
 6.325634,1569321932926,
 6.0907044,1569321933931,
 5.7267604,1569321934924,
 5.3476057,1569321935923,
 4.176338,1569321936916,
 3.5960562,1569321938001,
 2.8360562,1569321938921,
 2.4957747,1569321939923,
 2.6388733,1569321940918,
 3.2287323,1569321941918,
 4.033803,1569321942920,
 4.2405634,1569321943920,
 4.0811267,1569321944925,
 3.7943661,1569321945919,
 3.7436619,1569321946926,
 4.20338,1569321947923,
 4.5171833,1569321948920,
 4.8495774,1569321949914,
 4.8940845,1569321950923,
 4.5560565,1569321951920,
 3.752676,1569321952914,
 3.539155,1569321953920,
 3.272676,1569321954913,
 3.265352,1569321955919,
 3.8704226,1569321956916,
 4.1814084,1569321957927,
 3.3780282,1569321958922,
 4.851268,1569321959926,
 4.7769012,1569321960937,
 4.4495773,1569321961915,
 3.922817,1569321962908,
 3.856338,1569321963915,
 4.286197,1569321964917,
 4.779155,1569321965916,
 5.2822537,1569321966926,
 5.4129577,1569321967923,
 5.258028,1569321968924,
 5.010704,1569321969924,
 4.7092957,1569321970920,
 4.4788733,1569321971925,
 3.675493,1569321972925,
 2.8354928,1569321973919,
 2.644507,1569321974922,
 2.36169,1569321975930,
 2.571831,1569321976925,
 2.8884506,1569321977925,
 3.1870422,1569321978921,
 3.0687325,1569321979921,
 2.8039436,1569321980921,
 2.8321128,1569321981925,
 3.1566198,1569321982922,
 3.2608452,1569321983923,
 3.1960564,1569321984925,
 3.4230986,1569321985922,
 3.4039438,1569321986926,
 3.1622536,1569321987940,
 3.1966197,1569321988922,
 3.2095776,1569321989919,
 3.014648,1569321990922,
 2.8957746,1569321991923,
 2.8828168,1569321992920,
 2.9876056,1569321993917,
 3.388169,1569321994955,
 3.7797184,1569321995928,
 4.2495775,1569321996913,
 4.5825353,1569321997922,
 4.783662,1569321998920,
 5.0478873,1569321999920,
 5.153803,1569322000919,
 5.134648,1569322001925,
 5.345352,1569322002924,
 5.3740845,1569322003920,
 5.2343664,1569322004918,
 4.9577465,1569322005928,
 4.444507,1569322006926,
 3.7560563,1569322007922,
 3.2704225,1569322008914,
 2.7357748,1569322009912,
 2.5504224,1569322010908,
 2.4749296,1569322011913,
 2.8428168,1569322012966,
 3.5402818,1569322013932,
 3.8771832,1569322014923,
 4.2760563,1569322015925,
 4.380282,1569322016921,
 4.2259154,1569322017924,
 4.0467606,1569322018922,
 4.2298594,1569322019933,
 4.4225354,1569322020936,
 4.4783096,1569322021923,
 4.3323946,1569322022923,
 4.1797185,1569322023928,
 4.337465,1569322024929,
 4.4614086,1569322025930,
 4.4276056,1569322026922,
 4.2287326,1569322027925,
 3.5307043,1569322028941,
 2.7729578,1569322029923,
 2.4461973,1569322030919,
 2.5876057,1569322031923,
 3.2997184,1569322032921,
 4.0028167,1569322033920,
 4.48507,1569322034916,
 4.6822534,1569322035923,
 4.750986,1569322036916,
 4.7515492,1569322037921,
 4.6569014,1569322038923,
 4.7515492,1569322039929,
 4.724507,1569322040919,
 4.8569016,1569322041925,
 4.9921126,1569322042923,
 4.9667606,1569322043920,
 5.0219717,1569322044922,
 4.9222536,1569322045920,
 4.385352,1569322046922,
 3.6794367,1569322047912,
 3.2287323,1569322048917,
 2.76,1569322049912,
 2.5402818,1569322050910,
 2.445634,1569322051917,
 3.0805633,1569322052923,
 3.8028169,1569322053916,
 4.2614083,1569322054919,
 4.623662,1569322055923,
 4.9323945,1569322056923,
 4.9335213,1569322057924,
 4.773521,1569322058914,
 4.598873,1569322059923,
 4.608451,1569322060925,
 4.7746477,1569322061923,
 4.8078876,1569322062920,
 4.8529577,1569322063916,
 4.9284506,1569322064926,
 4.84169,1569322065920,
 4.534648,1569322066919,
 3.7492957,1569322067921,
 2.9791548,1569322068951,
 2.3785915,1569322069918,
 2.2659154,1569322070918,
 3.037183,1569322071919,
 4.2569013,1569322072919,
 4.7487326,1569322073924,
 4.9104223,1569322074923,
 4.9859157,1569322075927,
 5.096338,1569322076914,
 5.153803,1569322077923,
 5.054648,1569322078920,
 4.766197,1569322079924,
 4.4259157,1569322080931,
 4.3295774,1569322081919,
 4.4642253,1569322082921,
 4.699155,1569322083935,
 4.8794365,1569322084926,
 5.0123944,1569322085917,
 5.004507,1569322086917,
 4.79831,1569322087911,
 4.3357744,1569322088911,
 3.406197,1569322089913,
 2.7261972,1569322090910,
 2.4129577,1569322091913,
 2.3087325,1569322092908,
 2.2704225,1569322093916,
 3.4214084,1569322094914,
 4.6247888,1569322095918,
 5.2259154,1569322096923,
 5.5785913,1569322097921,
 5.7430987,1569322098920,
 5.772394,1569322099919,
 5.47493,1569322100918,
 5.209014,1569322101920,
 4.8647885,1569322102914,
 4.647887,1569322103922,
 4.5414085,1569322104917,
 4.6557746,1569322105913,
 4.657465,1569322106916,
 4.647887,1569322107917,
 4.3588734,1569322108921,
 4.099155,1569322109926,
 3.6259155,1569322110918,
 3.1042254,1569322111915,
 2.734648,1569322112923,
 3.2478874,1569322113910,
 3.4371831,1569322114911,
 3.7583098,1569322115913,
 3.9385915,1569322116911,
 4.362817,1569322117920,
 4.6907043,1569322118926,
 4.8704224,1569322119922,
 4.8833804,1569322120921,
 4.9678874,1569322121924,
 4.9859157,1569322122915,
 4.84169,1569322123916,
 4.7092957,1569322124914,
 4.826479,1569322125934,
 4.8478875,1569322126914,
 4.8338027,1569322127916,
 4.9267607,1569322128921,
 4.900845,1569322129919,
 4.7256336,1569322130911,
 4.420845,1569322131907,
 3.3971832,1569322132906,
 3.007324,1569322133905,
 2.5656338,1569322134904,
 2.4963381,1569322135907,
 2.7780282,1569322136911,
 3.3188732,1569322137910,
 4.1256337,1569322138918,
 4.588169,1569322139924,
 5.207324,1569322140929,
 5.850704,1569322141925,
 5.8495774,1569322142922,
 5.6585917,1569322143919,
 5.388169,1569322144910,
 5.1797185,1569322145908,
 5.148732,1569322146920,
 5.5633802,1569322147914,
 5.6647887,1569322148912,
 5.459718,1569322149915,
 5.1476054,1569322150917,
 4.8292956,1569322151922,
 4.421972,1569322152912,
 3.776338,1569322153920,
 3.3577464,1569322154918,
 2.9616902,1569322155914,
 3.2670422,1569322156913,
 4.029859,1569322157919,
 4.518873,1569322158917,
 4.910986,1569322159921,
 5.1667604,1569322160909,
 5.375775,1569322161915,
 5.3143663,1569322162920,
 5.2005634,1569322163918,
 5.068169,1569322164912,
 4.970704,1569322165916,
 4.7830987,1569322166912,
 3.940845,1569322167940,
 2.9611268,1569322168912,
 2.8788733,1569322169919,
 3.0180283,1569322170915,
 3.1560564,1569322171916,
 3.5966196,1569322172913,
 3.8354928,1569322173912,
 4.2095776,1569322174908,
 4.6067605,1569322175926,
 4.9030986,1569322176912,
 4.964507,1569322177922,
 4.944789,1569322178918,
 4.83662,1569322179918,
 4.024789,1569322180918,
 3.4619718,1569322181925,
 3.296338,1569322182920,
 3.24,1569322183921,
 2.9909859,1569322184919,
 3.0625353,1569322185911,
 2.9160564,1569322186943,
 2.7121127,1569322187927,
 2.7983098,1569322188922,
 3.0833802,1569322189938,
 3.2867606,1569322190921,
 3.72,1569322191920,
 4.0467606,1569322192918,
 4.3092957,1569322193924,
 4.4985914,1569322194920,
 4.6957746,1569322195921,
 4.6332393,1569322196913,
 4.3290143,1569322197921,
 3.6997182,1569322198918,
 3.1419718,1569322199924,
 2.8405633,1569322200927,
 2.9402816,1569322201923,
 3.2512677,1569322202915,
 2.7988732,1569322203905,
 1.9971831,1569322204911,
 1.7295774,1569322205970,
 1.5515493,1569322206917,
 1.4107043,1569322207916,
 1.3115493,1569322208918,
 1.2292957,1569322209916,
 1.1684507,1569322210918,
 1.3661972,1569322211923,
 1.9194366,1569322212915,
 2.762817,1569322213922,
 3.4935212,1569322214915,
 4.2552114,1569322215919,
 4.935211,1569322216918,
 5.28169,1569322217926,
 5.51831,1569322218920,
 5.564507,1569322219924,
 5.460845,1569322220918,
 5.36169,1569322221918,
 5.244507,1569322222920,
 4.451831,1569322223954,
 3.7216902,1569322224922,
 2.8878872,1569322225915,
 2.2563381,1569322226922,
 1.7735212,1569322227918,
 1.4642254,1569322228918,
 2.2580283,1569322229923,
 2.8805635,1569322230921,
 2.891831,1569322231920,
 3.1329577,1569322232914,
 3.5059154,1569322233920,
 3.8507042,1569322234923,
 4.2867603,1569322235924,
 4.6315494,1569322236911,
 4.940282,1569322237920,
 4.979155,1569322238917,
 4.710986,1569322239911,
 3.6940844,1569322240910,
 3.3543663,1569322241914,
 3.2552114,1569322242954,
 3.262535,1569322243909,
 3.4721127,1569322244914,
 3.7605634,1569322245917,
 4.2298594,1569322246917,
 4.4022536,1569322247917,
 4.3650703,1569322248915,
 4.2422533,1569322249919,
 3.3121126,1569322250913,
 2.9847887,1569322251915,
 2.7098591,1569322252921,
 2.8259156,1569322253917,
 2.8354928,1569322254909,
 3.3943663,1569322255921,
 3.522817,1569322256916,
 3.811831,1569322257905,
 4.287887,1569322258908,
 4.308169,1569322259906,
 4.4783096,1569322260924,
 5.024789,1569322261914,
 4.9076056,1569322262934,
 2.9538028,1569322263914,
 5.83831,1569322264906,
 5.7132397,1569322265908,
 5.463662,1569322266911,
 5.0405636,1569322267904,
 4.5650706,1569322268906,
 3.7194366,1569322269916,
 3.4377465,1569322270913,
 3.6878874,1569322271914,
 4.127324,1569322272914,
 4.371268,1569322273912,
 4.5960565,1569322274916,
 4.88169,1569322275912,
 5.1650705,1569322276917,
 5.4512677,1569322277921,
 5.7205634,1569322278922,
 5.7949295,1569322279919,
 5.6360564,1569322280943,
 5.3859153,1569322281915,
 5.1369014,1569322282920,
 4.419155,1569322283914,
 3.9870422,1569322284918,
 3.392676,1569322285917,
 2.6597183,1569322286913,
 2.419155,1569322287913,
 2.44,1569322288915,
 2.7909858,1569322289920,
 3.3622534,1569322290917,
 3.8523943,1569322291915,
 4.3577466,1569322292912,
 4.710986,1569322293914,
 5.053521,1569322294909,
 5.3098593,1569322295918,
 5.5211267,1569322296920,
 5.36,1569322297916,
 5.4112678,1569322298912,
 5.460845,1569322299928,
 5.2788734,1569322300913,
 5.0067606,1569322301911,
 4.7261972,1569322302908,
 4.3177466,1569322303915,
 3.442817,1569322304916,
 2.8653522,1569322305909,
 2.3566198,1569322306913,
 2.4242253,1569322307915,
 3.1312675,1569322308910,
 4.0569015,1569322309909,
 4.3087325,1569322310906,
 4.16,1569322311921,
 3.5470424,1569322312907,
 3.0585916,1569322313912,
 2.9430985,1569322314919,
 3.0242252,1569322315910,
 3.4174647,1569322316908,
 3.875493,1569322317917,
 4.2659154,1569322318909,
 4.562817,1569322319913,
 4.4540844,1569322320926,
 3.649014,1569322321907,
 3.4614084,1569322322910,
 3.1712675,1569322323903,
 3.0884507,1569322324905,
 3.1380281,1569322325915,
 3.6321127,1569322326913,
 3.4230986,1569322327913,
 3.896338,1569322328914,
 4.2653522,1569322329911,
 4.3780284,1569322330907,
 4.2569013,1569322331903,
 3.8242254,1569322332904,
 3.7943661,1569322333904,
 3.906479,1569322334896,
 3.931831,1569322335905,
 4.033803,1569322336949,
 4.340845,1569322337911,
 4.6552114,1569322338919,
 4.732958,1569322339908,
 4.7149296,1569322340904,
 4.7639437,1569322341903,
 4.637183,1569322342905,
 3.7938027,1569322343913,
 3.049014,1569322344907,
 2.7695775,1569322345905,
 2.4101408,1569322346904,
 2.371831,1569322347910,
 2.581972,1569322348906,
 2.844507,1569322349914,
 3.6816902,1569322350910,
 4.096338,1569322351913,
 4.380845,1569322352901,
 4.3577466,1569322353909,
 4.306479,1569322354907,
 4.287887,1569322355941,
 4.078873,1569322356913,
 3.7994366,1569322357908,
 3.543662,1569322358912,
 3.1025352,1569322359908,
 3.0129578,1569322360910,
 2.9521127,1569322361917,
 3.091831,1569322362912,
 4.0805635,1569322363909,
 4.3549294,1569322364915,
 4.589296,1569322365915,
 4.9323945,1569322366916,
 5.078873,1569322367918,
 5.0461974,1569322368919,
 5.0405636,1569322369913,
 5.2107043,1569322370915,
 5.181972,1569322371908,
 5.247324,1569322372907,
 5.2957745,1569322373950,
 5.2022533,1569322374906,
 4.950986,1569322375916,
 4.382535,1569322376905,
 3.6523943,1569322377900,
 3.0467606,1569322378903,
 2.6805634,1569322379906,
 2.5261972,1569322380914,
 2.6146479,1569322381904,
 3.3228168,1569322382915,
 3.868169,1569322383914,
 4.3887324,1569322384907,
 4.727887,1569322385912,
 5.016338,1569322386912,
 5.096338,1569322387914,
 4.952676,1569322388911,
 4.827042,1569322389911,
 4.828169,1569322390908,
 4.9588733,1569322391912,
 5.263662,1569322392906,
 5.2760563,1569322393912,
 5.169014,1569322394911,
 4.884507,1569322395912,
 4.4174647,1569322396911,
 3.6456337,1569322397917,
 3.087324,1569322398913,
 2.5769014,1569322399910,
 2.5712676,1569322400913,
 3.0529578,1569322401912,
 4.0157747,1569322402912,
 4.7346478,1569322403908,
 5.0129576,1569322404911,
 5.221972,1569322405917,
 5.2298594,1569322406910,
 5.0777464,1569322407913,
 4.9369016,1569322408912,
 5.064789,1569322409908,
 5.2287326,1569322410906,
 5.2011266,1569322411911,
 5.0940847,1569322412917,
 5.103662,1569322413975,
 5.1470423,1569322414908,
 5.0084505,1569322415911,
 4.514366,1569322416907,
 3.7797184,1569322417899,
 3.2276056,1569322418902,
 2.6766198,1569322419889,
 2.583662,1569322420900,
 2.7667606,1569322421897,
 3.2078874,1569322422908,
 3.597183,1569322423904,
 4.051831,1569322424903,
 4.6,1569322425908,
 5.0974646,1569322426906,
 5.3780284,1569322427908,
 5.4,1569322428913,
 5.2456336,1569322429904,
 5.0140843,1569322430905,
 4.851268,1569322431905,
 5.105352,1569322432900,
 5.2546477,1569322433912,
 5.1802816,1569322434911,
 4.945352,1569322435914,
 4.6276054,1569322436911,
 3.8107042,1569322437911,
 3.2304225,1569322438911,
 2.7847888,1569322439909,
 3.0822535,1569322440921,
 3.5954928,1569322441907,
 4.376338,1569322442911,
 4.871549,1569322443910,
 5.100845,1569322444908,
 5.296901,1569322445912,
 5.535211,1569322446913,
 5.6214085,1569322447903,
 5.4495773,1569322448905,
 5.108732,1569322449906,
 5.1025352,1569322450905,
 5.2805634,1569322451923,
 5.138592,1569322452916,
 4.895775,1569322453912,
 4.604507,1569322454903,
 4.039437,1569322455910,
 3.2783098,1569322456902,
 2.8028169,1569322457901,
 2.3870423,1569322458898,
 2.36169,1569322459892,
 2.604507,1569322460894,
 3.1847887,1569322461894,
 3.868169,1569322462902,
 4.364507,1569322463911,
 4.72,1569322464910,
 5.0225353,1569322465914,
 5.0957747,1569322466916,
 4.906479,1569322467909,
 4.8045073,1569322468910,
 4.6766195,1569322469941,
 4.876056,1569322470910,
 4.76338,1569322471909,
 4.68169,1569322472903,
 4.6749296,1569322473909,
 4.696338,1569322474917,
 4.558873,1569322475916,
 4.3459153,1569322476909,
 3.8253522,1569322477906,
 3.106479,1569322478909,
 2.884507,1569322479906,
 3.284507,1569322480903,
 3.9797182,1569322481911,
 4.6867604,1569322482904,
 4.994366,1569322483910,
 5.277183,1569322484908,
 5.4033804,1569322485909,
 5.4878874,1569322486904,
 5.4670424,1569322487909,
 5.36,1569322488921,
 5.494648,1569322489910,
 5.544789,1569322490898,
 5.4377465,1569322491903,
 5.1847887,1569322492909,
 4.8974648,1569322493907,
 4.4304223,1569322494900,
 3.509859,1569322495893,
 2.9943662,1569322496888,
 2.546479,1569322497891,
 2.3160563,1569322498893,
 2.5183098,1569322499895,
 3.2507043,1569322500908,
 4.138592,1569322501899,
 4.741972,1569322502902,
 5.1701407,1569322503903,
 5.466479,1569322504913,
 5.4428167,1569322505908,
 5.1842256,1569322506911,
 5.0304227,1569322507909,
 5.034366,1569322508903,
 5.0033803,1569322509907,
 5.2569013,1569322510907,
 5.3639436,1569322511913,
 5.322817,1569322512906,
 5.0478873,1569322513911,
 4.1509857,1569322514910,
 3.2732394,1569322515915,
 2.6760564,1569322516906,
 2.580845,1569322517914,
 3.0614085,1569322518906,
 3.5070422,1569322519907,
 4.0033803,1569322520913,
 4.287324,1569322521928,
 4.4985914,1569322522908,
 4.718873,1569322523912,
 5.0095773,1569322524907,
 5.08338,1569322525904,
 4.989859,1569322526910,
 4.9667606,1569322527904,
 5.123944,1569322528900,
 5.1166196,1569322529909,
 5.0985913,1569322530899,
 5.038873,1569322531906,
 4.9194365,1569322532905,
 4.6495776,1569322533901,
 4.11831,1569322534892,
 3.623662,1569322535889,
 3.1814084,1569322536889,
 2.7588732,1569322537887,
 2.406197,1569322538887,
 2.4923944,1569322539890,
 3.183662,1569322540900,
 4.0749297,1569322541904,
 4.604507,1569322542907,
 4.96,1569322543907,
 5.260845,1569322544907,
 5.2653522,1569322545903,
 5.138592,1569322546905,
 4.8929577,1569322547909,
 4.5571833,1569322548903,
 4.496338,1569322549901,
 4.7087326,1569322550904,
 4.861408,1569322551904,
 4.971831,1569322552901,
 5.0366197,1569322553909,
 4.827042,1569322554905,
 4.6050706,1569322555907,
 4.1104226,1569322556910,
 3.4371831,1569322557902,
 2.8214085,1569322558904,
 2.6405635,1569322559905,
 2.7983098,1569322560913,
 3.2805634,1569322561909,
 3.9684508,1569322562917,
 4.253521,1569322563905,
 4.5487323,1569322564939,
 4.8304224,1569322565907,
 5.0214086,1569322566906,
 5.084507,1569322567905,
 5.209014,1569322568906,
 5.4777465,1569322569903,
 5.656338,1569322570904,
 5.7695775,1569322571913,
 5.7830987,1569322572904,
 5.5233803,1569322573907,
 5.1921124,1569322574905,
 4.684507,1569322575901,
 3.7988732,1569322576889,
 3.178028,1569322577890,
 2.6433802,1569322578891,
 2.262535,1569322579887,
 2.1892958,1569322580886,
 2.529014,1569322581887,
 3.1949296,1569322582927,
 3.8614085,1569322583902,
 4.3329577,1569322584900,
 4.7667603,1569322585906,
 5.105352,1569322586909,
 5.1532393,1569322587903,
 4.9966197,1569322588901,
 4.780845,1569322589908,
 4.6749296,1569322590915,
 4.5718307,1569322591903,
 4.6163383,1569322592898,
 4.8157744,1569322593906,
 4.9087324,1569322594909,
 4.9830985,1569322595912,
 4.810704,1569322596903,
 4.1312675,1569322597904,
 3.232676,1569322598912,
 2.9419718,1569322599904,
 2.7549295,1569322600905,
 3.2687323,1569322601944,
 3.1825352,1569322602900,
 3.0467606,1569322603909,
 3.1723943,1569322604908,
 3.3447888,1569322605902,
 3.3498592,1569322606903,
 3.2343662,1569322607905,
 3.0501409,1569322608906,
 2.5307043,1569322609902,
 2.0056338,1569322610900,
 1.952676,1569322611906,
 2.096338,1569322612907,
 2.2292957,1569322613906,
 2.3797183,1569322614905,
 2.9661973,1569322615904,
 3.1864789,1569322616903,
 3.4377465,1569322617899,
 3.6749296,1569322618921,
 3.8901408,1569322619902,
 3.9892957,1569322620919,
 3.9830985,1569322621898,
 4.2484508,1569322622905,
 4.5504227,1569322623908,
 4.6715493,1569322624897,
 4.861408,1569322625902,
 4.8642254,1569322626907,
 4.813521,1569322627900,
 4.7177463,1569322628900,
 4.0371833,1569322629900,
 3.386479,1569322630899,
 2.6507041,1569322631911,
 2.268169,1569322632908,
 2.2794366,1569322633908,
 2.6157746,1569322634915,
 2.9960563,1569322635905,
 3.2405634,1569322636910,
 3.6597183,1569322637909,
 4.030986,1569322638901,
 4.315493,1569322639896,
 4.287887,1569322640901,
 4.1898594,1569322641908,
 4.056338,1569322642906,
 4.2242255,1569322643907,
 4.370141,1569322644902,
 4.499718,1569322645901,
 4.6078873,1569322646904,
 4.5611267,1569322647904,
 4.51831,1569322648892,
 4.275493,1569322649895,
 3.8338027,1569322650880,
 3.3830986,1569322651886,
 3.0304224,1569322652885,
 2.5780282,1569322653892,
 2.2794366,1569322654978,
 2.5870423,1569322655891,
 3.2140846,1569322656891,
 3.8878872,1569322657885,
 4.3769016,1569322658891,
 4.717183,1569322659895,
 4.8985915,1569322660901,
 4.8343663,1569322661901,
 4.776338,1569322662901,
 4.589859,1569322663903,
 4.490704,1569322664907,
 4.5374646,1569322665904,
 4.76,1569322666897,
 4.7132397,1569322667903,
 4.565634,1569322668895,
 4.4095774,1569322669897,
 4.0630984,1569322670898,
 3.5898592,1569322671893,
 3.0952113,1569322672915,
 3.5492957,1569322673899,
 3.6473238,1569322674901,
 3.4597182,1569322675903,
 3.3374648,1569322676900,
 3.3109858,1569322677897,
 3.9797182,1569322678902,
 4.738028,1569322679895,
 4.912676,1569322680910,
 4.8343663,1569322681898,
 4.543662,1569322682892,
 4.5278873,1569322683897,
 4.5650706,1569322684896,
 4.703662,1569322685905,
 4.9228168,1569322686901,
 5.0850706,1569322687901,
 5.0912676,1569322688896,
 4.8732395,1569322689892,
 4.6,1569322690892,
 4.336901,1569322691973,
 3.7870421,1569322692888,
 3.2377465,1569322693888,
 2.6197183,1569322694889,
 2.4107041,1569322695892,
 2.3278873,1569322696898,
 2.3971832,1569322697895,
 2.6698592,1569322698900,
 3.1149297,1569322699902,
 3.8338027,1569322700892,
 4.5487323,1569322701896,
 4.9971833,1569322702893,
 5.416338,1569322703897,
 5.5819716,1569322704899,
 5.419155,1569322705893,
 5.266479,1569322706899,
 4.9538026,1569322707889,
 4.7369013,1569322708913,
 4.7053523,1569322709900,
 4.6152115,1569322710904,
 4.509296,1569322711893,
 4.3087325,1569322712898,
 3.9414084,1569322713897,
 3.3707042,1569322714901,
 3.0208452,1569322715902,
 2.9814084,1569322716902,
 3.4321127,1569322717893,
 3.7740846,1569322718898,
 4.1977463,1569322719895,
 4.3442254,1569322720899,
 4.4715495,1569322721899,
 4.4828167,1569322722900,
 4.7008452,1569322723893,
 4.961127,1569322724900,
 5.1769013,1569322725892,
 5.1842256,1569322726894,
 5.382535,1569322727895,
 5.5819716,1569322728912,
 5.738028,1569322729902,
 5.816901,1569322730902,
 5.687887,1569322731901,
 5.183099,1569322732891,
 4.0630984,1569322733896,
 3.054648,1569322734890,
 2.5954928,1569322735895,
 2.2861972,1569322736887,
 2.162817,1569322737886,
 2.3633802,1569322738889,
 2.9002817,1569322739897,
 3.490141,1569322740913,
 3.8828168,1569322741899,
 4.2642255,1569322742898,
 4.554366,1569322743899,
 4.8704224,1569322744891,
 5.134648,1569322745896,
 5.154366,1569322746901,
 5.1222534,1569322747894,
 5.455775,1569322748919,
 5.5757747,1569322749898,
 5.72,1569322750899,
 5.8394365,1569322751895,
 5.806761,1569322752893,
 5.496338,1569322753897,
 4.2056336,1569322754893,
 3.586479,1569322755890,
 2.9267607,1569322756892,
 3.0907042,1569322757899,
 3.340845,1569322758895,
 3.9594367,1569322759894,
 4.4129577,1569322760897,
 4.652958,1569322761892,
 4.9312677,1569322762895,
 5.1650705,1569322763899,
 5.419155,1569322764892,
 5.603944,1569322765894,
 5.539718,1569322766884,
 5.36169,1569322767934,
 5.2692957,1569322768893,
 5.217465,1569322769899,
 5.4585915,1569322770894,
 5.5464787,1569322771893,
 5.401127,1569322772891,
 4.832113,1569322773889,
 3.43831,1569322774894,
 2.9222536,1569322775898,
 2.4084506,1569322776892,
 2.1053522,1569322777879,
 2.0276055,1569322778893,
 2.386479,1569322779881,
 3.0569015,1569322780904,
 3.6698592,1569322781892,
 4.1476054,1569322782899,
 4.5385914,1569322783893,
 4.822535,1569322784890,
 5.1521125,1569322785886,
 5.4715495,1569322786891,
 5.3684506,1569322787920,
 5.083944,1569322788894,
 5.149859,1569322789894,
 5.379155,1569322790892,
 5.518873,1569322791896,
 5.5560565,1569322792896,
 5.362817,1569322793896,
 5.050704,1569322794900,
 4.510986,1569322795890,
 3.690141,1569322796900,
 3.1661973,1569322797899,
 2.5109859,1569322798902,
 2.3752112,1569322799897,
 2.6078873,1569322800911,
 3.1329577,1569322801896,
 3.8540845,1569322802895,
 4.3667607,1569322803895,
 4.617465,1569322804889,
 4.8997183,1569322805894,
 5.1115494,1569322806887,
 5.2377467,1569322807898,
 5.23662,1569322808892,
 5.1661973,1569322809898,
 5.0185914,1569322810887,
 5.014648,1569322811896,
 5.1808453,1569322812895,
 5.131831,1569322813900,
 5.1216903,1569322814896,
 5.099155,1569322815889,
 4.6276054,1569322816891,
 3.7943661,1569322817892,
 3.2867606,1569322818893,
 2.7656338,1569322819895,
 2.419155,1569322820887,
 2.502535,1569322821893,
 2.9695776,1569322822891,
 3.490141,1569322823894,
 4.0084505,1569322824896,
 4.356056,1569322825890,
 4.6270423,1569322826888,
 4.877183,1569322827903,
 5.044507,1569322828927,
 4.9583097,1569322829899,
 4.7588735,1569322830889,
 4.609014,1569322831893,
 4.4895773,1569322832888,
 4.567324,1569322833894,
 4.6416903,1569322834894,
 4.6822534,1569322835888,
 4.6839437,1569322836893,
 4.6709857,1569322837895,
 4.183099,1569322838890,
 3.425352,1569322839903,
 2.8760564,1569322840902,
 2.4619718,1569322841891,
 2.6180282,1569322842894,
 2.936338,1569322843893,
 3.6507041,1569322844895,
 4.310986,1569322845887,
 4.602817,1569322846887,
 4.867042,1569322847942,
 5.130141,1569322848893,
 5.305352,1569322849893,
 5.3177466,1569322850894,
 5.1261973,1569322851899,
 4.772958,1569322852894,
 4.6895776,1569322853896,
 4.8929577,1569322854895,
 4.9385915,1569322855897,
 4.995493,1569322856901,
 5.0816903,1569322857891,
 5.1064787,1569322858891,
 4.568451,1569322859895,
 3.8704226,1569322860900,
 3.3847888,1569322861881,
 2.809014,1569322862877,
 2.6202817,1569322863880,
 2.6833804,1569322864870,
 3.037183,1569322865891,
 3.3115492,1569322866895,
 4.043944,1569322867899,
 4.8,1569322868896,
 5.2101407,1569322869897,
 5.2732396,1569322870892,
 5.1757746,1569322871896,
 4.91662,1569322872893,
 4.6749296,1569322873891,
 4.6005635,1569322874893,
 4.549859,1569322875885,
 4.7256336,1569322876895,
 4.8788733,1569322877894,
 5.000563,1569322878895,
 5.0912676,1569322879895,
 4.9740844,1569322880911,
 4.23831,1569322881910,
 3.499155,1569322882896,
 2.943662,1569322883896,
 2.539155,1569322884892,
 2.690141,1569322885919,
 3.1752112,1569322886887,
 3.9616902,1569322887909,
 4.486197,1569322888895,
 4.8146477,1569322889908,
 5.105352,1569322890894,
 5.3397183,1569322891906,
 5.558873,1569322892909,
 5.4974647,1569322893907,
 5.32169,1569322894909,
 5.063662,1569322895910,
 5.065352,1569322896903,
 5.253521,1569322897908,
 5.259155,1569322898907,
 5.065352,1569322899907,
 4.801127,1569322900907,
 4.068169,1569322901909,
 3.567324,1569322902904,
 3.1019719,1569322903900,
 2.6439435,1569322904883,
 2.3566198,1569322905884,
 2.2230985,1569322906904,
 2.2952113,1569322907883,
 2.635493,1569322908906,
 2.9459155,1569322909903,
 3.630986,1569322910907,
 4.367324,1569322911910,
 4.5380282,1569322912907,
 4.4580283,1569322913910,
 4.3346477,1569322914910,
 4.099718,1569322915893,
 4.1521125,1569322916910,
 4.4242253,1569322917892,
 4.513803,1569322918907,
 4.381408,1569322919912,
 4.154366,1569322920918,
 3.940845,1569322921903,
 4.242817,1569322922901,
 4.484507,1569322923948,
 4.2884507,1569322924908,
 4.0185914,1569322925908,
 3.509859,1569322926889,
 2.7960563,1569322927909,
 2.884507,1569322928907,
 3.2642252,1569322929894,
 3.9650705,1569322930907,
 4.6602817,1569322931897,
 4.9521127,1569322932895,
 5.1707044,1569322933889,
 5.2230988,1569322934897,
 5.132958,1569322935901,
 4.9369016,1569322936904,
 4.821972,1569322937907,
 5.026479,1569322938902,
 5.1261973,1569322939897,
 4.9650702,1569322940888,
 4.8304224,1569322941895,
 4.8157744,1569322942889,
 4.8743663,1569322943906,
 4.7222533,1569322944886,
 4.0259156,1569322945892,
 3.301972,1569322946883,
 2.8135211,1569322947883,
 2.4416902,1569322948876,
 2.2619717,1569322949878,
 2.3115492,1569322950881,
 3.0067606,1569322951886,
 3.7183099,1569322952893,
 4.345352,1569322953889,
 4.740845,1569322954891,
 5.098028,1569322955894,
 5.3690143,1569322956886,
 5.3678875,1569322957893,
 5.099155,1569322958891,
 4.8794365,1569322959888,
 4.8039436,1569322960891,
 4.644507,1569322961906,
 4.7256336,1569322962882,
 4.8997183,1569322963896,
 5.0078874,1569322964891,
 5.0225353,1569322965883,
 4.820845,1569322966884,
 4.2867603,1569322967890,
 3.6146479,1569322968891,
 3.0264788,1569322969894,
 2.7098591,1569322970888,
 2.9492958,1569322971887,
 3.4349296,1569322972890,
 3.9284508,1569322973891,
 4.3402815,1569322974890,
 4.6157746,1569322975894,
 4.7904224,1569322976891,
 4.9785914,1569322977889,
 5.0777464,1569322978892,
 5.0585914,1569322979892,
 4.956056,1569322980903,
 4.8078876,1569322981889,
 4.8794365,1569322982895,
 4.99493,1569322983896,
 4.979155,1569322984884,
 4.9566197,1569322985892,
 4.895775,1569322986889,
 4.6912675,1569322987887,
 4.093521,1569322988884,
 3.2202816,1569322989879,
 2.7650704,1569322990880,
 2.4169014,1569322991881,
 2.3177464,1569322992880,
 2.5892959,1569322993880,
 3.011831,1569322994888,
 3.4214084,1569322995881,
 3.6253521,1569322996886,
 4.0022535,1569322997887,
 4.4642253,1569322998886,
 4.817465,1569322999888,
 5.074366,1569323000884,
 4.9515495,1569323001885,
 4.778028,1569323002882,
 4.7149296,1569323003920,
 4.584789,1569323004881,
 4.554366,1569323005881,
 4.707606,1569323006880,
 4.7515492,1569323007886,
 4.72338,1569323008884,
 4.5661974,1569323009889,
 4.179155,1569323010884,
 3.6123943,1569323011880,
 3.148169,1569323012882,
 2.6664789,1569323013879,
 2.816338,1569323014883,
 3.402817,1569323015885,
 4.074366,1569323016883,
 4.500282,1569323017883,
 4.7656336,1569323018884,
 4.9369016,1569323019886,
 5.064789,1569323020885,
 5.115493,1569323021887,
 5.0078874,1569323022884,
 4.846197,1569323023908,
 4.7532396,1569323024878,
 4.729014,1569323025885,
 4.8529577,1569323026883,
 4.994366,1569323027885,
 5.032676,1569323028885,
 5.0805635,1569323029882,
 4.8890142,1569323030883,
 4.3650703,1569323031882,
 3.6360564,1569323032884,
 3.1921127,1569323033875,
 2.6991549,1569323034874,
 2.4033804,1569323035871,
 2.2935212,1569323036876,
 2.5385916,1569323037878,
 3.139155,1569323038883,
 4.1205635,1569323039886,
 4.9369016,1569323040908,
 5.2095776,1569323041886,
 5.158873,1569323042879,
 5.0416903,1569323043884,
 4.8157744,1569323044889,
 4.6450706,1569323045886,
 4.59831,1569323046882,
 4.5464787,1569323047883,
 4.4292955,1569323048886,
 4.5042253,1569323049887,
 4.603944,1569323050886,
 4.6259155,1569323051888,
 4.420845,1569323052881,
 4.202817,1569323053877,
 3.859155,1569323054883,
 3.3188732,1569323055880,
 2.853521,1569323056888,
 2.4856339,1569323057888,
 2.3639436,1569323058883,
 2.56,1569323059884,
 2.8653522,1569323060882,
 3.3921127,1569323061880,
 3.7757747,1569323062879,
 4.1949296,1569323063884,
 4.5504227,1569323064882,
 4.740845,1569323065885,
 4.7515492,1569323066883,
 4.6461973,1569323067885,
 4.7239437,1569323068884,
 4.8292956,1569323069890,
 4.929014,1569323070887,
 4.882817,1569323071890,
 4.9577465,1569323072887,
 5.072676,1569323073889,
 5.059155,1569323074890,
 4.91662,1569323075902,
 4.675493,1569323076886,
 4.060845,1569323077886,
 3.2360563,1569323078876,
 2.828169,1569323079875,
 2.5278873,1569323080878,
 2.3183098,1569323081874,
 2.0940845,1569323082870,
 2.0749295,1569323083878,
 2.376338,1569323084880,
 2.755493,1569323085886,
 2.9757748,1569323086888,
 3.4732394,1569323087891,
 3.9521127,1569323088894,
 4.385352,1569323089888,
 4.3667607,1569323090889,
 4.252394,1569323091884,
 4.064225,1569323092881,
 4.063662,1569323093898,
 4.108732,1569323094879,
 4.010141,1569323095886,
 3.9357746,1569323096885,
 4.010704,1569323097881,
 4.0687323,1569323098883,
 4.0867605,1569323099884,
 4.1307044,1569323100892,
 4.1323943,1569323101877,
 4.1566195,1569323102882,
 4.0625353,1569323103890,
 3.7115493,1569323104877,
 3.150986,1569323105884,
 2.5780282,1569323106883,
 2.484507,1569323107879,
 2.7278874,1569323108883,
 3.2090142,1569323109891,
 3.7938027,1569323110878,
 4.219155,1569323111877,
 4.5425353,1569323112896,
 4.788169,1569323113880,
 4.949859,1569323114880,
 5.1369014,1569323115882,
 5.3059154,1569323116881,
 5.2822537,1569323117885,
 5.1515493,1569323118881,
 5.0157747,1569323119888,
 4.776338,1569323120886,
 4.3729577,1569323121883,
 4.355493,1569323122879,
 4.5622535,1569323123887,
 4.6461973,1569323124883,
 4.595493,1569323125882,
 4.208451,1569323126882,
 3.202817,1569323127872,
 2.8067605,1569323128873,
 2.2461972,1569323129874,
 2.113803,1569323130873,
 2.5070422,1569323131872,
 3.108169,1569323132874,
 4.03831,1569323133873,
 4.7002816,1569323134892,
 5.178028,1569323135886,
 5.588169,1569323136886,
 5.773521,1569323137880,
 5.678873,1569323138882,
 5.376338,1569323139880,
 5.043944,1569323140872,
 4.801127,1569323141879,
 4.465352,1569323142878,
 4.242817,1569323143882,
 4.2901406,1569323144880,
 4.486197,1569323145882,
 4.580845,1569323146883,
 4.613521,1569323147884,
 4.444507,1569323148879,
 4.045634,1569323149882,
 3.2478874,1569323150885,
 2.8129578,1569323151875,
 2.331831,1569323152887,
 2.2416902,1569323153881,
 2.2174647,1569323154883,
 2.5267606,1569323155882,
 2.955493,1569323156886,
 3.1949296,1569323157884,
 3.3949296,1569323158885,
 3.4822536,1569323159887,
 3.8101408,1569323160900,
 4.006197,1569323161880,
 3.9802816,1569323162877,
 3.7740846,1569323163881,
 2.891831,1569323164887,
 1.7904226,1569323165893,
 0.98647887,1569323166886,
 0.21746479,1569323167885,
 0.49352112,1569323446871,
 0.49352112,1569323446876,
 1.4670422,1569323447877,
 1.4670422,1569323447883,
