 0.37014085,1569384014922,
 0.65577465,1569384015921,
 1.1030986,1569384016916,
 1.4771831,1569384017911,
 2.3284507,1569384018912,
 2.873803,1569384019909,
 3.416338,1569384020914,
 3.8597183,1569384021920,
 4.3357744,1569384022915,
 4.2247887,1569384023921,
 4.0867605,1569384024925,
 3.844507,1569384025911,
 3.8552113,1569384026923,
 3.8157747,1569384027917,
 4.148169,1569384028916,
 4.7385917,1569384029922,
 4.862535,1569384030923,
 4.76338,1569384031922,
 4.75831,1569384032912,
 4.6670423,1569384033910,
 4.47493,1569384034920,
 3.9887323,1569384035922,
 3.4411268,1569384036920,
 3.0974648,1569384037920,
 3.1605635,1569384038919,
 4.217465,1569384039919,
 5.087324,1569384040912,
 5.4794364,1569384041923,
 5.657465,1569384042921,
 5.812394,1569384043920,
 5.8078876,1569384044920,
 5.650141,1569384045912,
 5.3459153,1569384046906,
 5.0721126,1569384047958,
 4.4439435,1569384048920,
 3.7915492,1569384049916,
 3.1160564,1569384050913,
 3.091831,1569384051914,
 3.9385915,1569384052924,
 4.9960566,1569384053924,
 4.9678874,1569384054924,
 4.688451,1569384055920,
 4.3042254,1569384056914,
 4.5661974,1569384057925,
 4.787606,1569384058914,
 4.7605634,1569384059911,
 4.772394,1569384060915,
 4.673239,1569384061912,
 4.5329576,1569384062912,
 4.2788734,1569384063915,
 4.222535,1569384064911,
 4.4276056,1569384065921,
 4.9960566,1569384066917,
 5.011831,1569384067942,
 4.912676,1569384068920,
 4.76,1569384069915,
 4.4230986,1569384070915,
 4.406197,1569384071916,
 4.5216904,1569384072918,
 4.2287326,1569384073914,
 4.0676055,1569384074914,
 4.0861974,1569384075920,
 4.1808453,1569384076917,
 4.662535,1569384077935,
 4.739155,1569384078921,
 4.628169,1569384079912,
 4.455775,1569384080916,
 2.8005633,1569384081910,
 0.81014085,1569384082912,
 0.8985916,1569384083926,
 1.3211268,1569384084920,
 1.1002817,1569384085928,
 1.0315493,1569384086928,
 1.0225352,1569384087918,
 1.0157746,1569384088912,
 1.3239436,1569384089924,
 1.6456338,1569384090917,
 2.0501409,1569384091917,
 2.5549295,1569384092920,
 3.0585916,1569384093918,
 3.1673238,1569384094931,
 3.543662,1569384095931,
 3.6197183,1569384096931,
 3.4512677,1569384097927,
 3.3177464,1569384098913,
 3.7785916,1569384099925,
 3.7949295,1569384100923,
 3.873803,1569384101929,
 3.6918309,1569384102922,
 3.4185915,1569384103919,
 2.980845,1569384104941,
 2.0214086,1569384105926,
 1.4839437,1569384106925,
 1.503662,1569384107925,
 1.6073239,1569384108923,
 1.5938028,1569384109921,
 1.6540846,1569384110931,
 1.4338028,1569384111929,
 1.1819718,1569384112928,
 0.8940845,1569384113927,
 0.32676056,1569384114928,
 0.44112676,1569384119930,
 0.3571831,1569384120924,
 0.43154928,1569384121918,
 0.6140845,1569384122917,
 0.81014085,1569384123953,
 1.1836619,1569384124917,
 1.1453521,1569384125932,
 0.83211267,1569384126921,
 0.22816901,1569384127915,
 0.15661971,1569384134925,
 0.63605636,1569384135924,
 1.1763381,1569384136930,
 1.5059155,1569384137931,
 1.6625352,1569384138921,
 1.8664789,1569384139928,
 1.9538028,1569384140926,
 1.3718309,1569384141928,
 1.1442254,1569384142914,
 1.303662,1569384143926,
 1.1554929,1569384144954,
 0.96450704,1569384145917,
 0.86366194,1569384146924,
 0.77239436,1569384147926,
 0.672676,1569384148924,
 0.5177465,1569384149925,
 0.44394365,1569384150922,
 0.5605634,1569384151926,
 0.5171831,1569384152923,
 0.25239438,1569384153925,
 0.19549295,1569384156923,
 0.39211267,1569384157929,
 0.9261972,1569384158926,
 1.2011268,1569384159919,
 1.1498592,1569384160916,
 0.9859155,1569384161914,
 1.1166197,1569384162913,
 1.0056338,1569384163956,
 1.2749295,1569384164917,
 0.94197184,1569384165912,
 0.3087324,1569384166920,
 0.3740845,1569384168916,
 0.6169014,1569384169920,
 0.6016901,1569384170914,
 0.4659155,1569384171906,
 0.38985917,1569384172914,
 0.1915493,1569384175917,
 0.7543662,1569384176917,
 0.6873239,1569384177909,
 0.28845072,1569384178909,
 0.25633803,1569384182916,
 0.61070424,1569384185913,
 0.5898591,1569384186918,
 0.29577464,1569384187922,
 0.16732395,1569384188930,
 0.26422536,1569384190919,
 0.67042255,1569384191923,
 0.816338,1569384192919,
 1.1876056,1569384193916,
 1.4822536,1569384194915,
 1.4338028,1569384195916,
 1.0225352,1569384196915,
 0.65239435,1569384197913,
 0.45070422,1569384203924,
 1.0861971,1569384204919,
 1.5560564,1569384205920,
 1.3149296,1569384206925,
 0.82985914,1569384207905,
 1.1707042,1569384208914,
 1.609014,1569384209912,
 1.7104225,1569384210911,
 0.9442254,1569384211914,
 0.42760563,1569384212914,
 0.4777465,1569384213908,
 0.3397183,1569384214923,
 0.856338,1569384215918,
 1.0822536,1569384216915,
 1.2338028,1569384217920,
 0.8822535,1569384218909,
 0.35943663,1569384219906,
 0.67887324,1569384221921,
 1.2940845,1569384222911,
 1.6957747,1569384223936,
 1.9070423,1569384224913,
 0.9583099,1569384225910,
 0.2456338,1569384230913,
 0.93408453,1569384231915,
 1.5442253,1569384232924,
 1.8185916,1569384233916,
 2.0259154,1569384234917,
 2.5267606,1569384235905,
 2.5030985,1569384236906,
 2.8997183,1569384237909,
 3.0439436,1569384238906,
 3.131831,1569384239904,
 3.5887325,1569384240899,
 3.9121127,1569384241944,
 4.2614083,1569384242908,
 4.975775,1569384243909,
 5.5278873,1569384244916,
 5.748169,1569384245917,
 6.2738028,1569384246923,
 6.2957745,1569384247914,
 6.5126762,1569384248915,
 6.099718,1569384249917,
 6.1357746,1569384250909,
 6.24338,1569384251909,
 6.24169,1569384252916,
 6.370141,1569384253905,
 6.065352,1569384254906,
 5.4022536,1569384255910,
 4.5650706,1569384256924,
 3.3560565,1569384257909,
 2.0738027,1569384258901,
 1.2698592,1569384259903,
 0.7752113,1569384260950,
 0.56676054,1569384261916,
 0.36225352,1569384270914,
 0.88507044,1569384271906,
 0.33577466,1569384279904,
 0.63042253,1569384280944,
 0.9470422,1569384281915,
 1.2456338,1569384282914,
 1.7239437,1569384283915,
 2.4822536,1569384284906,
 3.063662,1569384285904,
 3.6664789,1569384286916,
 3.6107042,1569384287910,
 3.7695775,1569384288917,
 4.0585914,1569384289909,
 3.6416903,1569384290905,
 3.232676,1569384291914,
 2.8135211,1569384292914,
 2.6129577,1569384293924,
 2.554366,1569384294919,
 1.983662,1569384295919,
 1.3802817,1569384296913,
 1.2371831,1569384297915,
 1.256338,1569384298901,
 0.97521126,1569384299908,
 0.5932394,1569384300947,
 0.2574648,1569384313902,
 0.6123944,1569384314910,
 0.8394366,1569384315916,
 0.88901407,1569384316900,
 1.1909859,1569384317914,
 1.7481691,1569384318905,
 2.770141,1569384319916,
 3.9211268,1569384320911,
 4.8788733,1569384321913,
 5.367324,1569384322914,
 5.4180284,1569384323919,
 5.5611267,1569384324912,
 5.7988734,1569384325912,
 5.971831,1569384326913,
 6.0912676,1569384327907,
 5.9312677,1569384328910,
 5.618028,1569384329913,
 4.88,1569384330904,
 4.1470423,1569384331911,
 3.0197184,1569384332905,
 1.9464788,1569384333913,
 1.4067606,1569384334908,
 1.0349296,1569384335911,
 0.703662,1569384336905,
 0.44732395,1569384337916,
 0.5002817,1569384338901,
 0.44,1569384339912,
 1.0721127,1569384340917,
 1.647324,1569384341916,
 2.581972,1569384342920,
 3.4,1569384343904,
 4.167887,1569384344908,
 4.258028,1569384345905,
 4.300845,1569384346918,
 4.3092957,1569384347922,
 3.908169,1569384348919,
 2.9374647,1569384349908,
 1.7402817,1569384350916,
 1.6929578,1569384351913,
 1.7994366,1569384352905,
 2.284507,1569384353914,
 2.6630986,1569384354916,
 3.0901408,1569384355906,
 3.5954928,1569384356899,
 4.117183,1569384357904,
 4.7002816,1569384358910,
 5.07831,1569384359909,
 5.979155,1569384360913,
 7.0377464,1569384361921,
 7.9335213,1569384362911,
 8.864225,1569384363910,
 9.688451,1569384364908,
 10.349296,1569384365907,
 10.00338,1569384366910,
 9.9301405,1569384367901,
 9.952676,1569384368905,
 9.967887,1569384369902,
 10.022535,1569384370899,
 10.053521,1569384371898,
 10.148169,1569384372898,
 10.281127,1569384373906,
 10.916619,1569384374903,
 11.355493,1569384375900,
 11.683944,1569384376907,
 11.938028,1569384377906,
 12.184225,1569384378913,
 12.429859,1569384379925,
 12.810141,1569384380916,
 13.169014,1569384381921,
 13.517747,1569384382913,
 13.881126,1569384383920,
 14.182535,1569384384923,
 14.3678875,1569384385918,
 14.144789,1569384386918,
 14.284507,1569384387919,
 14.388732,1569384388923,
 14.508169,1569384389919,
 14.6659155,1569384390906,
 14.815211,1569384391915,
 14.96169,1569384392914,
 15.105352,1569384393920,
 15.253521,1569384394919,
 15.180845,1569384395921,
 14.570141,1569384396914,
 13.837183,1569384397919,
 13.359437,1569384398920,
 13.16676,1569384399921,
 13.049014,1569384400917,
 13.338028,1569384401923,
 13.726197,1569384402912,
 13.605634,1569384403911,
 13.308732,1569384404907,
 13.077183,1569384405915,
 13.100282,1569384406909,
 13.295211,1569384407916,
 13.538591,1569384408914,
 13.780282,1569384409912,
 13.850141,1569384410914,
 13.787605,1569384411911,
 13.780845,1569384412909,
 13.717747,1569384413922,
 13.681127,1569384414911,
 13.637747,1569384415911,
 13.575212,1569384416904,
 13.538028,1569384417902,
 13.530141,1569384418906,
 13.448451,1569384419911,
 13.308732,1569384420908,
 12.992676,1569384421908,
 12.5983095,1569384422905,
 12.175775,1569384423901,
 11.972394,1569384424922,
 11.883944,1569384425907,
 11.8,1569384426908,
 11.655775,1569384427909,
 11.52676,1569384428910,
 11.441127,1569384429907,
 11.298028,1569384430907,
 11.109859,1569384431916,
 11.016901,1569384432909,
 10.903662,1569384433907,
 10.785915,1569384434917,
 10.735775,1569384435910,
 10.705915,1569384436903,
 10.652394,1569384437913,
 10.625352,1569384438910,
 10.55831,1569384439911,
 10.650704,1569384440908,
 10.468169,1569384441908,
 10.261409,1569384442917,
 9.889014,1569384443940,
 9.371267,1569384444910,
 8.699155,1569384445905,
 8.321127,1569384446901,
 7.9842253,1569384447899,
 7.850141,1569384448907,
 7.75831,1569384449909,
 7.6715493,1569384450901,
 7.694648,1569384451901,
 7.8659153,1569384452909,
 8.067606,1569384453899,
 8.295774,1569384454896,
 8.419719,1569384455903,
 8.400563,1569384456904,
 8.209014,1569384457903,
 8.094648,1569384458901,
 8.005633,1569384459902,
 8.228169,1569384460906,
 8.335774,1569384461908,
 8.1543665,1569384462899,
 8.005633,1569384463897,
 7.9966197,1569384464902,
 7.842817,1569384465893,
 7.5605636,1569384466901,
 7.122817,1569384467908,
 6.826479,1569384468903,
 6.5785913,1569384469907,
 6.533521,1569384470899,
 6.562817,1569384471905,
 6.6366196,1569384472902,
 7.349859,1569384473913,
 8.532394,1569384474906,
 9.588169,1569384475901,
 10.069296,1569384476894,
 10.534084,1569384477900,
 10.947042,1569384478899,
 11.642817,1569384479899,
 11.116056,1569384480907,
 11.813521,1569384481915,
 11.859718,1569384482905,
 12.187042,1569384483901,
 12.148169,1569384484943,
 12.1881695,1569384485913,
 12.335774,1569384486903,
 12.433239,1569384487903,
 12.447887,1569384488906,
 12.247324,1569384489908,
 12.272113,1569384490894,
 12.398873,1569384491901,
 12.274366,1569384492901,
 12.156056,1569384493898,
 11.943662,1569384494894,
 11.499155,1569384495902,
 11.052958,1569384496895,
 10.60338,1569384497895,
 10.512676,1569384498892,
 10.380281,1569384499892,
 10.195493,1569384500893,
 10.181972,1569384501890,
 9.868169,1569384502887,
 9.806761,1569384503896,
 9.839437,1569384504935,
 9.677183,1569384505893,
 9.698029,1569384506897,
 9.664226,1569384507903,
 9.635493,1569384508899,
 9.694084,1569384509891,
 9.688451,1569384510899,
 9.624788,1569384511898,
 9.589859,1569384512892,
 9.512676,1569384513897,
 9.534648,1569384514889,
 9.098028,1569384515891,
 8.668169,1569384516898,
 8.015211,1569384517897,
 7.2659154,1569384518900,
 6.530704,1569384519894,
 6.441127,1569384520902,
 7.847324,1569384521900,
 8.637183,1569384522933,
 8.929578,1569384523895,
 9.062535,1569384524886,
 9.147042,1569384525897,
 9.220845,1569384526899,
 9.796057,1569384527900,
 9.832676,1569384528894,
 9.929014,1569384529883,
 9.898592,1569384530898,
 9.868169,1569384531892,
 9.847887,1569384532895,
 9.770704,1569384533892,
 9.867043,1569384534884,
 9.7949295,1569384535891,
 9.792676,1569384536892,
 9.821408,1569384537891,
 9.922817,1569384538892,
 9.981972,1569384539885,
 10.113239,1569384540884,
 9.929578,1569384541940,
 9.674366,1569384542897,
 9.969578,1569384543894,
 10.307606,1569384544884,
 10.605634,1569384545891,
 10.928451,1569384546894,
 11.122817,1569384547887,
 11.187042,1569384548896,
 11.032676,1569384549886,
 10.909859,1569384550887,
 11.023662,1569384551890,
 11.045071,1569384552890,
 10.956057,1569384553890,
 10.734648,1569384554884,
 10.830986,1569384555892,
 10.878873,1569384556892,
 10.596056,1569384557893,
 10.391549,1569384558884,
 10.210141,1569384559887,
 9.842254,1569384560924,
 9.79324,1569384561890,
 9.847887,1569384562895,
 9.88338,1569384563896,
 9.623662,1569384564894,
 9.4461975,1569384565896,
 9.44169,1569384566907,
 9.602254,1569384567891,
 9.686761,1569384568888,
 9.776901,1569384569894,
 9.76338,1569384570908,
 10.0,1569384571899,
 10.204507,1569384572892,
 10.264789,1569384573887,
 10.266479,1569384574899,
 10.3064785,1569384575912,
 10.311549,1569384576899,
 10.4692955,1569384577916,
 10.566761,1569384578902,
 10.651268,1569384579895,
 10.703098,1569384580885,
 10.894085,1569384581915,
 10.794366,1569384582894,
 11.046197,1569384583909,
 11.136338,1569384584899,
 11.312676,1569384585904,
 11.324507,1569384586914,
 11.392113,1569384587912,
 11.436056,1569384588911,
 11.578591,1569384589910,
 11.758873,1569384590911,
 11.7949295,1569384591912,
 12.051831,1569384592910,
 12.0760565,1569384593907,
 12.046197,1569384594910,
 12.28,1569384595909,
 12.592113,1569384596907,
 11.818028,1569384597907,
 12.077746,1569384598905,
 12.464788,1569384599899,
 12.595493,1569384600898,
 12.387606,1569384601907,
 12.423099,1569384602908,
 12.941972,1569384603884,
 13.027606,1569384604891,
 13.227042,1569384605893,
 12.867043,1569384606890,
 12.291831,1569384607904,
 12.569015,1569384608902,
 12.112113,1569384609903,
 11.8794365,1569384610910,
 11.663662,1569384611907,
 11.44338,1569384612905,
 11.271549,1569384613892,
 11.265352,1569384614886,
 11.31493,1569384615900,
 11.3678875,1569384616901,
 11.455212,1569384617900,
 11.461972,1569384618912,
 11.469859,1569384619893,
 11.491267,1569384620891,
 11.625916,1569384621879,
 11.64169,1569384622894,
 11.728451,1569384623940,
 11.783098,1569384624901,
 11.854085,1569384625892,
 11.887887,1569384626890,
 11.922817,1569384627885,
 11.970704,1569384628883,
 11.950986,1569384629910,
 11.938592,1569384630889,
 11.939155,1569384631895,
 11.999436,1569384632875,
 11.877183,1569384633882,
 11.824225,1569384634884,
 11.646197,1569384635886,
 12.412958,1569384636874,
 13.465916,1569384637881,
 12.2833805,1569384638892,
 11.803944,1569384639906,
 11.84338,1569384640905,
 11.869296,1569384641885,
 11.838873,1569384642897,
 11.799437,1569384643901,
 11.851831,1569384644909,
 11.79831,1569384645908,
 11.782536,1569384646905,
 11.834929,1569384647906,
 11.8118305,1569384648912,
 11.6,1569384649912,
 11.185352,1569384650910,
 11.0360565,1569384651907,
 11.063099,1569384652902,
 11.250704,1569384653907,
 11.3340845,1569384654898,
 11.284507,1569384655894,
 10.099718,1569384656897,
 10.663098,1569384657894,
 10.226479,1569384658889,
 10.383662,1569384659907,
 10.187042,1569384660887,
 9.799437,1569384661887,
 10.440563,1569384662891,
 10.6090145,1569384663896,
 10.747605,1569384664893,
 10.690704,1569384665887,
 10.196056,1569384666886,
 10.464788,1569384667892,
 10.110422,1569384668891,
 9.815211,1569384669900,
 9.492958,1569384670900,
 9.415212,1569384671898,
 9.423662,1569384672904,
 8.71324,1569384673893,
 7.9932394,1569384674891,
 7.118873,1569384675896,
 7.973521,1569384676886,
 8.193803,1569384677897,
 8.855775,1569384678892,
 9.379155,1569384679889,
 9.759437,1569384680885,
 9.853521,1569384681892,
 10.07662,1569384682894,
 9.484507,1569384683885,
 9.541972,1569384684901,
 9.27831,1569384685895,
 8.908169,1569384686898,
 8.322817,1569384687895,
 7.7932396,1569384688889,
 7.6794367,1569384689896,
 7.64,1569384690883,
 7.7701406,1569384691889,
 8.063099,1569384692885,
 8.450141,1569384693885,
 8.905915,1569384694885,
 9.369577,1569384695889,
 9.88,1569384696882,
 10.007887,1569384697879,
 10.100282,1569384698892,
 9.904789,1569384699891,
 9.721127,1569384700887,
 9.745915,1569384701903,
 9.743098,1569384702899,
 9.710986,1569384703886,
 9.371831,1569384704886,
 9.32507,1569384705905,
 9.263099,1569384706894,
 9.245634,1569384707903,
 8.949296,1569384708888,
 7.868169,1569384709880,
 8.153803,1569384710889,
 8.686761,1569384711886,
 8.699155,1569384712875,
 7.740845,1569384713896,
 7.6867604,1569384714899,
 7.5577464,1569384715887,
 7.509859,1569384716905,
 7.431549,1569384717893,
 7.701972,1569384718886,
 8.148169,1569384719893,
 8.462535,1569384720897,
 8.52,1569384721888,
 9.020282,1569384722893,
 9.072113,1569384723885,
 9.287888,1569384724886,
 9.360563,1569384725930,
 9.337464,1569384726887,
 9.458591,1569384727888,
 9.437746,1569384728890,
 9.067042,1569384729892,
 8.534084,1569384730889,
 7.7887325,1569384731890,
 7.000563,1569384732894,
 6.2738028,1569384733897,
 5.7442255,1569384734893,
 5.6304226,1569384735889,
 5.3138027,1569384736877,
 5.0084505,1569384737884,
 4.9442253,1569384738884,
 4.637183,1569384739882,
 4.5205636,1569384740873,
 4.430986,1569384741871,
 4.6315494,1569384742878,
 4.912676,1569384743880,
 5.2214084,1569384744935,
 5.4512677,1569384745894,
 5.707606,1569384746883,
 5.979718,1569384747885,
 5.970704,1569384748880,
 6.1025352,1569384749890,
 6.380845,1569384750888,
 6.4242253,1569384751885,
 6.4529576,1569384752885,
 6.7098594,1569384753902,
 6.912676,1569384754896,
 7.1954927,1569384755894,
 7.291831,1569384756894,
 7.0816903,1569384757894,
 7.2343664,1569384758894,
 7.336338,1569384759890,
 7.0861974,1569384760893,
 7.3594365,1569384761897,
 7.1814084,1569384762895,
 7.029859,1569384763913,
 6.786479,1569384764894,
 6.550986,1569384765896,
 6.179155,1569384766893,
 6.4726763,1569384767901,
 7.2912674,1569384768895,
 7.7177463,1569384769895,
 8.086197,1569384770892,
 8.461409,1569384771893,
 8.906479,1569384772894,
 8.886761,1569384773898,
 8.717747,1569384774896,
 8.595493,1569384775895,
 8.443944,1569384776885,
 8.474366,1569384777894,
 8.932394,1569384778897,
 9.421972,1569384779900,
 9.834929,1569384780907,
 10.216902,1569384781885,
 10.471549,1569384782982,
 10.621408,1569384783890,
 10.9239435,1569384784890,
 11.112113,1569384785885,
 11.343662,1569384786890,
 11.573521,1569384787883,
 11.860282,1569384788884,
 12.147042,1569384789887,
 12.362817,1569384790885,
 12.592113,1569384791897,
 12.833803,1569384792885,
 12.990422,1569384793889,
 13.089578,1569384794887,
 13.059718,1569384795884,
 13.012394,1569384796886,
 13.024225,1569384797896,
 13.039436,1569384798896,
 12.966761,1569384799877,
 12.83324,1569384800882,
 12.429859,1569384801887,
 12.152113,1569384802891,
 12.055775,1569384803893,
 11.870986,1569384804890,
 11.6383095,1569384805891,
 11.596056,1569384806889,
 11.68507,1569384807893,
 11.621408,1569384808880,
 11.389296,1569384809894,
 11.190986,1569384810883,
 10.76507,1569384811883,
 10.139155,1569384812886,
 9.891831,1569384813881,
 9.661408,1569384814881,
 9.375212,1569384815881,
 9.0591545,1569384816878,
 8.640563,1569384817875,
 8.6,1569384818879,
 8.716056,1569384819889,
 8.957183,1569384820878,
 8.997183,1569384821875,
 9.125634,1569384822886,
 9.265916,1569384823880,
 9.430423,1569384824872,
 9.541409,1569384825875,
 9.347606,1569384826880,
 9.141972,1569384827882,
 9.063099,1569384828874,
 9.073803,1569384829876,
 8.897465,1569384830880,
 8.976901,1569384831876,
 8.874929,1569384832875,
 8.786479,1569384833881,
 8.819718,1569384834883,
 8.884507,1569384835884,
 9.011268,1569384836876,
 9.176338,1569384837880,
 9.280563,1569384838893,
 9.436056,1569384839880,
 9.367324,1569384840876,
 9.429859,1569384841884,
 9.731268,1569384842898,
 9.915493,1569384843880,
 10.147606,1569384844884,
 10.43831,1569384845884,
 10.444507,1569384846878,
 9.960564,1569384847874,
 9.507042,1569384848882,
 9.504226,1569384849874,
 9.597183,1569384850882,
 9.731831,1569384851881,
 9.443944,1569384852881,
 9.382535,1569384853879,
 9.381409,1569384854879,
 8.978028,1569384855878,
 9.2388735,1569384856880,
 9.463099,1569384857881,
 9.474366,1569384858879,
 9.273803,1569384859875,
 9.305352,1569384860877,
 9.403944,1569384861896,
 9.529014,1569384862874,
 9.654648,1569384863880,
 9.806197,1569384864874,
 9.914929,1569384865878,
 10.2895775,1569384866871,
 10.252395,1569384867887,
 9.913803,1569384868880,
 9.482253,1569384869883,
 9.231549,1569384870881,
 9.209014,1569384871883,
 9.279437,1569384872870,
 9.242817,1569384873883,
 9.371267,1569384874880,
 9.785915,1569384875885,
 10.295774,1569384876885,
 10.767887,1569384877878,
 11.313239,1569384878879,
 11.388169,1569384879874,
 11.864789,1569384880870,
 11.95155,1569384881881,
 11.9746475,1569384882883,
 12.2219715,1569384883879,
 12.175775,1569384884889,
 12.385352,1569384885882,
 12.419155,1569384886876,
 12.321691,1569384887876,
 12.5983095,1569384888870,
 12.819155,1569384889872,
 12.922254,1569384890872,
 13.130141,1569384891875,
 13.061972,1569384892870,
 13.099718,1569384893876,
 13.205634,1569384894873,
 13.033803,1569384895870,
 12.907605,1569384896870,
 13.087888,1569384897865,
 12.946479,1569384898874,
 13.157746,1569384899875,
 13.070422,1569384900908,
 12.814648,1569384901873,
 12.809014,1569384902871,
 12.969578,1569384903873,
 13.00338,1569384904870,
 12.758873,1569384905872,
 12.343662,1569384906873,
 12.101408,1569384907873,
 12.03831,1569384908873,
 12.033239,1569384909876,
 12.712676,1569384910870,
 12.722816,1569384911880,
 12.962254,1569384912879,
 12.889014,1569384913882,
 13.590986,1569384914870,
 14.059718,1569384915857,
 14.096901,1569384916861,
 14.829296,1569384917861,
 16.877747,1569384918870,
 17.259718,1569384919865,
 17.589296,1569384920857,
 17.660282,1569384921860,
 7.607324,1569385035862,
 8.44507,1569385036870,
 9.498028,1569385037876,
 9.365634,1569385038873,
 9.405634,1569385039871,
 9.444507,1569385040871,
 9.56169,1569385041867,
 9.687324,1569385042883,
 9.830422,1569385043881,
 9.92338,1569385044900,
 9.854085,1569385045892,
 9.865915,1569385046881,
 9.837747,1569385047878,
 9.837183,1569385048881,
 9.810141,1569385049873,
 9.657465,1569385050879,
 9.614648,1569385051880,
 9.607887,1569385052872,
 9.678309,1569385053901,
 9.726761,1569385054880,
 9.741408,1569385055881,
 9.696901,1569385056872,
 9.571831,1569385057869,
 9.480563,1569385058874,
 9.447887,1569385059871,
 9.603944,1569385060871,
 9.571831,1569385061869,
 9.585352,1569385062882,
 9.512676,1569385063873,
 9.470986,1569385064865,
 9.343662,1569385065873,
 9.229859,1569385066873,
 9.100282,1569385067874,
 9.051831,1569385068865,
 9.096338,1569385069874,
 9.23493,1569385070873,
 9.402817,1569385071872,
 9.578028,1569385072863,
 9.912676,1569385073892,
 10.216338,1569385074874,
 10.627042,1569385075865,
 11.113239,1569385076871,
 11.541972,1569385077875,
 12.021408,1569385078872,
 12.550986,1569385079880,
 12.753803,1569385080878,
 12.723944,1569385081867,
 12.4185915,1569385082867,
 12.433803,1569385083872,
 11.899718,1569385084868,
 11.47493,1569385085878,
 11.320563,1569385086873,
 11.2388735,1569385087877,
 11.107042,1569385088876,
 10.987606,1569385089875,
 10.855211,1569385090873,
 10.758873,1569385091866,
 10.550986,1569385092866,
 10.5030985,1569385093870,
 10.774648,1569385094874,
 10.913803,1569385095872,
 10.485634,1569385096875,
 10.20845,1569385097873,
 10.335774,1569385098872,
 10.99831,1569385099871,
 11.227042,1569385100871,
 11.528451,1569385101871,
 11.793803,1569385102875,
 12.083943,1569385103877,
 12.356056,1569385104871,
 12.619719,1569385105873,
 12.844507,1569385106874,
 13.205634,1569385107873,
 13.508733,1569385108877,
 13.55831,1569385109883,
 13.723944,1569385110874,
 13.52,1569385111880,
 13.972394,1569385112878,
 14.429859,1569385113870,
 14.606197,1569385114895,
 14.67662,1569385115872,
 14.762254,1569385116874,
 14.587605,1569385117877,
 14.651268,1569385118877,
 14.843944,1569385119880,
 14.726197,1569385120875,
 14.757747,1569385121880,
 14.978592,1569385122877,
 14.982535,1569385123877,
 14.975211,1569385124880,
 15.007324,1569385125877,
 15.055775,1569385126873,
 15.140845,1569385127878,
 15.193803,1569385128873,
 15.369577,1569385129870,
 15.48,1569385130879,
 15.606761,1569385131875,
 15.757747,1569385132907,
 15.919436,1569385133880,
 16.058592,1569385134868,
 16.301409,1569385135873,
 16.468733,1569385136873,
 16.614084,1569385137871,
 16.683943,1569385138873,
 16.912676,1569385139876,
 16.982534,1569385140875,
 17.132957,1569385141871,
 17.334648,1569385142869,
 17.405634,1569385143875,
 17.565071,1569385144864,
 17.73521,1569385145871,
 17.878874,1569385146868,
 17.912676,1569385147869,
 17.801126,1569385148879,
 17.51662,1569385149867,
 17.313803,1569385150867,
 17.224226,1569385151870,
 17.05014,1569385152870,
 16.891268,1569385153869,
 16.856901,1569385154876,
 16.802254,1569385155864,
 16.804506,1569385156868,
 16.886198,1569385157869,
 16.959436,1569385158867,
 16.94986,1569385159867,
 17.030987,1569385160864,
 17.12338,1569385161867,
 17.15662,1569385162864,
 17.158873,1569385163872,
 17.152676,1569385164869,
 17.18648,1569385165869,
 17.225351,1569385166864,
 17.258028,1569385167866,
 17.32338,1569385168864,
 17.2569,1569385169869,
 17.317183,1569385170863,
 17.277746,1569385171877,
 17.295774,1569385172862,
 17.267605,1569385173857,
 17.384226,1569385174858,
 17.461971,1569385175864,
 17.540281,1569385176861,
 17.60676,1569385177865,
 17.656902,1569385178859,
 17.747606,1569385179858,
 17.752676,1569385180861,
 17.674366,1569385181864,
 17.732395,1569385182866,
 17.72845,1569385183861,
 17.705915,1569385184855,
 17.668732,1569385185860,
 17.602818,1569385186866,
 17.554367,1569385187859,
 17.522818,1569385188856,
 17.651268,1569385189857,
 17.751549,1569385190882,
 17.71324,1569385191855,
 17.668732,1569385192861,
 17.628733,1569385193874,
 17.589859,1569385194872,
 17.382536,1569385195864,
 17.240562,1569385196869,
 16.984789,1569385197863,
 16.752113,1569385198871,
 16.542536,1569385199875,
 16.42648,1569385200874,
 16.363943,1569385201871,
 16.249014,1569385202868,
 16.088451,1569385203874,
 15.952113,1569385204870,
 15.792112,1569385205875,
 15.703662,1569385206862,
 15.829859,1569385207861,
 15.941408,1569385208889,
 16.058592,1569385209870,
 16.00507,1569385210870,
 15.296338,1569385211871,
 15.052394,1569385212875,
 14.739718,1569385213874,
 14.44676,1569385214876,
 14.153803,1569385215872,
 13.992113,1569385216868,
 14.010704,1569385217872,
 13.922254,1569385218869,
 13.819155,1569385219869,
 13.746479,1569385220866,
 13.202817,1569385221865,
 13.196056,1569385222866,
 13.258592,1569385223871,
 13.370141,1569385224857,
 13.588169,1569385225866,
 14.052958,1569385226859,
 14.587605,1569385227857,
 15.085071,1569385228865,
 15.515493,1569385229867,
 15.900282,1569385230864,
 16.397747,1569385231861,
 16.869295,1569385232868,
 17.24507,1569385233868,
 17.700846,1569385234866,
 18.027605,1569385235866,
 18.300282,1569385236866,
 18.012959,1569385237863,
 17.563381,1569385238868,
 17.04,1569385239862,
 16.68169,1569385240862,
 16.395493,1569385241860,
 15.973521,1569385242869,
 15.689014,1569385243875,
 15.409014,1569385244873,
 15.184789,1569385245874,
 15.2219715,1569385246867,
 15.213521,1569385247872,
 15.165071,1569385248869,
 15.203943,1569385249880,
 15.185352,1569385250874,
 15.043381,1569385251877,
 15.455212,1569385252862,
 15.981408,1569385253859,
 16.52169,1569385254867,
 16.355494,1569385255878,
 15.8794365,1569385256876,
 15.412958,1569385257876,
 14.986479,1569385258871,
 14.475493,1569385259873,
 13.990422,1569385260871,
 13.450141,1569385261866,
 12.225916,1569385262872,
 11.536901,1569385263870,
 11.046761,1569385264863,
 10.051831,1569385265871,
 9.455212,1569385266870,
 8.941408,1569385267856,
 8.679437,1569385268897,
 8.013521,1569385269864,
 7.4912677,1569385270864,
 7.454648,1569385271863,
 7.787042,1569385272869,
 7.7892957,1569385273866,
 7.4726763,1569385274865,
 6.777465,1569385275867,
 5.8552113,1569385276866,
 4.8783097,1569385277865,
 3.8952112,1569385278865,
 3.4242253,1569385279864,
 2.9138029,1569385280858,
 2.329014,1569385281856,
 2.1447887,1569385282857,
 2.8214085,1569385283862,
 4.07831,1569385284862,
 4.1476054,1569385285859,
 4.214648,1569385286862,
 4.376338,1569385287864,
 4.4659157,1569385288854,
 4.8152113,1569385289861,
 5.042817,1569385290864,
 5.465352,1569385291856,
 6.138592,1569385292856,
 6.8490143,1569385293856,
 7.5921125,1569385294861,
 8.210704,1569385295857,
 8.806197,1569385296854,
 9.3340845,1569385297861,
 9.84338,1569385298860,
 10.31493,1569385299862,
 10.739155,1569385300855,
 11.169014,1569385301855,
 11.48338,1569385302855,
 11.875493,1569385303857,
 12.247888,1569385304854,
 12.601127,1569385305848,
 12.623098,1569385306852,
 12.304789,1569385307894,
 12.352113,1569385308862,
 12.347042,1569385309864,
 12.24169,1569385310859,
 12.138592,1569385311850,
 12.049578,1569385312861,
 11.895775,1569385313869,
 11.788733,1569385314870,
 11.628733,1569385315868,
 11.520563,1569385316858,
 11.3847885,1569385317866,
 11.311549,1569385318866,
 11.283944,1569385319871,
 11.217464,1569385320865,
 11.049578,1569385321861,
 10.882817,1569385322862,
 10.736338,1569385323868,
 10.550423,1569385324864,
 10.073803,1569385325861,
 9.59493,1569385326871,
 9.694648,1569385327873,
 11.045071,1569385328864,
 11.867605,1569385329868,
 12.130141,1569385330871,
 12.141972,1569385331871,
 12.1267605,1569385332873,
 11.730141,1569385333865,
 10.950986,1569385334873,
 10.071549,1569385335870,
 9.531831,1569385336869,
 9.300282,1569385337868,
 9.685634,1569385338868,
 10.030422,1569385339874,
 10.231549,1569385340868,
 10.626479,1569385341872,
 10.844507,1569385342869,
 11.254085,1569385343872,
 11.363944,1569385344865,
 11.470986,1569385345863,
 11.44676,1569385346871,
 11.43662,1569385347868,
 11.292395,1569385348878,
 11.101408,1569385349873,
 10.769014,1569385350872,
 11.032676,1569385351867,
 11.006761,1569385352867,
 11.140845,1569385353869,
 11.250704,1569385354869,
 11.422535,1569385355870,
 11.332395,1569385356874,
 11.513803,1569385357873,
 11.31831,1569385358869,
 11.051831,1569385359871,
 10.750986,1569385360863,
 10.75493,1569385361867,
 10.772394,1569385362866,
 10.412958,1569385363868,
 10.300282,1569385364862,
 10.058028,1569385365862,
 9.782536,1569385366919,
 9.816338,1569385367868,
 9.8,1569385368872,
 9.890141,1569385369864,
 10.184225,1569385370867,
 10.39831,1569385371869,
 10.604507,1569385372864,
 10.881126,1569385373865,
 11.387606,1569385374870,
 11.550986,1569385375868,
 11.211831,1569385376866,
 10.955493,1569385377866,
 11.153803,1569385378868,
 10.864789,1569385379877,
 11.1712675,1569385380863,
 11.358873,1569385381869,
 11.230986,1569385382856,
 11.103662,1569385383860,
 10.889014,1569385384868,
 11.030986,1569385385931,
 10.950422,1569385386868,
 10.785915,1569385387869,
 10.55662,1569385388865,
 10.395493,1569385389866,
 10.112676,1569385390863,
 10.0253525,1569385391860,
 9.872676,1569385392865,
 9.726761,1569385393863,
 9.569577,1569385394864,
 9.381409,1569385395863,
 9.231549,1569385396864,
 9.067606,1569385397867,
 9.039436,1569385398864,
 8.946479,1569385399861,
 8.900282,1569385400869,
 8.993239,1569385401864,
 9.6,1569385402850,
 9.590986,1569385403862,
 9.584788,1569385404908,
 9.562817,1569385405873,
 9.597747,1569385406866,
 9.612958,1569385407863,
 9.884507,1569385408861,
 10.163381,1569385409859,
 10.286197,1569385410852,
 10.380281,1569385411860,
 10.389296,1569385412859,
 10.584226,1569385413848,
 10.7166195,1569385414867,
 10.965071,1569385415864,
 11.162817,1569385416854,
 11.520563,1569385417857,
 11.88338,1569385418862,
 12.255211,1569385419857,
 12.700282,1569385420859,
 13.123381,1569385421861,
 13.56169,1569385422862,
 14.044507,1569385423868,
 14.549295,1569385424862,
 15.100282,1569385425861,
 15.664789,1569385426864,
 16.300282,1569385427863,
 16.807323,1569385428871,
 17.312675,1569385429870,
 18.066479,1569385430869,
 18.855211,1569385431863,
 19.656902,1569385432868,
 20.437183,1569385433874,
 20.831549,1569385434869,
 20.939718,1569385435866,
 20.974085,1569385436862,
 20.701408,1569385437859,
 19.547043,1569385438857,
 18.291267,1569385439865,
 17.574085,1569385440855,
 17.487324,1569385441859,
 17.421972,1569385442846,
 17.843945,1569385443858,
 18.192112,1569385444856,
 18.566196,1569385445858,
 18.785353,1569385446859,
 19.18479,1569385447856,
 19.339155,1569385448854,
 19.529577,1569385449853,
 19.632675,1569385450850,
 19.567324,1569385451854,
 19.424225,1569385452858,
 19.224789,1569385453856,
 18.809013,1569385454858,
 18.169577,1569385455857,
 17.65352,1569385456862,
 17.269297,1569385457856,
 16.849577,1569385458857,
 16.388733,1569385459858,
 15.908169,1569385460850,
 15.3616905,1569385461845,
 14.868169,1569385462869,
 14.725634,1569385463858,
 14.641127,1569385464856,
 14.467606,1569385465855,
 14.471549,1569385466856,
 14.495774,1569385467856,
 14.571831,1569385468857,
 14.52338,1569385469851,
 14.51662,1569385470857,
 14.358873,1569385471848,
 14.229859,1569385472856,
 14.269859,1569385473857,
 14.358873,1569385474855,
 14.484507,1569385475862,
 14.535774,1569385476862,
 14.550986,1569385477865,
 14.769014,1569385478857,
 14.8794365,1569385479866,
 15.130704,1569385480866,
 15.264789,1569385481873,
 15.482253,1569385482860,
 15.688451,1569385483859,
 15.875493,1569385484863,
 15.770704,1569385485863,
 15.719437,1569385486863,
 15.67662,1569385487868,
 15.685634,1569385488864,
 15.674366,1569385489855,
 15.635493,1569385490863,
 15.6090145,1569385491864,
 15.55662,1569385492866,
 15.456338,1569385493865,
 14.71324,1569385494866,
 13.5538025,1569385495860,
 12.915493,1569385496862,
 12.876057,1569385497865,
 12.821972,1569385498861,
 12.7949295,1569385499867,
 12.746479,1569385500855,
 12.685634,1569385501855,
 12.612394,1569385502859,
 12.52169,1569385503856,
 12.415212,1569385504853,
 12.268732,1569385505898,
 12.098028,1569385506866,
 11.850141,1569385507858,
 11.247324,1569385508849,
 10.87155,1569385509861,
 10.754366,1569385510860,
 10.741972,1569385511861,
 10.688451,1569385512858,
 10.890141,1569385513856,
 11.012394,1569385514857,
 10.892394,1569385515856,
 10.122817,1569385516854,
 9.566761,1569385517861,
 8.96,1569385518856,
 8.16,1569385519858,
 7.4833803,1569385520858,
 6.628169,1569385521858,
 6.380845,1569385522850,
 6.1611266,1569385523876,
 6.144225,1569385524856,
 6.2867603,1569385525859,
 6.656338,1569385526856,
 7.4529576,1569385527855,
 8.339718,1569385528856,
 9.067606,1569385529849,
 9.776901,1569385530850,
 10.418028,1569385531851,
 11.165634,1569385532848,
 11.769577,1569385533839,
 11.717747,1569385534843,
 11.258028,1569385535840,
 11.207324,1569385536848,
 11.257464,1569385537848,
 10.891268,1569385538848,
 10.898028,1569385539856,
 10.698029,1569385540839,
 11.018592,1569385541853,
 10.927324,1569385542848,
 11.006197,1569385543848,
 11.03831,1569385544833,
 11.0360565,1569385545842,
 11.027606,1569385546842,
 10.630423,1569385547856,
 9.924507,1569385548856,
 9.494084,1569385549845,
 8.776338,1569385550860,
 7.9177465,1569385551856,
 6.8292956,1569385552849,
 6.194366,1569385553863,
 5.2569013,1569385554859,
 4.455211,1569385555842,
 3.7019718,1569385556844,
 2.7583098,1569385557844,
 1.9042253,1569385558842,
 1.4332395,1569385559850,
 0.5492958,1569385560843,
 0.4028169,1569385561853,
 0.7633803,1569385564850,
 1.5171831,1569385565843,
 1.9476056,1569385566845,
 1.6107042,1569385567844,
 1.247324,1569385568847,
 0.7594366,1569385569839,
 0.4946479,1569385570846,
 0.3171831,1569385592844,
 1.5301409,1569385593841,
 2.859155,1569385594847,
 3.811831,1569385595838,
 3.8101408,1569385596843,
 5.187042,1569385597846,
 6.2687325,1569385598854,
 6.2647886,1569385599858,
 6.2315493,1569385600857,
 6.3357744,1569385601852,
 6.4321127,1569385602860,
 6.5960565,1569385603845,
 6.6597185,1569385604848,
 6.727887,1569385605848,
 6.9104223,1569385606846,
 7.244507,1569385607847,
 7.7814083,1569385608849,
 8.19831,1569385609853,
 8.97014,1569385610856,
 9.305352,1569385611856,
 9.5538025,1569385612856,
 9.690141,1569385613858,
 9.715493,1569385614855,
 10.077183,1569385615848,
 10.627042,1569385616834,
 11.00338,1569385617836,
 11.415212,1569385618848,
 11.966197,1569385619856,
 12.243943,1569385620839,
 12.387606,1569385621856,
 12.680563,1569385622842,
 13.068169,1569385623856,
 13.489014,1569385624851,
 13.877183,1569385625850,
 13.700845,1569385626847,
 13.672112,1569385627843,
 14.252395,1569385628851,
 13.909859,1569385629849,
 13.654084,1569385630860,
 13.006197,1569385631857,
 12.220845,1569385632854,
 11.774648,1569385633845,
 11.407324,1569385634854,
 11.099718,1569385635857,
 10.79831,1569385636854,
 10.6659155,1569385637855,
 10.64507,1569385638837,
 10.8225355,1569385639856,
 10.83324,1569385640851,
 10.621408,1569385641848,
 10.698591,1569385642854,
 10.896901,1569385643854,
 11.062535,1569385644852,
 11.096338,1569385645850,
 11.104789,1569385646853,
 11.285634,1569385647850,
 11.424788,1569385648843,
 11.588169,1569385649846,
 11.642254,1569385650837,
 11.176338,1569385651843,
 10.393803,1569385652847,
 9.409577,1569385653847,
 8.388732,1569385654841,
 7.0321126,1569385655851,
 5.609014,1569385656846,
 3.9983099,1569385657842,
 2.2969015,1569385658870,
 1.3301408,1569385659847,
 1.0512676,1569385660844,
 0.4630986,1569385661846,
 0.4287324,1569385663837,
 0.7752113,1569385664844,
 0.42760563,1569385665857,
 0.37070423,1569385666848,
 0.23323944,1569385717842,
 0.66422534,1569385718839,
 1.6259155,1569385719841,
 2.4276056,1569385720848,
 3.5594366,1569385721848,
 4.8467607,1569385722855,
 6.0276055,1569385723841,
 6.7397184,1569385724849,
 7.51831,1569385725838,
 8.2050705,1569385726850,
 8.311549,1569385727848,
 7.9780283,1569385728841,
 7.456338,1569385729855,
 7.5430984,1569385730843,
 8.492958,1569385731846,
 9.189859,1569385732839,
 9.794366,1569385733843,
 10.135775,1569385734884,
 10.329577,1569385735854,
 10.626479,1569385736842,
 10.916619,1569385737845,
 11.112113,1569385738847,
 11.529577,1569385739846,
 11.752676,1569385740852,
 12.272676,1569385741856,
 12.510986,1569385742840,
 12.745352,1569385743851,
 12.870422,1569385744846,
 13.134085,1569385745852,
 13.03831,1569385746855,
 12.68169,1569385747843,
 12.499719,1569385748856,
 12.371831,1569385749860,
 12.28845,1569385750861,
 12.056901,1569385751863,
 11.724507,1569385752850,
 11.455212,1569385753853,
 11.16676,1569385754888,
 10.71155,1569385755858,
 10.228169,1569385756851,
 9.704226,1569385757859,
 9.210704,1569385758855,
 8.980845,1569385759856,
 8.884507,1569385760858,
 8.881126,1569385761864,
 8.867605,1569385762862,
 8.773521,1569385763857,
 8.100845,1569385764865,
 7.694648,1569385765859,
 7.137465,1569385766863,
 6.610141,1569385767867,
 6.1797185,1569385768862,
 5.805634,1569385769867,
 5.296901,1569385770855,
 4.3030987,1569385771854,
 3.5357747,1569385772871,
 3.0428169,1569385773855,
 2.5036619,1569385774858,
 2.1740844,1569385775858,
 2.0022535,1569385776846,
 2.491831,1569385777858,
 3.124507,1569385778850,
 4.1853523,1569385779855,
 5.1785917,1569385780849,
 5.9678874,1569385781863,
 6.553803,1569385782860,
 7.2630987,1569385783854,
 7.7194366,1569385784857,
 7.946479,1569385785855,
 7.8839436,1569385786871,
 7.9385915,1569385787857,
 8.336338,1569385788860,
 8.567887,1569385789857,
 8.545352,1569385790849,
 8.348732,1569385791881,
 8.063099,1569385792863,
 8.162817,1569385793856,
 8.16676,1569385794856,
 8.2557745,1569385795854,
 8.35831,1569385796852,
 8.550986,1569385797853,
 8.7504225,1569385798843,
 8.796619,1569385799850,
 8.7504225,1569385800850,
 8.526197,1569385801845,
 8.328451,1569385802847,
 8.468733,1569385803855,
 8.108169,1569385804854,
 7.548169,1569385805846,
 6.6912675,1569385806847,
 5.8929577,1569385807846,
 5.0112677,1569385808847,
 4.1295776,1569385809845,
 3.2659154,1569385810854,
 2.4625351,1569385811851,
 1.8287324,1569385812842,
 1.2929578,1569385813850,
 0.868169,1569385814854,
 1.3566197,1569385815845,
 1.1070423,1569385816842,
 1.0557747,1569385817849,
 0.6315493,1569385818846,
 1.0732394,1569385819844,
 1.8107042,1569385820847,
 2.3622534,1569385821844,
 2.8957746,1569385822844,
 3.6597183,1569385823845,
 4.387042,1569385824839,
 4.377465,1569385825848,
 4.5802817,1569385826839,
 4.912676,1569385827836,
 4.8642254,1569385828841,
 4.7205634,1569385829848,
 4.575211,1569385830847,
 4.11831,1569385831841,
 3.4523942,1569385832841,
 3.343662,1569385833841,
 3.2552114,1569385834836,
 3.0647888,1569385835850,
 2.779155,1569385836846,
 2.2242253,1569385837854,
 1.595493,1569385838845,
 1.324507,1569385839856,
 1.2152113,1569385840850,
 1.0585916,1569385841850,
 0.7374648,1569385842846,
 0.93070424,1569385843851,
 1.0794367,1569385844847,
 1.2388732,1569385845851,
 1.5143661,1569385846851,
 1.8016901,1569385847845,
 1.9216901,1569385848875,
 1.9667605,1569385849849,
 2.0878873,1569385850842,
 2.1887324,1569385851849,
 1.96,1569385852848,
 1.940845,1569385853855,
 1.9476056,1569385854850,
 1.9577465,1569385855841,
 2.100845,1569385856840,
 2.1211267,1569385857842,
 2.143662,1569385858842,
 2.1673238,1569385859848,
 2.927324,1569385860851,
 2.581972,1569385861849,
 2.4467607,1569385862843,
 2.3132393,1569385863836,
 2.2343662,1569385864849,
 2.3549297,1569385865851,
 1.9425352,1569385866843,
 1.6416901,1569385867841,
 1.3723943,1569385868845,
 0.87549293,1569385869849,
 1.5932394,1569385870850,
 1.4698591,1569385871844,
 1.3667606,1569385872843,
 1.3357747,1569385873847,
 1.4343662,1569385874846,
 1.1402817,1569385875841,
 1.2360563,1569385876850,
 0.77915496,1569385877845,
 0.3402817,1569385878850,
 0.5109859,1569385879851,
 0.63830984,1569385880848,
 1.0985916,1569385881843,
 1.3656338,1569385882849,
 1.3983098,1569385883843,
 1.383662,1569385884850,
 1.1369014,1569385885844,
 1.0698591,1569385886840,
 1.3560563,1569385887836,
 0.8884507,1569385888888,
 0.7622535,1569385891846,
 0.42985916,1569385892839,
 0.71661973,1569385894837,
 0.9284507,1569385896836,
 0.788169,1569385897834,
 0.36619717,1569385898835,
 0.36732394,1569385902831,
 0.41239437,1569385904833,
 0.37915492,1569385905834,
 0.41802818,1569385906828,
 0.44169015,1569385913834,
 0.8771831,1569385914828,
 0.3949296,1569385918826,
 0.5295775,1569385920823,
 0.43098593,1569385922833,
 0.40394366,1569385923830,
 0.35267606,1569385924829,
 0.41464788,1569385925823,
 0.3307042,1569385927826,
 0.4056338,1569385929840,
