 0.0022535212,1576226419525,
 0.025352113,1576226420420,
 0.02253521,1576226421394,
 0.010140845,1576226422412,
 0.017464789,1576226423412,
 0.014084507,1576226424421,
 0.012394366,1576226425393,
 0.0073239435,1576226426390,
 0.011267605,1576226427405,
 0.0050704223,1576226428426,
 0.007887324,1576226429349,
 0.012957746,1576226430359,
 0.02140845,1576226431344,
 0.010704225,1576226432337,
 0.012394366,1576226433345,
 0.003943662,1576226434344,
 0.01915493,1576226435351,
 0.02140845,1576226436344,
 0.37239435,1576226437344,
 1.3098592,1576226438345,
 2.6557746,1576226439346,
 4.477183,1576226440350,
 5.7211266,1576226441347,
 5.877183,1576226442347,
 5.635493,1576226443346,
 5.322817,1576226444348,
 5.1307044,1576226445346,
 4.703662,1576226446349,
 4.092958,1576226447353,
 3.606197,1576226448350,
 3.388169,1576226449350,
 3.5064788,1576226450341,
 3.7267606,1576226451343,
 4.6985917,1576226452346,
 5.032676,1576226453347,
 5.1222534,1576226454344,
 4.877183,1576226455347,
 4.890141,1576226456344,
 4.594366,1576226457347,
 4.3340845,1576226458348,
 4.112676,1576226459349,
 3.552676,1576226460352,
 3.1532395,1576226461343,
 2.8259156,1576226462345,
 3.779155,1576226463347,
 4.2738028,1576226464347,
 4.8647885,1576226465348,
 5.31662,1576226466344,
 5.652958,1576226467348,
 6.348169,1576226468345,
 7.0219717,1576226469347,
 7.7746477,1576226470345,
 8.246197,1576226471348,
 8.705352,1576226472341,
 8.83324,1576226473348,
 8.649577,1576226474347,
 8.729577,1576226475350,
 8.674366,1576226476348,
 8.490141,1576226477348,
 8.273239,1576226478346,
 8.103099,1576226479342,
 7.8980284,1576226480344,
 7.628169,1576226481344,
 7.4230986,1576226482344,
 7.093521,1576226483344,
 6.67831,1576226484347,
 6.0529575,1576226485344,
 5.903662,1576226486347,
 6.5059156,1576226487344,
 7.549296,1576226488342,
 8.726197,1576226489349,
 9.367324,1576226490343,
 9.506479,1576226491345,
 9.1774645,1576226492345,
 8.395493,1576226493348,
 7.71831,1576226494348,
 7.3988733,1576226495349,
 7.2292957,1576226496346,
 7.0985913,1576226497344,
 7.0259156,1576226498344,
 6.920563,1576226499346,
 6.841127,1576226500346,
 6.80169,1576226501342,
 6.7938027,1576226502346,
 6.742535,1576226503342,
 6.7430987,1576226504341,
 6.787606,1576226505344,
 6.8940845,1576226506346,
 6.8214083,1576226507348,
 6.7707043,1576226508339,
 6.8704224,1576226509342,
 7.032676,1576226510342,
 7.2377467,1576226511343,
 7.47493,1576226512341,
 7.611831,1576226513351,
 7.4923944,1576226514347,
 6.96169,1576226515345,
 6.421972,1576226516348,
 6.703662,1576226517346,
 7.0811267,1576226518345,
 7.073803,1576226519346,
 6.836056,1576226520352,
 6.706479,1576226521346,
 6.946479,1576226522344,
 7.213521,1576226523343,
 7.370704,1576226524342,
 7.2912674,1576226525344,
 7.2653522,1576226526341,
 7.028169,1576226527341,
 6.6811266,1576226528333,
 6.1802816,1576226529338,
 5.762817,1576226530330,
 5.949296,1576226531336,
 6.1921124,1576226532335,
 6.4580283,1576226533336,
 6.7712674,1576226534336,
 7.3087325,1576226535343,
 7.7346478,1576226536338,
 8.185352,1576226537338,
 8.535212,1576226538334,
 8.83155,1576226539329,
 9.213521,1576226540332,
 9.618029,1576226541330,
 9.8563385,1576226542333,
 9.60507,1576226543343,
 9.19662,1576226544345,
 8.849578,1576226545344,
 8.824789,1576226546347,
 8.818591,1576226547345,
 7.943662,1576226548338,
 6.779155,1576226549352,
 5.3290143,1576226550348,
 4.3290143,1576226551349,
 3.9447887,1576226552338,
 3.8574648,1576226553338,
 3.613521,1576226554342,
 3.7504225,1576226555340,
 4.414648,1576226556331,
 5.447324,1576226557331,
 6.463662,1576226558331,
 7.31662,1576226559328,
 7.8146477,1576226560330,
 7.9926763,1576226561330,
 7.908169,1576226562329,
 7.6078873,1576226563329,
 7.3002815,1576226564331,
 6.3830986,1576226565341,
 5.117183,1576226566343,
 4.903662,1576226567345,
 4.694648,1576226568343,
 4.297465,1576226569346,
 3.9791548,1576226570338,
 4.3014083,1576226571343,
 5.00507,1576226572340,
 5.9284506,1576226573346,
 6.8777466,1576226574345,
 7.6749296,1576226575342,
 7.890704,1576226576344,
 7.929014,1576226577344,
 7.6957746,1576226578349,
 7.4822536,1576226579348,
 7.845634,1576226580351,
 8.110422,1576226581340,
 8.282253,1576226582344,
 8.347042,1576226583343,
 8.194366,1576226584343,
 7.3357744,1576226585342,
 6.2349296,1576226586341,
 5.1019716,1576226587340,
 4.4180284,1576226588337,
 4.0411267,1576226589346,
 3.7616901,1576226590342,
 4.0630984,1576226591347,
 4.503662,1576226592352,
 4.8704224,1576226593347,
 5.404507,1576226594345,
 6.0349298,1576226595347,
 6.832676,1576226596345,
 7.713803,1576226597347,
 8.350423,1576226598343,
 8.713803,1576226599336,
 8.949296,1576226600341,
 8.147042,1576226601343,
 6.9312677,1576226602342,
 6.0349298,1576226603344,
 6.51831,1576226604342,
 7.019718,1576226605346,
 7.5464787,1576226606347,
 7.984789,1576226607345,
 8.400563,1576226608346,
 8.4461975,1576226609352,
 7.447324,1576226610339,
 7.965634,1576226611346,
 7.5216904,1576226612345,
 6.416338,1576226613342,
 6.20338,1576226614343,
 6.4839435,1576226615347,
 7.129014,1576226616344,
 7.285634,1576226617341,
 7.8478875,1576226618344,
 8.196056,1576226619342,
 8.3402815,1576226620337,
 7.8185916,1576226621343,
 6.619155,1576226622341,
 5.80169,1576226623341,
 5.429859,1576226624341,
 5.0360565,1576226625342,
 4.822535,1576226626338,
 4.9842253,1576226627343,
 5.315493,1576226628335,
 5.858028,1576226629342,
 6.544789,1576226630342,
 7.3160563,1576226631339,
 7.954366,1576226632343,
 8.52338,1576226633345,
 8.682254,1576226634340,
 8.785915,1576226635342,
 8.682254,1576226636342,
 8.672112,1576226637346,
 8.546479,1576226638343,
 8.3402815,1576226639338,
 7.575211,1576226640345,
 6.935775,1576226641347,
 6.6704226,1576226642342,
 6.1312675,1576226643344,
 6.029296,1576226644342,
 5.7498593,1576226645350,
 4.884507,1576226646337,
 4.4585915,1576226647341,
 4.632676,1576226648341,
 4.8422537,1576226649343,
 5.0676055,1576226650345,
 5.0360565,1576226651348,
 4.63831,1576226652346,
 4.4366198,1576226653347,
 4.4287324,1576226654344,
 4.5921125,1576226655346,
 4.9729576,1576226656345,
 5.1605635,1576226657344,
 4.7667603,1576226658344,
 3.9492958,1576226659346,
 2.9825351,1576226660345,
 2.4704225,1576226661344,
 2.029859,1576226662346,
 1.8805634,1576226663345,
 1.8242253,1576226664349,
 1.9661971,1576226665343,
 1.8287324,1576226666348,
 1.510986,1576226667345,
 1.5430986,1576226668340,
 1.3543662,1576226669350,
 1.7036619,1576226670345,
 2.1053522,1576226671344,
 2.7166197,1576226672344,
 3.373521,1576226673344,
 4.053521,1576226674344,
 4.850704,1576226675342,
 5.708169,1576226676345,
 6.533521,1576226677345,
 7.3188734,1576226678346,
 8.112113,1576226679341,
 8.56169,1576226680344,
 8.696901,1576226681345,
 8.726761,1576226682348,
 8.75493,1576226683342,
 8.795493,1576226684342,
 8.762254,1576226685342,
 8.826479,1576226686337,
 8.28507,1576226687343,
 7.388169,1576226688341,
 6.580845,1576226689339,
 6.713803,1576226690338,
 7.019155,1576226691341,
 7.2484508,1576226692339,
 7.5132394,1576226693342,
 7.009014,1576226694339,
 6.5949297,1576226695342,
 6.019155,1576226696338,
 5.145352,1576226697331,
 4.011831,1576226698337,
 3.3673239,1576226699337,
 2.1538029,1576226700336,
 1.5284507,1576226701332,
 0.39887324,1576226702330,
 0.0050704223,1576226703328,
 0.028169014,1576226704325,
 0.012394366,1576226705329,
 0.02140845,1576226706326,
 0.01690141,1576226707331,
 0.01971831,1576226708325,
 0.010704225,1576226709332,
 0.016338028,1576226710330,
 0.0045070425,1576226711337,
 0.006197183,1576226712333,
 0.012394366,1576226713330,
 0.008450705,1576226714333,
 0.0033802816,1576226715326,
 0.01915493,1576226716326,
 0.0056338026,1576226717331,
 0.017464789,1576226718327,
 0.021971831,1576226719326,
 0.43549296,1576226720332,
 1.4878874,1576226721335,
 2.357183,1576226722375,
 2.940845,1576226723339,
 2.029859,1576226724341,
 2.056338,1576226725343,
 2.8788733,1576226726338,
 3.764507,1576226727341,
 4.5132394,1576226728340,
 5.204507,1576226729349,
 6.026479,1576226730341,
 6.9087324,1576226731344,
 7.4704227,1576226732338,
 7.698028,1576226733339,
 7.7312675,1576226734341,
 7.6304226,1576226735345,
 7.4394364,1576226736340,
 7.1121125,1576226737337,
 6.8569016,1576226738336,
 6.5876055,1576226739343,
 6.3577466,1576226740336,
 5.496338,1576226741338,
 4.628732,1576226742343,
 4.496338,1576226743339,
 4.4321127,1576226744335,
 4.2259154,1576226745333,
 3.579155,1576226746339,
 2.659155,1576226747335,
 2.3447888,1576226748327,
 2.3250704,1576226749333,
 2.4304225,1576226750337,
 2.3932395,1576226751336,
 3.0022535,1576226752335,
 4.138028,1576226753341,
 5.112676,1576226754340,
 6.2157745,1576226755337,
 7.429859,1576226756340,
 8.655775,1576226757342,
 9.505916,1576226758343,
 10.3340845,1576226759342,
 11.104789,1576226760345,
 11.707043,1576226761339,
 12.401127,1576226762341,
 12.549295,1576226763340,
 12.47662,1576226764340,
 12.717183,1576226765341,
 12.748733,1576226766332,
 12.861408,1576226767334,
 12.757183,1576226768338,
 12.877747,1576226769335,
 12.936901,1576226770337,
 13.032113,1576226771339,
 13.034367,1576226772339,
 13.1543665,1576226773332,
 13.227606,1576226774338,
 13.237746,1576226775340,
 13.310986,1576226776337,
 13.36676,1576226777335,
 13.503662,1576226778336,
 13.376902,1576226779337,
 13.014085,1576226780337,
 12.606197,1576226781339,
 12.256902,1576226782334,
 11.811268,1576226783336,
 11.409577,1576226784337,
 11.047324,1576226785340,
 10.636056,1576226786336,
 10.362817,1576226787334,
 9.99831,1576226788334,
 9.276056,1576226789342,
 8.978028,1576226790339,
 8.6383095,1576226791336,
 8.172957,1576226792336,
 6.722817,1576226793336,
 4.940282,1576226794335,
 4.127324,1576226795331,
 3.7509859,1576226796340,
 3.536338,1576226797335,
 3.225352,1576226798340,
 2.9757748,1576226799335,
 2.6692958,1576226800337,
 2.3323944,1576226801341,
 2.103662,1576226802335,
 1.8309859,1576226803339,
 2.3222535,1576226804338,
 3.1014085,1576226805337,
 4.0416903,1576226806331,
 4.2777467,1576226807339,
 4.129014,1576226808332,
 4.1898594,1576226809337,
 4.7504225,1576226810341,
 5.8647885,1576226811341,
 7.08,1576226812338,
 8.117746,1576226813339,
 8.805071,1576226814338,
 9.312113,1576226815339,
 9.782536,1576226816337,
 10.05014,1576226817337,
 9.865352,1576226818340,
 9.389859,1576226819342,
 7.4777465,1576226820344,
 4.9966197,1576226821338,
 2.2529578,1576226822335,
 1.1977465,1576226823338,
 0.6946479,1576226824331,
 0.63267606,1576226825337,
 0.21859156,1576226826329,
 0.046760563,1576226827332,
 0.0073239435,1576226828326,
 0.37239435,1576226829337,
 0.8338028,1576226830335,
 1.4749296,1576226831339,
 2.2642252,1576226832339,
 3.0721126,1576226833338,
 3.604507,1576226834337,
 3.5369015,1576226835331,
 3.4884508,1576226836333,
 4.287887,1576226837341,
 5.1701407,1576226838333,
 5.772958,1576226839336,
 6.214648,1576226840357,
 6.3442254,1576226841358,
 6.5419717,1576226842349,
 6.827042,1576226843349,
 6.890704,1576226844349,
 6.5014086,1576226845349,
 6.1752114,1576226846349,
 6.4377465,1576226847357,
 6.905352,1576226848357,
 6.9842253,1576226849357,
 7.3949294,1576226850348,
 7.4585915,1576226851349,
 7.407324,1576226852338,
 7.2377467,1576226853359,
 7.030986,1576226854355,
 6.896338,1576226855355,
 6.980282,1576226856356,
 6.8405633,1576226857359,
 6.466479,1576226858364,
 6.1707044,1576226859355,
 7.2411265,1576226860355,
 7.484507,1576226861355,
 7.6495776,1576226862355,
 7.0484505,1576226863356,
 6.687324,1576226864320,
 6.8642254,1576226865355,
 6.388169,1576226866350,
 4.3250704,1576226867362,
 3.0214086,1576226868337,
 2.0450704,1576226869356,
 1.4811268,1576226870354,
 1.0,1576226871373,
 0.30422536,1576226872317,
 0.09859155,1576226873358,
 0.0056338026,1576226874324,
 0.011267605,1576226875314,
 0.047887325,1576226876318,
 0.69859153,1576226877322,
 1.2625352,1576226878324,
 1.7594366,1576226879368,
 2.2614086,1576226880375,
 2.5994365,1576226881368,
 2.8450704,1576226882374,
 2.6861973,1576226883375,
 2.3932395,1576226884353,
 2.5876057,1576226885368,
 2.9977465,1576226886327,
 3.8743663,1576226887379,
 4.689014,1576226888356,
 5.2839437,1576226889364,
 5.846197,1576226890369,
 5.875493,1576226891362,
 5.540845,1576226892371,
 5.1261973,1576226893367,
 4.60338,1576226894373,
 3.9870422,1576226895372,
 3.456338,1576226896373,
 3.303662,1576226897367,
 4.1121125,1576226898374,
 4.5718307,1576226899332,
 4.8884506,1576226900354,
 5.351549,1576226901373,
 5.946479,1576226902335,
 6.7115493,1576226903374,
 7.5222535,1576226904372,
 8.454084,1576226905373,
 9.152676,1576226906373,
 9.571268,1576226907333,
 10.020845,1576226908332,
 10.437183,1576226909367,
 10.990986,1576226910338,
 11.631549,1576226911335,
 12.2833805,1576226912335,
 12.927324,1576226913356,
 13.125071,1576226914334,
 12.927324,1576226915338,
 12.787043,1576226916335,
 12.652958,1576226917333,
 12.551549,1576226918332,
 12.583098,1576226919338,
 12.623662,1576226920335,
 12.637183,1576226921340,
 12.687324,1576226922334,
 12.683944,1576226923339,
 12.738029,1576226924337,
 12.821972,1576226925333,
 12.976338,1576226926329,
 13.1543665,1576226927340,
 13.371831,1576226928336,
 13.541972,1576226929335,
 13.699718,1576226930335,
 13.897465,1576226931333,
 13.926761,1576226932332,
 13.956057,1576226933335,
 13.954929,1576226934340,
 13.72,1576226935336,
 13.410141,1576226936336,
 13.152113,1576226937336,
 12.916057,1576226938340,
 12.646761,1576226939340,
 12.393803,1576226940340,
 12.20845,1576226941338,
 12.032113,1576226942334,
 11.945915,1576226943333,
 11.922817,1576226944328,
 11.901972,1576226945338,
 11.849014,1576226946332,
 12.113239,1576226947334,
 12.464226,1576226948334,
 12.788169,1576226949332,
 13.105915,1576226950333,
 13.411831,1576226951335,
 13.696338,1576226952335,
 13.708169,1576226953334,
 13.52338,1576226954331,
 13.054647,1576226955330,
 12.300845,1576226956333,
 11.512113,1576226957336,
 10.792112,1576226958333,
 10.089578,1576226959336,
 9.382535,1576226960332,
 8.864225,1576226961335,
 8.287324,1576226962328,
 7.0461974,1576226963340,
 6.35662,1576226964338,
 5.48,1576226965335,
 4.9132395,1576226966336,
 4.529014,1576226967338,
 4.8884506,1576226968334,
 6.163944,1576226969347,
 7.7515492,1576226970340,
 9.27831,1576226971337,
 10.478873,1576226972337,
 11.353803,1576226973331,
 12.1205635,1576226974338,
 12.807887,1576226975341,
 13.502535,1576226976332,
 14.196056,1576226977331,
 14.734648,1576226978330,
 15.07831,1576226979333,
 15.343662,1576226980328,
 15.344789,1576226981336,
 14.916057,1576226982336,
 14.690704,1576226983336,
 14.67493,1576226984330,
 14.7611265,1576226985337,
 14.870422,1576226986336,
 15.0360565,1576226987350,
 15.157183,1576226988336,
 15.303099,1576226989336,
 15.383099,1576226990336,
 15.442253,1576226991332,
 15.477183,1576226992336,
 15.607324,1576226993339,
 15.67493,1576226994334,
 15.741972,1576226995333,
 15.826479,1576226996332,
 15.900282,1576226997331,
 16.012394,1576226998332,
 16.092394,1576226999339,
 16.141409,1576227000336,
 16.198309,1576227001333,
 16.264225,1576227002332,
 16.183098,1576227003332,
 16.054085,1576227004332,
 15.972394,1576227005336,
 16.04676,1576227006330,
 16.157747,1576227007332,
 16.320564,1576227008330,
 16.47831,1576227009332,
 16.460846,1576227010327,
 16.05352,1576227011330,
 15.458591,1576227012326,
 14.887324,1576227013322,
 14.233239,1576227014328,
 13.698029,1576227015328,
 13.341409,1576227016332,
 13.273239,1576227017342,
 13.314366,1576227018331,
 13.424788,1576227019336,
 13.545916,1576227020334,
 13.707043,1576227021336,
 13.465352,1576227022334,
 13.009578,1576227023336,
 12.510986,1576227024329,
 12.050704,1576227025337,
 11.612394,1576227026338,
 11.180845,1576227027334,
 10.80169,1576227028334,
 10.412958,1576227029341,
 9.993803,1576227030333,
 9.437183,1576227031330,
 9.114367,1576227032331,
 8.863098,1576227033331,
 8.903662,1576227034331,
 9.220282,1576227035332,
 9.575212,1576227036331,
 9.902535,1576227037329,
 10.23662,1576227038334,
 10.072113,1576227039334,
 10.146479,1576227040329,
 10.323944,1576227041333,
 10.586479,1576227042325,
 10.835493,1576227043331,
 11.3171835,1576227044330,
 11.857465,1576227045328,
 12.372395,1576227046329,
 12.60169,1576227047335,
 12.376338,1576227048327,
 11.935775,1576227049328,
 10.961126,1576227050330,
 10.343099,1576227051332,
 9.501409,1576227052328,
 8.854085,1576227053331,
 8.44676,1576227054334,
 8.095775,1576227055332,
 8.0867605,1576227056329,
 8.16845,1576227057334,
 8.1774645,1576227058330,
 8.273803,1576227059336,
 8.424788,1576227060328,
 8.576901,1576227061364,
 8.969014,1576227062328,
 9.71493,1576227063329,
 10.532958,1576227064326,
 11.202817,1576227065333,
 11.926761,1576227066333,
 12.623098,1576227067331,
 13.034367,1576227068335,
 13.376338,1576227069330,
 13.714366,1576227070330,
 14.043943,1576227071331,
 14.294648,1576227072333,
 14.517747,1576227073330,
 14.828169,1576227074336,
 15.107606,1576227075325,
 15.388732,1576227076330,
 15.460845,1576227077335,
 15.095211,1576227078331,
 14.817465,1576227079332,
 14.869859,1576227080329,
 14.638873,1576227081334,
 14.131831,1576227082327,
 13.588733,1576227083337,
 13.073803,1576227084333,
 12.670423,1576227085331,
 12.712676,1576227086335,
 12.621408,1576227087333,
 12.420281,1576227088331,
 12.499155,1576227089339,
 12.661972,1576227090331,
 12.802254,1576227091331,
 12.9853525,1576227092330,
 13.176902,1576227093327,
 13.417465,1576227094330,
 13.689577,1576227095335,
 13.970704,1576227096331,
 14.252395,1576227097330,
 14.479437,1576227098332,
 14.202817,1576227099330,
 13.748169,1576227100325,
 13.745352,1576227101332,
 13.893521,1576227102329,
 14.051268,1576227103329,
 14.154929,1576227104327,
 14.273803,1576227105330,
 14.442817,1576227106329,
 14.611268,1576227107334,
 14.799437,1576227108329,
 14.887887,1576227109329,
 14.552113,1576227110328,
 14.014085,1576227111326,
 13.390423,1576227112331,
 12.039436,1576227113332,
 10.772958,1576227114325,
 9.583098,1576227115323,
 8.875493,1576227116327,
 8.407887,1576227117329,
 7.6061974,1576227118328,
 6.8078876,1576227119335,
 5.757183,1576227120331,
 4.84,1576227121328,
 4.5019717,1576227122323,
 4.247887,1576227123330,
 4.033803,1576227124329,
 3.8354928,1576227125334,
 3.7391548,1576227126327,
 3.6129577,1576227127328,
 2.8726761,1576227128328,
 1.8822535,1576227129326,
 0.8614085,1576227130329,
 0.23267606,1576227131333,
 0.010704225,1576227132320,
 0.003943662,1576227133317,
 0.009014085,1576227134324,
 0.010704225,1576227135323,
 0.0045070425,1576227136321,
 0.0045070425,1576227137327,
 0.008450705,1576227138320,
 0.003943662,1576227139322,
 0.0056338026,1576227140315,
 0.0033802816,1576227141320,
 0.0073239435,1576227142324,
 0.0073239435,1576227143326,
 0.015774649,1576227144323,
 0.016338028,1576227145323,
 0.0045070425,1576227146324,
 0.0022535212,1576227147321,
 0.0050704223,1576227148320,
 0.009014085,1576227149328,
 0.010704225,1576227150321,
 0.0067605632,1576227151316,
 0.007887324,1576227152320,
 0.0016901408,1576227153321,
 0.009577465,1576227154319,
 0.009577465,1576227155326,
 0.0050704223,1576227156320,
 0.0016901408,1576227157322,
 0.006197183,1576227158321,
 0.003943662,1576227159322,
 0.0016901408,1576227160322,
 0.012957746,1576227161326,
 0.0016901408,1576227162318,
 0.010704225,1576227163321,
 0.009014085,1576227164321,
 0.003943662,1576227165318,
 0.0050704223,1576227166320,
 0.0067605632,1576227167326,
 0.0033802816,1576227168321,
 0.0011267606,1576227169317,
 0.0073239435,1576227170321,
 0.33802816,1576227171326,
 0.65859157,1576227172327,
 0.7774648,1576227173330,
 1.0856338,1576227174326,
 1.4259155,1576227175325,
 2.2377465,1576227176325,
 3.2811267,1576227177325,
 3.3070424,1576227178324,
 3.2670422,1576227179334,
 3.2760563,1576227180324,
 3.269859,1576227181326,
 2.6642253,1576227182327,
 1.3571831,1576227183325,
 0.07098591,1576227184321,
 0.0050704223,1576227185325,
 0.0022535212,1576227186320,
 0.0028169013,1576227187320,
 0.003943662,1576227188321,
 0.0073239435,1576227189321,
 0.007887324,1576227190319,
 0.012957746,1576227191321,
 0.0135211265,1576227192318,
 0.006197183,1576227193320,
 0.008450705,1576227194324,
 0.006197183,1576227195321,
 0.0073239435,1576227196321,
 0.0073239435,1576227197325,
 0.014647887,1576227198318,
 0.007887324,1576227199322,
 0.0050704223,1576227200321,
 0.008450705,1576227201321,
 0.0045070425,1576227202318,
 0.0067605632,1576227203327,
 0.011267605,1576227204325,
 0.008450705,1576227205324,
 0.009014085,1576227206324,
 0.0050704223,1576227207321,
 0.012394366,1576227208320,
 0.007887324,1576227209325,
 0.008450705,1576227210326,
 0.008450705,1576227211322,
 0.0050704223,1576227212321,
 0.0045070425,1576227213322,
 0.0067605632,1576227214321,
 0.0033802816,1576227215328,
 0.0056338026,1576227216321,
 0.0028169013,1576227217322,
 0.009014085,1576227218320,
 0.0056338026,1576227219321,
 0.012957746,1576227220315,
 0.003943662,1576227221328,
 0.003943662,1576227222320,
 0.0022535212,1576227223321,
 0.0011267606,1576227224320,
 0.0073239435,1576227225320,
 0.0050704223,1576227226323,
 0.0011267606,1576227227324,
 0.009014085,1576227228325,
 0.0028169013,1576227229320,
 0.0016901408,1576227230320,
 0.003943662,1576227231317,
 0.40676057,1576227232330,
 1.7492958,1576227233333,
 2.9847887,1576227234327,
 4.2997184,1576227235327,
 5.2822537,1576227236325,
 5.856338,1576227237328,
 6.27662,1576227238327,
 7.310986,1576227239335,
 8.301971,1576227240332,
 9.256902,1576227241328,
 10.074367,1576227242326,
 10.889578,1576227243328,
 11.552676,1576227244327,
 12.2219715,1576227245333,
 12.917183,1576227246327,
 13.544788,1576227247326,
 13.896338,1576227248326,
 13.623662,1576227249322,
 13.584788,1576227250328,
 13.9070425,1576227251330,
 14.148169,1576227252327,
 13.913803,1576227253327,
 13.489577,1576227254328,
 13.009578,1576227255327,
 12.592113,1576227256328,
 12.037183,1576227257333,
 10.901408,1576227258330,
 9.909296,1576227259327,
 9.273239,1576227260322,
 8.935775,1576227261327,
 8.314366,1576227262328,
 7.822535,1576227263331,
 7.548169,1576227264326,
 7.260845,1576227265325,
 7.324507,1576227266329,
 7.868169,1576227267324,
 8.918873,1576227268327,
 9.932958,1576227269331,
 10.31831,1576227270324,
 10.812958,1576227271322,
 11.501972,1576227272327,
 12.267042,1576227273327,
 13.028732,1576227274328,
 13.726197,1576227275329,
 14.328451,1576227276327,
 14.935775,1576227277328,
 15.589295,1576227278321,
 16.171831,1576227279326,
 16.490704,1576227280327,
 16.39493,1576227281331,
 16.262535,1576227282325,
 16.430422,1576227283326,
 16.507607,1576227284326,
 16.215212,1576227285326,
 15.866479,1576227286328,
 15.52169,1576227287330,
 15.164507,1576227288327,
 14.019155,1576227289321,
 11.7780285,1576227290328,
 10.494084,1576227291327,
 9.932394,1576227292326,
 9.515493,1576227293331,
 9.226479,1576227294327,
 9.487324,1576227295328,
 9.888451,1576227296325,
 10.305916,1576227297328,
 10.927324,1576227298326,
 11.689577,1576227299329,
 12.569015,1576227300324,
 13.4461975,1576227301325,
 14.243943,1576227302326,
 14.903662,1576227303326,
 15.5476055,1576227304330,
 16.202253,1576227305333,
 16.822535,1576227306329,
 17.185352,1576227307324,
 17.088451,1576227308327,
 16.775774,1576227309328,
 16.420282,1576227310327,
 16.065351,1576227311328,
 15.717747,1576227312325,
 15.372395,1576227313328,
 14.242253,1576227314326,
 12.194929,1576227315328,
 10.664789,1576227316325,
 9.270986,1576227317328,
 7.742535,1576227318320,
 7.093521,1576227319328,
 6.035493,1576227320326,
 4.6411266,1576227321325,
 4.3476057,1576227322328,
 4.1740847,1576227323330,
 4.8422537,1576227324327,
 6.415211,1576227325322,
 8.162253,1576227326329,
 9.8456335,1576227327326,
 11.083943,1576227328325,
 12.111549,1576227329326,
 13.033239,1576227330326,
 13.5645075,1576227331324,
 14.099718,1576227332323,
 14.611268,1576227333324,
 14.844507,1576227334324,
 14.64338,1576227335327,
 14.504788,1576227336322,
 14.447324,1576227337325,
 14.207888,1576227338324,
 13.971268,1576227339323,
 13.709296,1576227340319,
 12.833803,1576227341327,
 11.893521,1576227342323,
 11.421972,1576227343328,
 10.907605,1576227344328,
 10.422535,1576227345326,
 10.277746,1576227346325,
 10.560563,1576227347321,
 10.978028,1576227348324,
 11.484507,1576227349324,
 12.019718,1576227350326,
 12.583662,1576227351325,
 12.808451,1576227352327,
 12.437183,1576227353331,
 11.304789,1576227354329,
 10.792112,1576227355325,
 10.72169,1576227356325,
 10.830986,1576227357326,
 10.656338,1576227358320,
 10.494084,1576227359333,
 10.602817,1576227360329,
 10.912676,1576227361325,
 11.260282,1576227362325,
 11.204507,1576227363325,
 9.437183,1576227364325,
 7.450704,1576227365328,
 5.791549,1576227366325,
 4.2214084,1576227367324,
 3.9430985,1576227368326,
 3.9070423,1576227369319,
 3.9960563,1576227370323,
 3.7752113,1576227371328,
 2.8315494,1576227372322,
 1.4523944,1576227373323,
 0.1487324,1576227374327,
 0.0011267606,1576227375318,
 0.011267605,1576227376312,
 0.009014085,1576227377327,
 0.023098592,1576227378316,
 0.0028169013,1576227379316,
 0.003943662,1576227380313,
 0.008450705,1576227381315,
 0.010140845,1576227382316,
 0.0022535212,1576227383321,
 0.009014085,1576227384319,
 0.009577465,1576227385316,
 0.0045070425,1576227386322,
 0.0067605632,1576227387310,
 0.010140845,1576227388315,
 0.007887324,1576227389324,
 0.0067605632,1576227390315,
 0.0028169013,1576227391317,
 0.0067605632,1576227392317,
 0.008450705,1576227393316,
 0.0056338026,1576227394316,
 0.003943662,1576227395319,
 0.0073239435,1576227396315,
 0.0073239435,1576227397316,
 0.0028169013,1576227398311,
 0.015774649,1576227399316,
 0.0028169013,1576227400317,
 0.009014085,1576227401322,
 0.0073239435,1576227402315,
 0.0067605632,1576227403315,
 0.010140845,1576227404350,
 0.0050704223,1576227405328,
 0.0033802816,1576227406336,
 0.0045070425,1576227407320,
 0.006197183,1576227408317,
 0.0056338026,1576227409318,
 0.39605632,1576227410321,
 0.94140846,1576227411322,
 2.2507043,1576227412321,
 3.6028168,1576227413327,
 5.032676,1576227414325,
 6.437183,1576227415322,
 7.5915494,1576227416317,
 8.60507,1576227417322,
 9.550986,1576227418324,
 10.335774,1576227419330,
 10.75831,1576227420325,
 10.707043,1576227421322,
 10.966761,1576227422324,
 11.162253,1576227423327,
 11.193803,1576227424321,
 11.465352,1576227425328,
 11.491267,1576227426322,
 11.292957,1576227427316,
 11.077183,1576227428321,
 10.8287325,1576227429321,
 10.072113,1576227430322,
 9.437746,1576227431326,
 8.642254,1576227432324,
 7.9932394,1576227433320,
 7.7301407,1576227434319,
 7.7543664,1576227435319,
 7.785352,1576227436320,
 8.099154,1576227437326,
 8.43493,1576227438316,
 9.2895775,1576227439324,
 10.194929,1576227440323,
 11.136338,1576227441322,
 12.056901,1576227442322,
 12.903099,1576227443325,
 13.735775,1576227444322,
 14.085634,1576227445316,
 14.388169,1576227446326,
 14.666479,1576227447319,
 14.931268,1576227448319,
 15.15662,1576227449326,
 15.317746,1576227450325,
 15.410141,1576227451322,
 15.484507,1576227452321,
 15.562254,1576227453321,
 15.48169,1576227454320,
 15.3847885,1576227455325,
 15.331831,1576227456316,
 15.28,1576227457319,
 15.301409,1576227458319,
 15.32676,1576227459319,
 15.505352,1576227460320,
 15.721127,1576227461326,
 15.947606,1576227462322,
 16.21014,1576227463320,
 16.450705,1576227464320,
 16.689577,1576227465318,
 16.942535,1576227466318,
 16.92169,1576227467317,
 16.407324,1576227468319,
 15.840564,1576227469317,
 15.259718,1576227470318,
 14.670986,1576227471318,
 14.085634,1576227472317,
 13.489014,1576227473325,
 12.896338,1576227474314,
 12.304789,1576227475317,
 11.697465,1576227476317,
 11.144225,1576227477319,
 10.598873,1576227478315,
 10.513803,1576227479324,
 10.770704,1576227480319,
 11.059718,1576227481317,
 11.397746,1576227482320,
 11.527887,1576227483317,
 11.570704,1576227484317,
 11.235493,1576227485316,
 11.146479,1576227486317,
 11.3064785,1576227487317,
 11.406198,1576227488314,
 11.585352,1576227489312,
 11.645634,1576227490313,
 11.27493,1576227491320,
 10.717747,1576227492316,
 9.870986,1576227493317,
 9.026479,1576227494319,
 8.520563,1576227495317,
 8.355493,1576227496311,
 8.40507,1576227497325,
 8.629859,1576227498317,
 9.211267,1576227499317,
 9.975211,1576227500317,
 10.569577,1576227501317,
 10.941972,1576227502316,
 11.274366,1576227503322,
 11.190986,1576227504317,
 11.517183,1576227505317,
 12.1712675,1576227506317,
 12.851831,1576227507312,
 13.237746,1576227508315,
 13.375774,1576227509322,
 13.072676,1576227510316,
 12.683944,1576227511316,
 12.508733,1576227512316,
 12.656338,1576227513316,
 12.993239,1576227514313,
 13.323944,1576227515320,
 13.708169,1576227516315,
 14.269859,1576227517315,
 14.944789,1576227518317,
 15.657465,1576227519318,
 16.04169,1576227520316,
 15.877747,1576227521323,
 15.540845,1576227522315,
 15.152113,1576227523316,
 14.763944,1576227524314,
 14.303662,1576227525309,
 13.8,1576227526313,
 13.414084,1576227527318,
 13.122253,1576227528315,
 13.394366,1576227529314,
 13.679437,1576227530314,
 13.5645075,1576227531313,
 13.439437,1576227532312,
 13.836619,1576227533319,
 14.395493,1576227534314,
 14.967324,1576227535316,
 15.55662,1576227536305,
 16.118309,1576227537310,
 16.668732,1576227538310,
 17.161127,1576227539319,
 17.66648,1576227540315,
 18.039436,1576227541314,
 17.76338,1576227542315,
 17.579155,1576227543311,
 17.581972,1576227544313,
 17.627043,1576227545319,
 17.695774,1576227546317,
 17.840563,1576227547311,
 17.925634,1576227548314,
 17.977465,1576227549314,
 17.672676,1576227550316,
 17.265915,1576227551319,
 16.985352,1576227552316,
 16.896338,1576227553313,
 16.958874,1576227554309,
 17.086197,1576227555312,
 17.203943,1576227556311,
 17.322254,1576227557319,
 17.433239,1576227558315,
 17.531832,1576227559315,
 17.667042,1576227560314,
 17.794367,1576227561315,
 17.953802,1576227562312,
 18.169577,1576227563317,
 18.37014,1576227564314,
 18.202253,1576227565307,
 17.806198,1576227566315,
 17.372395,1576227567314,
 16.92,1576227568312,
 16.443943,1576227569322,
 16.032112,1576227570312,
 15.917747,1576227571313,
 15.979155,1576227572310,
 16.054085,1576227573313,
 16.113802,1576227574315,
 16.162254,1576227575317,
 16.041126,1576227576308,
 15.667605,1576227577313,
 15.251267,1576227578315,
 14.842254,1576227579311,
 14.425352,1576227580313,
 13.988169,1576227581317,
 13.545916,1576227582312,
 13.060282,1576227583310,
 12.427606,1576227584313,
 11.979155,1576227585313,
 11.487324,1576227586315,
 11.067606,1576227587313,
 10.642254,1576227588308,
 10.251831,1576227589307,
 9.734084,1576227590308,
 9.16169,1576227591305,
 8.864225,1576227592304,
 8.545916,1576227593307,
 7.935211,1576227594295,
 6.900282,1576227595300,
 5.430986,1576227596300,
 4.2061973,1576227597307,
 3.4022536,1576227598305,
 3.1143663,1576227599310,
 2.8129578,1576227600314,
 2.3853521,1576227601309,
 1.4405633,1576227602308,
 0.9476056,1576227603310,
 0.9425352,1576227604308,
 0.7025352,1576227605308,
 0.6433803,1576227606310,
 0.5059155,1576227607309,
 0.6569014,1576227608309,
 0.9735211,1576227609308,
 1.6591549,1576227610311,
 2.108169,1576227611313,
 2.623662,1576227612308,
 2.8540845,1576227613309,
 3.3892958,1576227614312,
 4.500845,1576227615310,
 6.4687324,1576227616309,
 8.583098,1576227617316,
 10.588169,1576227618311,
 11.824225,1576227619310,
 12.496338,1576227620305,
 13.026479,1576227621306,
 13.546479,1576227622306,
 13.895211,1576227623305,
 14.020282,1576227624308,
 13.838873,1576227625303,
 13.55662,1576227626313,
 13.298592,1576227627310,
 13.112676,1576227628311,
 13.077183,1576227629317,
 13.117183,1576227630314,
 13.140845,1576227631313,
 13.170704,1576227632312,
 13.19831,1576227633312,
 13.250141,1576227634306,
 13.441127,1576227635315,
 13.6828165,1576227636311,
 13.904225,1576227637311,
 14.090141,1576227638312,
 14.269859,1576227639310,
 14.397183,1576227640309,
 14.611831,1576227641315,
 14.837183,1576227642314,
 14.964507,1576227643311,
 14.828169,1576227644312,
 14.613522,1576227645307,
 14.366198,1576227646314,
 14.149296,1576227647319,
 14.253521,1576227648317,
 14.39493,1576227649316,
 14.4692955,1576227650313,
 14.592676,1576227651313,
 14.686761,1576227652308,
 14.787043,1576227653319,
 15.004507,1576227654316,
 15.189296,1576227655314,
 15.27493,1576227656310,
 15.082817,1576227657312,
 14.819155,1576227658312,
 14.527324,1576227659318,
 14.250141,1576227660319,
 13.944789,1576227661312,
 13.710986,1576227662311,
 13.634366,1576227663307,
 13.88,1576227664310,
 14.1436615,1576227665315,
 14.378028,1576227666311,
 14.655775,1576227667310,
 14.898028,1576227668310,
 15.450705,1576227669311,
 16.060282,1576227670308,
 16.616339,1576227671315,
 17.170141,1576227672309,
 17.60845,1576227673309,
 18.10817,1576227674311,
 18.282253,1576227675311,
 18.096338,1576227676308,
 17.832676,1576227677316,
 17.603943,1576227678310,
 17.369577,1576227679312,
 17.147606,1576227680311,
 17.107605,1576227681307,
 17.199436,1576227682311,
 17.12845,1576227683314,
 16.353804,1576227684310,
 16.052395,1576227685307,
 15.922817,1576227686314,
 15.800564,1576227687309,
 15.728451,1576227688311,
 15.960564,1576227689320,
 16.253521,1576227690312,
 16.63662,1576227691314,
 17.012959,1576227692307,
 17.416338,1576227693313,
 17.659718,1576227694313,
 17.496338,1576227695320,
 17.248451,1576227696312,
 17.187605,1576227697314,
 17.416338,1576227698311,
 17.701408,1576227699312,
 17.991549,1576227700308,
 18.293522,1576227701313,
 18.23662,1576227702310,
 18.015774,1576227703305,
 17.749859,1576227704309,
 17.467606,1576227705309,
 17.24,1576227706314,
 17.01859,1576227707316,
 16.79155,1576227708313,
 16.67662,1576227709310,
 16.829859,1576227710309,
 16.979155,1576227711309,
 16.977465,1576227712309,
 16.927887,1576227713315,
 16.83831,1576227714305,
 17.025915,1576227715308,
 17.163944,1576227716309,
 17.144789,1576227717309,
 17.05352,1576227718309,
 16.972395,1576227719315,
 16.864225,1576227720310,
 16.781408,1576227721305,
 16.706478,1576227722308,
 16.623098,1576227723309,
 16.538029,1576227724308,
 16.451267,1576227725312,
 16.39831,1576227726310,
 16.329014,1576227727313,
 16.277746,1576227728313,
 16.178028,1576227729314,
 16.066479,1576227730313,
 15.9577465,1576227731315,
 15.830986,1576227732306,
 16.09859,1576227733310,
 16.856901,1576227734315,
 17.63831,1576227735314,
 18.202253,1576227736312,
 18.704788,1576227737319,
 18.805634,1576227738316,
 18.754366,1576227739312,
 18.55831,1576227740311,
 18.463661,1576227741312,
 18.361126,1576227742313,
 18.255775,1576227743312,
 18.139154,1576227744313,
 18.039436,1576227745311,
 17.943098,1576227746312,
 17.818027,1576227747311,
 17.273804,1576227748309,
 16.25521,1576227749319,
 15.070422,1576227750308,
 13.748169,1576227751311,
 13.209578,1576227752311,
 13.056338,1576227753311,
 12.738591,1576227754306,
 12.058592,1576227755314,
 11.054085,1576227756310,
 10.055775,1576227757309,
 9.385352,1576227758314,
 8.638873,1576227759314,
 7.508169,1576227760311,
 5.663099,1576227761309,
 3.124507,1576227762309,
 1.3092958,1576227763309,
 0.0743662,1576227764301,
 0.0045070425,1576227765300,
 0.010140845,1576227766302,
 0.006197183,1576227767308,
 0.006197183,1576227768305,
 0.006197183,1576227769302,
 0.006197183,1576227770305,
 0.0050704223,1576227771302,
 0.008450705,1576227772295,
 0.0056338026,1576227773311,
 0.0016901408,1576227774302,
 0.003943662,1576227775305,
 0.0045070425,1576227776305,
 0.0056338026,1576227777303,
 0.0067605632,1576227778304,
 0.0073239435,1576227779306,
 0.09915493,1576227780307,
 1.157183,1576227781310,
 2.7143662,1576227782308,
 4.9228168,1576227783303,
 6.91662,1576227784309,
 8.462535,1576227785313,
 9.331831,1576227786308,
 10.121127,1576227787312,
 10.797183,1576227788311,
 11.0698595,1576227789310,
 11.689014,1576227790305,
 12.565634,1576227791316,
 13.3847885,1576227792311,
 13.995493,1576227793312,
 14.353239,1576227794310,
 14.747605,1576227795310,
 15.138028,1576227796346,
 15.340845,1576227797315,
 15.501409,1576227798311,
 15.79155,1576227799311,
 16.123943,1576227800312,
 16.630423,1576227801305,
 16.841127,1576227802312,
 17.216902,1576227803315,
 17.625353,1576227804311,
 18.036057,1576227805310,
 18.278873,1576227806312,
 18.433804,1576227807310,
 18.557747,1576227808309,
 18.687887,1576227809320,
 18.818027,1576227810310,
 19.010704,1576227811310,
 19.265352,1576227812303,
 19.395493,1576227813308,
 18.668732,1576227814312,
 18.498028,1576227815314,
 18.446198,1576227816308,
 18.261408,1576227817307,
 17.745916,1576227818305,
 17.188732,1576227819317,
 16.200563,1576227820309,
 14.9577465,1576227821312,
 14.0591545,1576227822310,
 14.127324,1576227823305,
 14.167324,1576227824305,
 13.223662,1576227825300,
 11.654648,1576227826299,
 10.701972,1576227827305,
 10.332395,1576227828309,
 9.272113,1576227829305,
 7.7949295,1576227830295,
 6.192676,1576227831308,
 4.2687325,1576227832301,
 2.9402816,1576227833315,
 1.4974648,1576227834306,
 0.3571831,1576227835305,
 0.031549297,1576227836307,
 0.0033802816,1576227837301,
 0.014647887,1576227838307,
 0.003943662,1576227839312,
 0.0056338026,1576227840292,
 0.009577465,1576227841308,
 0.11211268,1576227842299,
 1.4478873,1576227843305,
 2.896338,1576227844305,
 4.5661974,1576227845305,
 5.2940845,1576227846313,
 5.1323943,1576227847308,
 4.9538026,1576227848328,
 5.514366,1576227849317,
 6.995493,1576227850317,
 8.105915,1576227851318,
 8.96338,1576227852318,
 9.541972,1576227853317,
 10.187042,1576227854317,
 11.07662,1576227855308,
 12.169578,1576227856318,
 13.261409,1576227857313,
 14.336338,1576227858316,
 15.460281,1576227859318,
 16.443943,1576227860315,
 16.936901,1576227861327,
 17.254648,1576227862317,
 17.223661,1576227863315,
 16.99493,1576227864320,
 17.03662,1576227865323,
 17.188732,1576227866326,
 17.36338,1576227867326,
 17.556057,1576227868318,
 17.746479,1576227869332,
 17.922817,1576227870313,
 18.107042,1576227871325,
 18.303661,1576227872328,
 18.478872,1576227873313,
 18.676056,1576227874334,
 18.750986,1576227875318,
 18.371267,1576227876313,
 18.180283,1576227877314,
 18.101973,1576227878311,
 17.997183,1576227879305,
 17.931831,1576227880316,
 17.835493,1576227881318,
 17.787043,1576227882314,
 17.654085,1576227883312,
 17.57352,1576227884323,
 17.512676,1576227885317,
 17.449015,1576227886323,
 17.456902,1576227887318,
 17.4969,1576227888325,
 17.52845,1576227889323,
 17.571268,1576227890318,
 17.590422,1576227891343,
 17.614084,1576227892330,
 17.354929,1576227893340,
 16.944788,1576227894320,
 17.10028,1576227895324,
 17.355494,1576227896336,
 17.57014,1576227897340,
 17.691832,1576227898330,
 17.352676,1576227899338,
 16.827042,1576227900335,
 16.181973,1576227901338,
 14.837747,1576227902336,
 13.404507,1576227903339,
 12.016338,1576227904337,
 10.7611265,1576227905345,
 9.860845,1576227906339,
 8.701972,1576227907340,
 7.3769016,1576227908347,
 5.289014,1576227909337,
 3.2749295,1576227910339,
 1.4935211,1576227911340,
 0.4777465,1576227912339,
 0.003943662,1576227913295,
 0.015211267,1576227914296,
 0.0045070425,1576227915294,
 0.012957746,1576227916294,
 0.0022535212,1576227917300,
 0.0050704223,1576227918299,
 0.009014085,1576227919298,
 0.0045070425,1576227920297,
 0.014647887,1576227921292,
 0.0067605632,1576227922296,
 0.0033802816,1576227923301,
 0.0033802816,1576227924296,
 0.006197183,1576227925296,
 0.0056338026,1576227926331,
 0.008450705,1576227927295,
 0.0056338026,1576227928291,
 0.008450705,1576227929341,
 0.0135211265,1576227930299,
 0.0033802816,1576227931296,
 0.0067605632,1576227932293,
 0.0011267606,1576227933297,
 0.0022535212,1576227934296,
 0.009577465,1576227935301,
 0.0050704223,1576227936296,
 0.0050704223,1576227937295,
 0.0011267606,1576227938295,
 0.006197183,1576227939290,
 0.007887324,1576227940294,
 0.0056338026,1576227941301,
 0.009014085,1576227942296,
 0.0016901408,1576227943296,
 0.006197183,1576227944295,
 0.003943662,1576227945296,
 0.0005633803,1576227946294,
 0.0011267606,1576227947300,
 0.0016901408,1576227948294,
 0.006197183,1576227949294,
 0.006197183,1576227950290,
 0.009014085,1576227951295,
 0.009014085,1576227952294,
 0.0033802816,1576227953304,
 0.0050704223,1576227954295,
 0.0028169013,1576227955294,
 0.0033802816,1576227956294,
 0.003943662,1576227957290,
 0.0016901408,1576227958295,
 0.0033802816,1576227959301,
 0.010140845,1576227960297,
 0.003943662,1576227961290,
 0.006197183,1576227962297,
 0.008450705,1576227963294,
 0.0045070425,1576227964294,
 0.0033802816,1576227965300,
 0.0028169013,1576227966294,
 0.0016901408,1576227967295,
 0.0045070425,1576227968289,
 0.012394366,1576227969295,
 0.011267605,1576227970295,
 0.008450705,1576227971297,
 0.0050704223,1576227972292,
 0.0016901408,1576227973294,
 0.0073239435,1576227974295,
 0.006197183,1576227975294,
 0.02253521,1576227976293,
 0.8276056,1576227977307,
 2.2107043,1576227978373,
 4.0180283,1576227979295,
 5.6349297,1576227980299,
 6.817465,1576227981301,
 6.607324,1576227982301,
 7.1898594,1576227983306,
 8.394366,1576227984304,
 9.606761,1576227985302,
 10.330705,1576227986299,
 10.780282,1576227987303,
 11.24169,1576227988300,
 11.727887,1576227989313,
 12.436056,1576227990296,
 13.134085,1576227991301,
 13.806197,1576227992301,
 14.433803,1576227993300,
 14.771831,1576227994304,
 15.0,1576227995306,
 15.134085,1576227996300,
 15.254085,1576227997295,
 15.442253,1576227998301,
 15.60338,1576227999301,
 15.7673235,1576228000300,
 15.941408,1576228001305,
 16.11324,1576228002300,
 16.229858,1576228003299,
 16.295212,1576228004300,
 16.362818,1576228005296,
 16.482817,1576228006298,
 16.63155,1576228007302,
 16.841127,1576228008294,
 17.05972,1576228009297,
 17.31493,1576228010297,
 17.26817,1576228011300,
 16.860846,1576228012301,
 16.668169,1576228013308,
 16.331831,1576228014301,
 15.933521,1576228015302,
 16.126198,1576228016303,
 16.436056,1576228017306,
 16.809013,1576228018301,
 17.198874,1576228019300,
 17.598873,1576228020302,
 18.00676,1576228021301,
 18.322817,1576228022302,
 18.307043,1576228023300,
 18.007887,1576228024301,
 17.692394,1576228025309,
 17.41183,1576228026302,
 17.135212,1576228027302,
 16.862535,1576228028301,
 16.589859,1576228029302,
 16.274366,1576228030299,
 16.00338,1576228031308,
 15.811268,1576228032302,
 15.896901,1576228033300,
 16.11493,1576228034299,
 16.038874,1576228035299,
 15.7673235,1576228036300,
 15.491267,1576228037302,
 14.946479,1576228038303,
 13.814084,1576228039301,
 13.161127,1576228040301,
 13.037746,1576228041300,
 13.020845,1576228042304,
 12.763944,1576228043307,
 12.48169,1576228044303,
 12.216338,1576228045301,
 11.930704,1576228046306,
 11.628733,1576228047305,
 11.326198,1576228048297,
 11.01014,1576228049312,
 10.710986,1576228050302,
 10.134085,1576228051302,
 8.883944,1576228052301,
 8.096338,1576228053301,
 7.4512677,1576228054302,
 6.552676,1576228055304,
 5.038873,1576228056301,
 3.5949297,1576228057300,
 2.1143663,1576228058303,
 0.9132394,1576228059297,
 0.13802817,1576228060294,
 0.0073239435,1576228061300,
 0.0056338026,1576228062295,
 0.0028169013,1576228063296,
 0.015774649,1576228064296,
 0.006197183,1576228065295,
 0.010140845,1576228066290,
 0.0050704223,1576228067298,
 0.0011267606,1576228068294,
 0.0056338026,1576228069293,
 0.01859155,1576228070290,
 0.0050704223,1576228071292,
 0.009577465,1576228072293,
 0.011830986,1576228073302,
 0.008450705,1576228074294,
 0.010140845,1576228075294,
 0.008450705,1576228076295,
 0.006197183,1576228077289,
 0.007887324,1576228078296,
 0.009577465,1576228079301,
 0.0056338026,1576228080297,
 0.006197183,1576228081293,
 0.0033802816,1576228082292,
 0.010140845,1576228083293,
 0.0022535212,1576228084291,
 0.0033802816,1576228085298,
 0.008450705,1576228086294,
 0.008450705,1576228087293,
 0.0016901408,1576228088287,
 0.008450705,1576228089292,
 0.0056338026,1576228090295,
 0.0067605632,1576228091299,
 0.0045070425,1576228092291,
 0.0011267606,1576228093292,
 0.0045070425,1576228094291,
 0.0045070425,1576228095289,
 0.009014085,1576228096291,
 0.0056338026,1576228097300,
 0.006197183,1576228098294,
 0.007887324,1576228099288,
 0.0045070425,1576228100291,
 0.008450705,1576228101292,
 0.010140845,1576228102292,
 0.49352112,1576228103305,
 1.5188732,1576228104299,
 2.992676,1576228105297,
 4.5459156,1576228106294,
 5.9369016,1576228107299,
 6.614648,1576228108298,
 7.5222535,1576228109305,
 8.638873,1576228110301,
 9.545352,1576228111300,
 10.323944,1576228112300,
 10.757747,1576228113301,
 11.074929,1576228114302,
 11.532394,1576228115304,
 11.987606,1576228116299,
 12.490705,1576228117294,
 12.867605,1576228118299,
 13.259155,1576228119295,
 13.716056,1576228120297,
 14.150986,1576228121301,
 14.498028,1576228122299,
 14.504226,1576228123297,
 14.80169,1576228124294,
 15.115493,1576228125295,
 15.338592,1576228126297,
 15.459719,1576228127300,
 15.2557745,1576228128293,
 14.975211,1576228129297,
 14.984789,1576228130297,
 14.861408,1576228131294,
 14.872112,1576228132295,
 14.964507,1576228133301,
 15.03831,1576228134295,
 15.07662,1576228135294,
 14.888451,1576228136295,
 14.658591,1576228137294,
 14.4969015,1576228138294,
 14.423662,1576228139299,
 14.28676,1576228140299,
 14.135211,1576228141298,
 13.983662,1576228142298,
 13.827605,1576228143298,
 13.68507,1576228144297,
 13.490705,1576228145304,
 13.3171835,1576228146293,
 13.233239,1576228147297,
 13.303099,1576228148296,
 13.904789,1576228149294,
 14.55493,1576228150293,
 14.891831,1576228151297,
 14.9853525,1576228152290,
 15.274366,1576228153288,
 15.570141,1576228154293,
 15.884507,1576228155293,
 16.179718,1576228156293,
 16.469296,1576228157295,
 16.830986,1576228158296,
 17.05014,1576228159296,
 17.007324,1576228160294,
 16.982534,1576228161294,
 17.050705,1576228162345,
 17.213522,1576228163304,
 17.350986,1576228164292,
 17.519436,1576228165294,
 17.490704,1576228166296,
 17.430986,1576228167294,
 17.366198,1576228168292,
 17.27493,1576228169307,
 17.169577,1576228170294,
 16.517183,1576228171295,
 15.622535,1576228172294,
 13.620281,1576228173295,
 12.421409,1576228174297,
 11.9639435,1576228175295,
 11.852394,1576228176295,
 11.722816,1576228177295,
 11.614648,1576228178294,
 11.491831,1576228179294,
 11.411831,1576228180297,
 11.614084,1576228181301,
 12.068169,1576228182299,
 12.51493,1576228183298,
 13.042817,1576228184295,
 13.625352,1576228185292,
 14.16845,1576228186293,
 14.340845,1576228187300,
 14.335211,1576228188297,
 14.409014,1576228189296,
 14.407887,1576228190305,
 14.344789,1576228191298,
 14.597747,1576228192296,
 14.83155,1576228193302,
 14.860282,1576228194296,
 14.858028,1576228195294,
 14.832112,1576228196295,
 14.921126,1576228197287,
 15.089014,1576228198291,
 15.258028,1576228199355,
 15.320563,1576228200293,
 15.351549,1576228201292,
 15.44507,1576228202295,
 15.490141,1576228203291,
 15.509295,1576228204286,
 14.867605,1576228205293,
 14.96,1576228206292,
 15.072676,1576228207292,
 14.293521,1576228208291,
 13.005071,1576228209289,
 12.167324,1576228210287,
 12.210141,1576228211290,
 12.129014,1576228212289,
 11.296902,1576228213291,
 11.218592,1576228214293,
 11.322817,1576228215287,
 11.397746,1576228216290,
 11.588733,1576228217296,
 12.079436,1576228218297,
 12.587605,1576228219291,
 12.823662,1576228220291,
 12.892958,1576228221288,
 12.99662,1576228222292,
 13.480563,1576228223296,
 13.840564,1576228224293,
 13.842254,1576228225290,
 13.152113,1576228226286,
 12.418028,1576228227290,
 12.364507,1576228228288,
 12.333521,1576228229298,
 12.167888,1576228230292,
 12.113803,1576228231291,
 12.0760565,1576228232294,
 11.335211,1576228233290,
 10.529577,1576228234292,
 9.363944,1576228235301,
 7.92,1576228236291,
 7.042817,1576228237286,
 6.535211,1576228238286,
 5.663662,1576228239292,
 5.257465,1576228240289,
 4.2653522,1576228241295,
 2.9278874,1576228242289,
 2.0760562,1576228243289,
 1.4997183,1576228244282,
 0.94985914,1576228245291,
 0.75774646,1576228246289,
 0.94929576,1576228247293,
 0.8461972,1576228248289,
 0.42647886,1576228249288,
 0.016338028,1576228250288,
 0.0067605632,1576228251285,
 0.007887324,1576228252284,
 0.0045070425,1576228253288,
 0.0067605632,1576228254285,
 0.0056338026,1576228255281,
 0.012394366,1576228256285,
 0.010140845,1576228257288,
 0.0022535212,1576228258285,
 0.008450705,1576228259290,
 0.009014085,1576228260286,
 0.008450705,1576228261284,
 0.0033802816,1576228262282,
 0.18704225,1576228263289,
 0.7735211,1576228264292,
 0.95323944,1576228265294,
 0.7752113,1576228266287,
 0.62929577,1576228267290,
 0.5177465,1576228268288,
 0.6135211,1576228269290,
 0.68676054,1576228270292,
 0.6123944,1576228271296,
 0.40169016,1576228272292,
 0.1943662,1576228273285,
 0.4771831,1576228274287,
 0.64056337,1576228275288,
 0.76450706,1576228276287,
 0.7780282,1576228277290,
 0.8056338,1576228278291,
 0.9577465,1576228279290,
 1.4,1576228280292,
 1.6783099,1576228281288,
 1.9211267,1576228282290,
 2.1887324,1576228283294,
 2.477183,1576228284284,
 2.268169,1576228285287,
 1.4338028,1576228286292,
 0.7701408,1576228287289,
 0.1684507,1576228288287,
 0.003943662,1576228289285,
 0.007887324,1576228290281,
 0.006197183,1576228291275,
 0.014084507,1576228292280,
 0.616338,1576228293283,
 1.1667606,1576228294289,
 1.5194366,1576228295286,
 1.8602817,1576228296289,
 2.685634,1576228297288,
 3.0005634,1576228298290,
 3.2687323,1576228299288,
 4.109296,1576228300288,
 5.1921124,1576228301292,
 6.766197,1576228302285,
 7.410704,1576228303288,
 7.0895777,1576228304289,
 5.79662,1576228305288,
 4.446197,1576228306285,
 3.9233804,1576228307291,
 4.033803,1576228308288,
 4.227042,1576228309287,
 4.407324,1576228310287,
 4.5414085,1576228311289,
 4.990986,1576228312287,
 5.850704,1576228313288,
 6.5216904,1576228314287,
 6.6016903,1576228315287,
 6.524507,1576228316286,
 6.435493,1576228317286,
 5.8732395,1576228318287,
 4.96169,1576228319285,
 4.163944,1576228320285,
 3.0732393,1576228321282,
 1.696338,1576228322282,
 0.6715493,1576228323282,
 0.014084507,1576228324274,
 0.007887324,1576228325281,
 0.011267605,1576228326279,
 0.0056338026,1576228327278,
 0.0056338026,1576228328276,
 0.011830986,1576228329276,
 0.009014085,1576228330277,
 0.0050704223,1576228331279,
 0.0011267606,1576228332275,
 0.010704225,1576228333274,
 0.010140845,1576228334279,
 0.0056338026,1576228335272,
 0.0056338026,1576228336277,
 0.007887324,1576228337282,
 0.011267605,1576228338278,
 0.0033802816,1576228339276,
 0.008450705,1576228340276,
 0.0022535212,1576228341277,
 0.009014085,1576228342274,
 0.008450705,1576228343281,
 0.006197183,1576228344277,
 0.014084507,1576228345276,
 0.0067605632,1576228346280,
 0.0033802816,1576228347275,
 0.003943662,1576228348275,
 0.01915493,1576228349283,
 0.0073239435,1576228350282,
 0.003943662,1576228351279,
 0.0033802816,1576228352278,
 0.007887324,1576228353273,
 0.0016901408,1576228354276,
 0.006197183,1576228355281,
 0.003943662,1576228356277,
 0.0022535212,1576228357277,
 0.010704225,1576228358276,
 0.010140845,1576228359277,
 0.010140845,1576228360276,
 0.006197183,1576228361283,
 0.0073239435,1576228362278,
 0.0045070425,1576228363277,
 0.010704225,1576228364272,
 0.003943662,1576228365276,
 0.0067605632,1576228366277,
 0.0005633803,1576228367283,
 0.007887324,1576228368279,
 0.011267605,1576228369276,
 0.0050704223,1576228370278,
 0.0016901408,1576228371272,
 0.0056338026,1576228372277,
 0.0033802816,1576228373284,
 0.0028169013,1576228374278,
 0.0016901408,1576228375275,
 0.0073239435,1576228376278,
 0.0033802816,1576228377277,
 0.0050704223,1576228378280,
 0.0016901408,1576228379286,
 0.0073239435,1576228380277,
 0.008450705,1576228381275,
 0.0073239435,1576228382272,
 0.007887324,1576228383275,
 0.0056338026,1576228384277,
 0.0022535212,1576228385281,
 0.015774649,1576228386276,
 0.0056338026,1576228387276,
 0.0028169013,1576228388275,
 0.0028169013,1576228389278,
 0.007887324,1576228390278,
 0.008450705,1576228391284,
 0.0045070425,1576228392278,
 0.0067605632,1576228393272,
 0.0067605632,1576228394277,
 0.010140845,1576228395277,
 0.003943662,1576228396278,
 0.0056338026,1576228397283,
 0.015211267,1576228398281,
 0.011267605,1576228399281,
 0.0056338026,1576228400278,
 0.0056338026,1576228401279,
 0.0022535212,1576228402278,
 0.0056338026,1576228403283,
 0.011267605,1576228404276,
 0.0050704223,1576228405279,
 0.007887324,1576228406281,
 0.0067605632,1576228407278,
 0.006197183,1576228408278,
 0.0073239435,1576228409287,
 0.0022535212,1576228410283,
 0.009577465,1576228411274,
 0.023661971,1576228412277,
 0.015774649,1576228413278,
 0.006197183,1576228414278,
 0.0135211265,1576228415282,
 0.0022535212,1576228416277,
 0.008450705,1576228417278,
 0.006197183,1576228418279,
 0.017464789,1576228419279,
 0.014084507,1576228420281,
 0.0033802816,1576228421282,
 0.0073239435,1576228422269,
 0.0073239435,1576228423277,
 0.0022535212,1576228424272,
 0.0067605632,1576228425277,
 0.006197183,1576228426278,
 0.0050704223,1576228427280,
 0.0016901408,1576228428279,
 0.010140845,1576228429276,
 0.009014085,1576228430277,
 0.003943662,1576228431277,
 0.017464789,1576228432277,
 0.007887324,1576228433277,
 0.007887324,1576228434277,
 0.003943662,1576228435277,
 0.012957746,1576228436276,
 0.006197183,1576228437272,
 0.008450705,1576228438276,
 0.01859155,1576228439285,
 0.007887324,1576228440275,
 0.0056338026,1576228441277,
 0.017464789,1576228442279,
 0.0067605632,1576228443276,
 0.0073239435,1576228444274,
 0.02028169,1576228445285,
 0.0056338026,1576228446281,
 0.014084507,1576228447280,
 0.0050704223,1576228448278,
 0.003943662,1576228449278,
 0.0067605632,1576228450277,
 0.006197183,1576228451276,
 0.014084507,1576228452278,
 0.0028169013,1576228453277,
 0.003943662,1576228454276,
 0.010140845,1576228455275,
 0.009577465,1576228456277,
 0.010704225,1576228457285,
 0.0073239435,1576228458279,
 0.0056338026,1576228459278,
 0.0045070425,1576228460277,
 0.015774649,1576228461277,
 0.0011267606,1576228462269,
 0.008450705,1576228463291,
 0.008450705,1576228464279,
 0.009014085,1576228465279,
 0.011830986,1576228466279,
 0.007887324,1576228467277,
 0.0050704223,1576228468275,
 0.014084507,1576228469284,
 0.010140845,1576228470280,
 0.006197183,1576228471277,
 0.008450705,1576228472277,
 0.0050704223,1576228473271,
 0.0028169013,1576228474282,
 0.0016901408,1576228475282,
 0.011830986,1576228476277,
 0.003943662,1576228477275,
 0.0011267606,1576228478277,
 0.0045070425,1576228479276,
 0.0028169013,1576228480272,
 0.0028169013,1576228481281,
 0.006197183,1576228482275,
 0.0050704223,1576228483276,
 0.008450705,1576228484275,
 0.01690141,1576228485275,
 0.01915493,1576228486275,
 0.0011267606,1576228487281,
 0.0050704223,1576228488277,
 0.0028169013,1576228489277,
 0.008450705,1576228490275,
 0.010704225,1576228491271,
 0.0028169013,1576228492274,
 0.0067605632,1576228493281,
 0.003943662,1576228494278,
 0.0005633803,1576228495277,
 0.0011267606,1576228496277,
 0.0011267606,1576228497279,
 0.0033802816,1576228498274,
 0.0050704223,1576228499284,
 0.0045070425,1576228500279,
 0.009014085,1576228501277,
 0.0073239435,1576228502272,
 0.0045070425,1576228503278,
 0.0022535212,1576228504277,
 0.003943662,1576228505283,
 0.0045070425,1576228506279,
 0.006197183,1576228507277,
 0.0022535212,1576228508278,
 0.0022535212,1576228509273,
 0.009014085,1576228510275,
 0.010704225,1576228511284,
 0.0045070425,1576228512274,
 0.0022535212,1576228513272,
 0.0005633803,1576228514274,
 0.010140845,1576228515275,
 0.003943662,1576228516276,
 0.0022535212,1576228517284,
 0.006197183,1576228518277,
 0.010704225,1576228519277,
 0.011830986,1576228520269,
 0.0028169013,1576228521272,
 0.003943662,1576228522275,
 0.0073239435,1576228523278,
 0.0073239435,1576228524272,
 0.0050704223,1576228525278,
 0.006197183,1576228526275,
 0.0073239435,1576228527275,
 0.009577465,1576228528276,
 0.0028169013,1576228529286,
 0.0056338026,1576228530277,
 0.0056338026,1576228531268,
 0.0045070425,1576228532274,
 0.008450705,1576228533271,
 0.003943662,1576228534273,
 0.009014085,1576228535276,
 0.0022535212,1576228536271,
 0.0056338026,1576228537272,
 0.014647887,1576228538272,
 0.0050704223,1576228539273,
 0.0073239435,1576228540273,
 0.0045070425,1576228541279,
 0.007887324,1576228542272,
 0.01915493,1576228543276,
 0.017464789,1576228544275,
 0.0135211265,1576228545277,
 0.015774649,1576228546273,
 0.0135211265,1576228547277,
 0.0045070425,1576228548275,
 0.009577465,1576228549269,
 0.0073239435,1576228550274,
 0.011267605,1576228551271,
 0.012957746,1576228552268,
 0.009014085,1576228553275,
 0.0022535212,1576228554275,
 0.0135211265,1576228555271,
 0.01690141,1576228556268,
 0.0056338026,1576228557268,
 0.0050704223,1576228558268,
 0.014084507,1576228559281,
 0.0033802816,1576228560268,
 0.0005633803,1576228561269,
 0.0045070425,1576228562271,
 0.0011267606,1576228563270,
 0.003943662,1576228564272,
 0.0016901408,1576228565275,
 0.010704225,1576228566274,
 0.010140845,1576228567274,
 0.0056338026,1576228568273,
 0.021971831,1576228569271,
 0.007887324,1576228570278,
 0.0045070425,1576228571274,
 0.0045070425,1576228572272,
 0.014647887,1576228573272,
 0.0073239435,1576228574274,
 0.0056338026,1576228575277,
 0.012394366,1576228576271,
 0.0056338026,1576228577278,
 0.0022535212,1576228578268,
 0.0056338026,1576228579275,
 0.007887324,1576228580271,
 0.0022535212,1576228581272,
 0.39605632,1576228582274,
 0.58816904,1576228583277,
 0.92,1576228584279,
 1.7588732,1576228585279,
 2.3154929,1576228586277,
 2.4287324,1576228587275,
 3.4394367,1576228588275,
 4.862535,1576228589276,
 5.9138026,1576228590276,
 6.6676054,1576228591275,
 7.029296,1576228592274,
 6.8850703,1576228593277,
 6.8569016,1576228594278,
 6.828169,1576228595278,
 7.3357744,1576228596276,
 8.065915,1576228597275,
 8.537465,1576228598284,
 8.674366,1576228599273,
 8.64338,1576228600277,
 8.629859,1576228601275,
 8.523944,1576228602277,
 8.6152115,1576228603270,
 8.906479,1576228604268,
 9.089578,1576228605274,
 9.002254,1576228606268,
 8.614084,1576228607291,
 8.244507,1576228608274,
 7.8005633,1576228609275,
 7.728451,1576228610295,
 7.1954927,1576228611294,
 6.262535,1576228612291,
 5.1070423,1576228613293,
 4.4033804,1576228614280,
 4.370704,1576228615281,
 4.2005634,1576228616292,
 3.8856337,1576228617286,
 3.5870423,1576228618291,
 3.277183,1576228619292,
 2.8969014,1576228620274,
 2.262535,1576228621292,
 2.2647886,1576228622289,
 2.8585916,1576228623290,
 3.7183099,1576228624288,
 4.4540844,1576228625280,
 5.4512677,1576228626280,
 7.0140843,1576228627282,
 7.3149295,1576228628286,
 7.219155,1576228629290,
 6.7667603,1576228630292,
 6.2653522,1576228631290,
 5.6540847,1576228632281,
 5.389859,1576228633290,
 5.693521,1576228634286,
 6.7695775,1576228635291,
 7.739155,1576228636270,
 8.380845,1576228637289,
 8.943662,1576228638276,
 9.486197,1576228639294,
 9.890141,1576228640296,
 9.684507,1576228641291,
 9.437746,1576228642290,
 9.19662,1576228643286,
 8.8118305,1576228644291,
 8.557747,1576228645287,
 7.975775,1576228646280,
 7.5549297,1576228647286,
 6.79662,1576228648290,
 4.900282,1576228649303,
 2.9977465,1576228650293,
 1.7183099,1576228651282,
 0.94929576,1576228652273,
 0.84732395,1576228653290,
 0.5791549,1576228654291,
 0.12957746,1576228655294,
 0.029295774,1576228656307,
 0.037746478,1576228657305,
 0.0067605632,1576228658307,
 0.015774649,1576228659304,
 0.4721127,1576228660307,
 0.8749296,1576228661305,
 0.90028167,1576228662298,
 0.66422534,1576228663311,
 0.79098594,1576228664306,
 1.2309859,1576228665300,
 1.8766197,1576228666306,
 3.0197184,1576228667287,
 4.552676,1576228668304,
 5.4366198,1576228669260,
 6.230986,1576228670300,
 7.149859,1576228671307,
 8.273803,1576228672293,
 9.216902,1576228673304,
 9.922817,1576228674304,
 10.508169,1576228675313,
 10.471549,1576228676312,
 10.2388735,1576228677304,
 10.016338,1576228678304,
 9.650704,1576228679300,
 9.336902,1576228680261,
 9.258028,1576228681265,
 9.491831,1576228682304,
 9.819718,1576228683294,
 10.261971,1576228684265,
 10.757747,1576228685268,
 11.174648,1576228686299,
 11.64,1576228687268,
 11.873803,1576228688269,
 11.462535,1576228689299,
 11.282817,1576228690304,
 10.875493,1576228691269,
 10.687887,1576228692268,
 10.122253,1576228693267,
 9.55662,1576228694266,
 9.057465,1576228695268,
 8.698591,1576228696269,
 8.455774,1576228697271,
 7.9323945,1576228698267,
 7.2788734,1576228699268,
 5.355493,1576228700267,
 3.146479,1576228701266,
 1.9532394,1576228702271,
 1.1842253,1576228703269,
 1.219155,1576228704271,
 1.4411267,1576228705267,
 2.143662,1576228706264,
 3.5385916,1576228707264,
 5.092958,1576228708266,
 6.2157745,1576228709268,
 7.3290143,1576228710271,
 7.5566196,1576228711261,
 7.0749297,1576228712267,
 6.2197185,1576228713270,
 5.490704,1576228714266,
 4.2107043,1576228715264,
 3.2304225,1576228716259,
 1.5138028,1576228717261,
 1.0552113,1576228718263,
 1.5132394,1576228719262,
 2.8174648,1576228720262,
 4.115493,1576228721268,
 4.619718,1576228722266,
 5.347042,1576228723267,
 6.0,1576228724277,
 6.564507,1576228725262,
 6.666479,1576228726267,
 6.739155,1576228727262,
 6.3290143,1576228728269,
 6.1769013,1576228729268,
 5.866479,1576228730269,
 5.499155,1576228731270,
 5.4704227,1576228732268,
 5.352676,1576228733270,
 5.434366,1576228734272,
 6.0033803,1576228735275,
 6.9284506,1576228736267,
 6.8980284,1576228737269,
 5.891268,1576228738264,
 4.7256336,1576228739273,
 3.609014,1576228740272,
 2.6270423,1576228741270,
 1.7752112,1576228742270,
 1.3419719,1576228743271,
 1.4659154,1576228744276,
 1.6,1576228745272,
 1.0394366,1576228746273,
 0.8805634,1576228747274,
 0.77915496,1576228748272,
 0.6050704,1576228749269,
 0.19605634,1576228750266,
 0.015211267,1576228751269,
 0.0056338026,1576228752269,
 0.0135211265,1576228753265,
 0.003943662,1576228754266,
 0.011267605,1576228755264,
 0.01802817,1576228756260,
 0.02253521,1576228757272,
 1.3250704,1576228758270,
 2.3284507,1576228759272,
 3.7307043,1576228760268,
 5.0377464,1576228761270,
 6.2484508,1576228762274,
 6.270986,1576228763269,
 5.9521127,1576228764270,
 6.4394364,1576228765271,
 7.4495773,1576228766271,
 8.390423,1576228767263,
 8.797183,1576228768269,
 9.121127,1576228769271,
 9.295211,1576228770267,
 9.36,1576228771265,
 8.922254,1576228772266,
 7.436056,1576228773265,
 6.4535213,1576228774263,
 5.4619718,1576228775265,
 4.6777463,1576228776263,
 4.375775,1576228777263,
 4.9143662,1576228778256,
 5.426479,1576228779261,
 5.213521,1576228780260,
 4.957183,1576228781264,
 5.5487323,1576228782262,
 6.907042,1576228783263,
 7.7757745,1576228784272,
 7.7194366,1576228785260,
 7.375775,1576228786262,
 6.9628167,1576228787262,
 6.6715493,1576228788265,
 6.7369013,1576228789257,
 6.4873238,1576228790259,
 5.990986,1576228791262,
 4.9335213,1576228792264,
 3.9538028,1576228793266,
 3.5932395,1576228794267,
 3.3769014,1576228795261,
 3.4602816,1576228796257,
 3.552676,1576228797258,
 3.9042253,1576228798259,
 4.6169014,1576228799265,
 5.073803,1576228800259,
 5.597183,1576228801256,
 5.481127,1576228802263,
 5.1785917,1576228803258,
 5.0219717,1576228804260,
 4.425352,1576228805260,
 4.381408,1576228806260,
 4.862535,1576228807255,
 6.142535,1576228808257,
 5.625352,1576228809257,
 5.19831,1576228810259,
 5.423662,1576228811261,
 6.1611266,1576228812260,
 6.455211,1576228813254,
 6.303662,1576228814259,
 6.2884507,1576228815262,
 5.5678873,1576228816261,
 4.7847886,1576228817263,
 4.137465,1576228818254,
 4.230986,1576228819256,
 4.575211,1576228820259,
 5.311549,1576228821257,
 5.8101406,1576228822257,
 6.2360563,1576228823262,
 6.666479,1576228824262,
 6.9780283,1576228825258,
 7.113803,1576228826264,
 5.6653523,1576228827261,
 4.5323944,1576228828254,
 4.3329577,1576228829259,
 4.464789,1576228830261,
 4.3588734,1576228831263,
 4.3532395,1576228832265,
 3.9667606,1576228833263,
 3.353803,1576228834261,
 3.0084507,1576228835263,
 2.364507,1576228836258,
 2.4174647,1576228837265,
 2.497465,1576228838262,
 2.2974648,1576228839269,
 2.211831,1576228840266,
 2.531831,1576228841267,
 3.4952114,1576228842265,
 4.346479,1576228843265,
 5.054648,1576228844266,
 5.661972,1576228845266,
 6.2552114,1576228846266,
 6.3639436,1576228847261,
 5.9059153,1576228848267,
 4.844507,1576228849260,
 4.2095776,1576228850262,
 4.5380282,1576228851259,
 5.6760564,1576228852258,
 6.871549,1576228853264,
 7.886197,1576228854255,
 8.290704,1576228855258,
 8.215775,1576228856258,
 8.151549,1576228857258,
 7.8676057,1576228858255,
 7.270986,1576228859263,
 6.361127,1576228860251,
 5.2230988,1576228861250,
 4.625352,1576228862258,
 4.2501407,1576228863259,
 3.9802816,1576228864262,
 4.208451,1576228865260,
 4.2242255,1576228866263,
 4.020845,1576228867261,
 3.8315494,1576228868260,
 3.7814085,1576228869258,
 3.4084506,1576228870254,
 3.0653522,1576228871259,
 2.3014085,1576228872257,
 2.0715492,1576228873258,
 0.8794366,1576228874260,
 0.023661971,1576228875257,
 0.014084507,1576228876249,
 0.01690141,1576228877255,
 0.01802817,1576228879232,
 0.0045070425,1576228880234,
 0.01690141,1576228881228,
 0.009577465,1576228882231,
 0.0028169013,1576228883228,
 0.023098592,1576228884227,
 0.050140847,1576228885229,
 0.017464789,1576228886231,
 0.007887324,1576228887226,
 0.007887324,1576228888223,
 0.02028169,1576228889227,
 0.012957746,1576228890232,
 0.021971831,1576228891231,
 0.025915492,1576228892226,
 0.0371831,1576228893229,
 0.011267605,1576228894229,
 0.015211267,1576228895223,
 0.032112677,1576228896233,
 0.010140845,1576228897224,
 0.017464789,1576228898224,
 0.01859155,1576228899222,
 0.01802817,1576228900224,
 0.010140845,1576228901226,
 0.032676056,1576228902230,
 0.030422535,1576228903232,
 0.01971831,1576228904227,
 0.012957746,1576228905227,
 0.046197183,1576228906224,
 0.030985916,1576228907227,
 0.023661971,1576228908231,
 0.01859155,1576228909237,
 0.028732395,1576228910227,
 0.051267605,1576228911227,
 0.021971831,1576228912226,
 0.007887324,1576228913225,
 0.024225352,1576228914231,
 0.01690141,1576228915226,
 0.02253521,1576228916225,
 0.021971831,1576228917220,
 0.0056338026,1576228918225,
 0.048450705,1576228919224,
 0.025915492,1576228920233,
 0.03380282,1576228921230,
 0.052394368,1576228922225,
 0.029295774,1576228923228,
 0.049577463,1576228924221,
 0.03605634,1576228925225,
 0.06929577,1576228926228,
 0.072676055,1576228927228,
 0.05464789,1576228928225,
 0.03830986,1576228929229,
 0.016338028,1576228930230,
 0.015774649,1576228931227,
 0.02084507,1576228932230,
 0.010704225,1576228933228,
 0.03943662,1576228934225,
 0.0067605632,1576228935219,
 0.06366197,1576228936224,
 0.04450704,1576228937223,
 0.03661972,1576228938227,
 0.03943662,1576228939221,
 0.055774648,1576228940220,
 0.043380283,1576228941222,
 0.043943662,1576228942222,
 0.05746479,1576228943225,
 0.06028169,1576228944225,
 0.052394368,1576228945223,
 0.031549297,1576228946218,
 0.010140845,1576228947224,
 0.01915493,1576228948225,
 0.02140845,1576228949225,
 0.028169014,1576228950232,
 0.0073239435,1576228951226,
 0.01690141,1576228952227,
 0.034366198,1576228953221,
 0.028732395,1576228954224,
 0.01802817,1576228955228,
 0.021971831,1576228956227,
 0.025352113,1576228957220,
