 17.660282,1576238072106,
 18.179155,1576238073105,
 18.580845,1576238074106,
 18.86817,1576238075106,
 19.206198,1576238076099,
 19.770142,1576238077112,
 20.28169,1576238078107,
 20.788733,1576238079110,
 21.246197,1576238080105,
 21.530704,1576238081104,
 21.99662,1576238082101,
 22.670986,1576238083105,
 23.052958,1576238084103,
 23.372395,1576238085148,
 23.535774,1576238086104,
 23.170704,1576238087103,
 23.190987,1576238088103,
 22.976902,1576238089104,
 22.159437,1576238090104,
 21.672676,1576238091105,
 21.68,1576238092104,
 21.531267,1576238093104,
 21.320564,1576238094098,
 21.132395,1576238095107,
 21.129015,1576238096109,
 19.762253,1576238097104,
 19.28845,1576238098106,
 16.82141,1576238099104,
 14.225916,1576238100099,
 13.398873,1576238101114,
 12.337464,1576238102096,
 12.618029,1576238103102,
 13.0253525,1576238104120,
 14.032676,1576238105103,
 14.536901,1576238106109,
 14.549295,1576238107110,
 13.548169,1576238108123,
 13.688451,1576238109115,
 14.273239,1576238110113,
 12.953239,1576238111112,
 12.382535,1576238112119,
 11.580281,1576238113110,
 10.388169,1576238114119,
 8.151549,1576238115109,
 5.445634,1576238116115,
 4.3588734,1576238117115,
 3.7357748,1576238118127,
 3.3785915,1576238119123,
 1.5560564,1576238120115,
 0.73577464,1576238121099,
 0.03605634,1576238122099,
 0.07098591,1576238123119,
 0.18985915,1576238124109,
 0.029295774,1576238125128,
 0.021971831,1576238126118,
 0.11380282,1576238127123,
 1.0416901,1576238128134,
 2.6816902,1576238129134,
 4.6219716,1576238130124,
 6.5814085,1576238131130,
 7.9414086,1576238132135,
 9.0591545,1576238133142,
 10.287324,1576238134135,
 11.292395,1576238135138,
 11.897465,1576238136133,
 12.380281,1576238137133,
 12.79155,1576238138135,
 13.4,1576238139134,
 13.766197,1576238140134,
 13.644507,1576238141116,
 13.988732,1576238142133,
 14.40507,1576238143115,
 14.000564,1576238144127,
 13.667042,1576238145134,
 13.058592,1576238146128,
 12.808451,1576238147134,
 12.44676,1576238148092,
 11.834366,1576238149135,
 11.134085,1576238150128,
 10.44169,1576238151137,
 9.966197,1576238152130,
 9.436056,1576238153128,
 9.08169,1576238154136,
 9.145915,1576238155133,
 9.411267,1576238156095,
 9.562254,1576238157097,
 9.699718,1576238158095,
 10.026479,1576238159115,
 10.371267,1576238160096,
 10.487324,1576238161133,
 10.242253,1576238162099,
 10.309859,1576238163129,
 10.374084,1576238164135,
 10.484507,1576238165100,
 10.151549,1576238166102,
 9.478873,1576238167101,
 8.829859,1576238168098,
 8.428169,1576238169102,
 7.5430984,1576238170100,
 5.7802815,1576238171103,
 4.5115495,1576238172098,
 3.7391548,1576238173104,
 3.866479,1576238174094,
 4.790986,1576238175100,
 6.069859,1576238176100,
 7.1470423,1576238177101,
 7.4332395,1576238178097,
 6.7301407,1576238179097,
 6.174648,1576238180096,
 5.6901407,1576238181097,
 5.530704,1576238182094,
 4.8929577,1576238183100,
 4.1532393,1576238184098,
 4.2777467,1576238185100,
 4.1408453,1576238186095,
 4.016338,1576238187099,
 4.07831,1576238188098,
 4.624225,1576238189100,
 5.4625354,1576238190097,
 5.5960565,1576238191102,
 5.8304224,1576238192098,
 5.820845,1576238193104,
 5.4039435,1576238194097,
 4.92169,1576238195098,
 5.187042,1576238196093,
 5.985352,1576238197105,
 6.193239,1576238198098,
 6.325634,1576238199098,
 6.7515492,1576238200096,
 6.508169,1576238201100,
 6.559437,1576238202100,
 6.8140845,1576238203101,
 6.271549,1576238204102,
 5.687324,1576238205101,
 5.3949294,1576238206098,
 5.5239434,1576238207099,
 5.2005634,1576238208096,
 4.7938027,1576238209098,
 5.0676055,1576238210097,
 5.312113,1576238211097,
 4.9132395,1576238212097,
 4.5070424,1576238213098,
 3.9149296,1576238214094,
 2.6895776,1576238215100,
 1.3447888,1576238216097,
 0.7932394,1576238217093,
 0.34816903,1576238218089,
 0.7752113,1576238219095,
 1.423662,1576238220098,
 2.2416902,1576238221105,
 3.099155,1576238222098,
 4.5571833,1576238223099,
 5.750986,1576238224098,
 6.2760563,1576238225098,
 6.3887324,1576238226100,
 6.8084507,1576238227105,
 7.669859,1576238228096,
 7.781972,1576238229098,
 7.5695777,1576238230097,
 7.4422536,1576238231099,
 6.797183,1576238232095,
 6.3194366,1576238233099,
 4.8084507,1576238234096,
 4.188169,1576238235100,
 3.390986,1576238236096,
 2.8174648,1576238237102,
 1.5476056,1576238238098,
 1.0315493,1576238239102,
 0.9425352,1576238240098,
 1.2794366,1576238241098,
 1.5673239,1576238242097,
 2.301972,1576238243159,
 3.4642253,1576238244098,
 4.4230986,1576238245101,
 5.553803,1576238246097,
 6.149859,1576238247099,
 7.0484505,1576238248097,
 7.7667603,1576238249100,
 7.3323946,1576238250097,
 6.696338,1576238251100,
 6.6461973,1576238252096,
 6.72,1576238253099,
 7.554366,1576238254093,
 8.092395,1576238255099,
 8.27493,1576238256095,
 8.203381,1576238257097,
 8.217464,1576238258091,
 9.291267,1576238259096,
 10.0084505,1576238260096,
 10.669295,1576238261096,
 11.205634,1576238262096,
 11.39493,1576238263099,
 11.442817,1576238264103,
 11.474366,1576238265092,
 10.72338,1576238266092,
 10.591549,1576238267096,
 10.396056,1576238268095,
 10.394366,1576238269097,
 10.343662,1576238270093,
 10.138028,1576238271097,
 10.172957,1576238272093,
 9.865352,1576238273099,
 9.471549,1576238274097,
 9.352113,1576238275098,
 9.43662,1576238276095,
 9.357183,1576238277100,
 9.32507,1576238278100,
 9.194366,1576238279100,
 8.945915,1576238280094,
 8.87831,1576238281101,
 8.527324,1576238282096,
 8.620281,1576238283092,
 8.233239,1576238284094,
 6.9785914,1576238285095,
 5.9014087,1576238286096,
 4.167887,1576238287094,
 3.1915493,1576238288103,
 2.844507,1576238289094,
 3.7707043,1576238290094,
 4.456338,1576238291094,
 4.7397184,1576238292094,
 4.544225,1576238293096,
 4.2946477,1576238294090,
 4.5076056,1576238295096,
 3.1678872,1576238296093,
 2.162817,1576238297096,
 1.924507,1576238298093,
 2.3966198,1576238299097,
 2.7605634,1576238300095,
 3.2095776,1576238301095,
 4.1278872,1576238302093,
 2.6225352,1576238303095,
 2.1357746,1576238304094,
 2.131831,1576238305126,
 3.1047888,1576238306093,
 3.509859,1576238307098,
 3.4276056,1576238308095,
 1.9566197,1576238309096,
 1.5154929,1576238310093,
 2.0630987,1576238311096,
 2.2850704,1576238312089,
 2.823662,1576238313095,
 3.294648,1576238314094,
 2.9566197,1576238315093,
 3.312676,1576238316095,
 2.6270423,1576238317095,
 2.9121127,1576238318094,
 3.296338,1576238319095,
 3.5323944,1576238320092,
 3.0276055,1576238321094,
 2.5036619,1576238322092,
 2.527324,1576238323092,
 3.148169,1576238324093,
 2.900845,1576238325095,
 3.3633802,1576238326090,
 3.2783098,1576238327095,
 2.524507,1576238328091,
 2.2202816,1576238329095,
 0.80619717,1576238330091,
 1.1233803,1576238331088,
 2.099155,1576238332092,
 2.980845,1576238333095,
 2.5459156,1576238334088,
 2.9876056,1576238335094,
 3.84,1576238336093,
 4.6495776,1576238337096,
 5.4614086,1576238338089,
 5.7340846,1576238339092,
 6.138592,1576238340088,
 6.3357744,1576238341096,
 6.48169,1576238342091,
 6.44,1576238343090,
 6.4338026,1576238344090,
 6.2332397,1576238345092,
 5.5369015,1576238346091,
 4.454648,1576238347095,
 4.204507,1576238348093,
 3.567324,1576238349091,
 2.2940845,1576238350092,
 1.2529577,1576238351095,
 1.1098591,1576238352090,
 1.112676,1576238353094,
 0.82985914,1576238354103,
 0.38985917,1576238355089,
 0.015774649,1576238356085,
 0.10084507,1576238357087,
 0.09577465,1576238358083,
 0.14422536,1576238359086,
 0.1859155,1576238360084,
 0.18704225,1576238361088,
 0.03830986,1576238362081,
 0.14478873,1576238363081,
 0.085070424,1576238364088,
 0.10140845,1576238365086,
 0.05802817,1576238366082,
 0.047887325,1576238367084,
 0.5656338,1576238368082,
 1.3183099,1576238369091,
 2.4152112,1576238370087,
 2.9887323,1576238371093,
 3.277183,1576238372090,
 3.7076056,1576238373092,
 4.2738028,1576238374090,
 4.912676,1576238375096,
 5.5571833,1576238376091,
 6.16338,1576238377097,
 6.486197,1576238378091,
 6.5915494,1576238379095,
 5.8039436,1576238380095,
 6.3684506,1576238381090,
 7.117183,1576238382091,
 7.431549,1576238383095,
 7.5915494,1576238384094,
 7.8535213,1576238385091,
 7.724507,1576238386092,
 7.444507,1576238387094,
 7.292958,1576238388093,
 7.530704,1576238389091,
 7.9323945,1576238390093,
 8.174085,1576238391091,
 7.5211267,1576238392088,
 6.5414085,1576238393090,
 5.3391547,1576238394090,
 4.642817,1576238395092,
 4.0540843,1576238396090,
 3.2439437,1576238397090,
 2.04,1576238398091,
 1.1188732,1576238399088,
 0.8112676,1576238400126,
 0.38816902,1576238401095,
 0.46140844,1576238402084,
 0.46478873,1576238403078,
 0.6095775,1576238404083,
 0.52,1576238405086,
 1.1183099,1576238406090,
 1.7092957,1576238407088,
 2.5932395,1576238408088,
 4.044507,1576238409088,
 5.1064787,1576238410085,
 4.736338,1576238411090,
 4.552676,1576238412089,
 4.6405635,1576238413099,
 5.1769013,1576238414089,
 5.5740843,1576238415086,
 5.7053523,1576238416087,
 5.7014084,1576238417090,
 6.0039434,1576238418091,
 6.148169,1576238419092,
 6.505352,1576238420089,
 6.802817,1576238421081,
 7.271549,1576238422087,
 7.346479,1576238423090,
 7.186479,1576238424095,
 7.187042,1576238425092,
 6.629859,1576238426104,
 5.6152115,1576238427089,
 4.740845,1576238428090,
 5.56,1576238429086,
 5.76338,1576238430087,
 4.7757745,1576238431090,
 4.6461973,1576238432084,
 5.8405633,1576238433092,
 7.3250704,1576238434091,
 7.861972,1576238435091,
 9.787605,1576238436091,
 10.472676,1576238437090,
 10.943099,1576238438088,
 11.758873,1576238439087,
 12.275493,1576238440090,
 12.59324,1576238441089,
 12.170141,1576238442090,
 11.933521,1576238443089,
 12.2050705,1576238444097,
 12.442253,1576238445096,
 12.687887,1576238446093,
 12.894085,1576238447093,
 13.211831,1576238448095,
 13.587605,1576238449093,
 13.84,1576238450091,
 13.912676,1576238451092,
 14.1712675,1576238452090,
 13.849014,1576238453090,
 13.964507,1576238454090,
 14.24,1576238455090,
 13.898592,1576238456091,
 13.2833805,1576238457143,
 13.95155,1576238458092,
 13.484507,1576238459086,
 12.432676,1576238460087,
 10.100282,1576238461094,
 8.023662,1576238462091,
 6.777465,1576238463090,
 6.6856337,1576238464092,
 6.900845,1576238465092,
 6.943662,1576238466090,
 6.8230987,1576238467091,
 7.164507,1576238468092,
 7.1064787,1576238469093,
 7.176338,1576238470092,
 6.268169,1576238471094,
 6.1408453,1576238472085,
 4.3132396,1576238473088,
 3.8202817,1576238474089,
 2.9414084,1576238475087,
 2.247324,1576238476085,
 1.7616901,1576238477086,
 1.2050704,1576238478084,
 0.81014085,1576238479084,
 0.75042254,1576238480084,
 0.47098592,1576238481079,
 0.18985915,1576238482084,
 0.18140845,1576238483080,
 0.16338028,1576238484086,
 0.15830986,1576238485092,
 0.061971832,1576238486083,
 0.10140845,1576238487084,
 0.090704225,1576238488083,
 0.10140845,1576238489084,
 0.073802814,1576238490084,
 0.14197183,1576238491083,
 0.22140846,1576238492083,
 0.09577465,1576238493085,
 0.12,1576238494084,
 0.1430986,1576238495081,
 0.11774648,1576238496083,
 0.111549295,1576238497083,
 0.10535211,1576238498078,
 0.034366198,1576238499080,
 0.06535211,1576238500081,
 0.13802817,1576238501078,
 0.08901408,1576238502082,
 0.09408451,1576238503087,
 0.1228169,1576238504085,
 0.09239437,1576238505084,
 0.050140847,1576238506084,
 0.046760563,1576238507081,
 0.31830987,1576238508080,
 0.85521126,1576238509088,
 1.8349296,1576238510086,
 3.8174648,1576238511086,
 5.389859,1576238512086,
 5.8242254,1576238513088,
 5.6450706,1576238514087,
 5.832113,1576238515089,
 5.72338,1576238516089,
 5.192676,1576238517087,
 5.6585917,1576238518087,
 5.6422534,1576238519085,
 6.0467606,1576238520085,
 6.787042,1576238521090,
 7.732394,1576238522088,
 8.538591,1576238523087,
 9.109296,1576238524087,
 9.476056,1576238525088,
 9.790986,1576238526090,
 10.122817,1576238527089,
 10.073239,1576238528087,
 10.769014,1576238529086,
 9.688451,1576238530083,
 9.196056,1576238531090,
 9.212395,1576238532088,
 9.309859,1576238533093,
 9.615775,1576238534090,
 9.887324,1576238535089,
 10.24507,1576238536089,
 10.786479,1576238537087,
 11.064789,1576238538088,
 11.184225,1576238539090,
 11.216338,1576238540092,
 10.80338,1576238541090,
 9.414084,1576238542088,
 8.281691,1576238543087,
 7.787042,1576238544092,
 7.5921125,1576238545094,
 7.4287324,1576238546091,
 6.764507,1576238547089,
 4.8647885,1576238548086,
 3.7188733,1576238549087,
 2.4929578,1576238550088,
 1.4253521,1576238551095,
 0.5543662,1576238552082,
 0.055774648,1576238553083,
 0.1312676,1576238554081,
 0.0856338,1576238555082,
 0.07042254,1576238556081,
 0.03380282,1576238557084,
 0.03943662,1576238558081,
 0.032676056,1576238559078,
 0.08619718,1576238560081,
 0.07042254,1576238561080,
 0.0428169,1576238562081,
 0.050704226,1576238563084,
 0.05802817,1576238564086,
 0.07887324,1576238565085,
 0.032112677,1576238566087,
 0.16,1576238567086,
 0.1459155,1576238568084,
 0.8304225,1576238569086,
 2.3385916,1576238570087,
 3.8033803,1576238571091,
 4.7047887,1576238572092,
 4.8450704,1576238573090,
 4.617465,1576238574087,
 4.930141,1576238575089,
 5.261972,1576238576090,
 5.0225353,1576238577087,
 5.050141,1576238578090,
 5.7352114,1576238579088,
 6.7239437,1576238580089,
 6.2901406,1576238581092,
 4.2777467,1576238582092,
 2.334648,1576238583092,
 0.92169017,1576238584089,
 0.17690141,1576238585083,
 0.0371831,1576238586082,
 0.11943662,1576238587084,
 0.16,1576238588079,
 0.04225352,1576238589083,
 0.11323944,1576238590082,
 0.07887324,1576238591083,
 0.0715493,1576238592083,
 0.06422535,1576238593087,
 0.08732394,1576238594083,
 0.03887324,1576238595083,
 0.063098595,1576238596080,
 0.10028169,1576238597082,
 0.01802817,1576238598080,
 0.01690141,1576238599076,
 0.056338027,1576238600078,
 0.009577465,1576238601078,
 0.0428169,1576238602077,
 0.021971831,1576238603079,
 0.043380283,1576238604078,
 0.024788732,1576238605086,
 0.008450705,1576238606078,
 0.08,1576238607079,
 0.0371831,1576238608080,
 0.083943665,1576238609079,
 0.0428169,1576238610076,
 0.043943662,1576238611084,
 0.068732396,1576238612080,
 0.06760564,1576238613082,
 0.090704225,1576238614083,
 0.089577466,1576238615082,
 0.19380282,1576238616083,
 0.09295775,1576238617079,
 0.07774648,1576238618082,
 0.043943662,1576238619081,
 0.03830986,1576238620081,
 0.02028169,1576238621079,
 0.052957747,1576238622079,
 0.025352113,1576238623085,
 0.006197183,1576238624084,
 0.03605634,1576238625088,
 0.055774648,1576238626131,
 0.04507042,1576238627082,
 0.0371831,1576238628079,
 0.024788732,1576238629082,
 0.02140845,1576238630079,
 0.03887324,1576238631082,
 0.028732395,1576238632082,
 0.035492957,1576238633082,
 0.025915492,1576238634083,
 0.01971831,1576238635082,
 0.02253521,1576238636081,
 0.032112677,1576238637085,
 0.011830986,1576238638083,
 0.0022535212,1576238639078,
 0.01971831,1576238640080,
 0.009014085,1576238641086,
 0.02140845,1576238642079,
 0.024788732,1576238643080,
 0.008450705,1576238644078,
 0.03830986,1576238645079,
 0.0073239435,1576238646077,
 0.003943662,1576238647082,
 0.003943662,1576238648078,
 0.034929577,1576238649082,
 0.025352113,1576238650083,
 0.03380282,1576238651088,
 0.01690141,1576238652083,
 0.016338028,1576238653085,
 0.029295774,1576238654081,
 0.073802814,1576238655080,
 0.014084507,1576238656081,
 0.04507042,1576238657084,
 0.025915492,1576238658088,
 0.09126761,1576238659087,
 0.21464789,1576238660086,
 0.58760566,1576238661090,
 1.4552113,1576238662091,
 2.386479,1576238663090,
 3.1076057,1576238664095,
 4.5622535,1576238665098,
 5.5233803,1576238666092,
 5.464789,1576238667093,
 5.9819717,1576238668091,
 6.3769016,1576238669098,
 6.5323944,1576238670095,
 7.133521,1576238671097,
 7.480563,1576238672093,
 7.7059155,1576238673094,
 8.322817,1576238674090,
 8.978592,1576238675088,
 9.344789,1576238676094,
 9.736338,1576238677093,
 10.179155,1576238678093,
 10.72507,1576238679087,
 11.199436,1576238680095,
 11.559437,1576238681092,
 11.987042,1576238682098,
 12.1543665,1576238683093,
 12.432113,1576238684091,
 12.469859,1576238685091,
 12.189296,1576238686088,
 12.064225,1576238687092,
 11.948169,1576238688093,
 11.890141,1576238689092,
 11.7673235,1576238690091,
 11.770141,1576238691091,
 11.612394,1576238692091,
 11.56338,1576238693090,
 11.443944,1576238694090,
 11.484507,1576238695090,
 11.423099,1576238696090,
 11.455774,1576238697088,
 11.55324,1576238698093,
 11.436056,1576238699093,
 11.354366,1576238700095,
 11.295211,1576238701093,
 11.11662,1576238702089,
 11.105915,1576238703089,
 11.072113,1576238704088,
 10.944225,1576238705086,
 11.012958,1576238706086,
 11.153803,1576238707083,
 10.954366,1576238708084,
 10.580845,1576238709087,
 9.820282,1576238710087,
 8.68169,1576238711086,
 8.291267,1576238712089,
 8.347042,1576238713088,
 8.882254,1576238714086,
 9.540281,1576238715087,
 10.155493,1576238716089,
 10.332395,1576238717088,
 10.48,1576238718086,
 10.509295,1576238719085,
 10.295211,1576238720085,
 9.431549,1576238721086,
 8.730704,1576238722086,
 8.494084,1576238723084,
 8.771268,1576238724086,
 9.215211,1576238725088,
 10.044507,1576238726081,
 10.735775,1576238727086,
 11.095775,1576238728085,
 11.614084,1576238729091,
 11.760564,1576238730092,
 11.694084,1576238731092,
 11.618029,1576238732090,
 11.376338,1576238733092,
 10.793803,1576238734093,
 10.5983095,1576238735090,
 10.784225,1576238736093,
 11.305916,1576238737085,
 11.5307045,1576238738085,
 11.988732,1576238739086,
 12.229296,1576238740089,
 12.507606,1576238741087,
 12.685634,1576238742086,
 12.928451,1576238743088,
 13.111549,1576238744088,
 13.320563,1576238745089,
 13.504226,1576238746086,
 13.388169,1576238747087,
 13.5030985,1576238748081,
 13.261971,1576238749087,
 12.829859,1576238750085,
 12.934648,1576238751086,
 13.32676,1576238752087,
 13.619155,1576238753086,
 13.694084,1576238754086,
 13.698591,1576238755082,
 13.383662,1576238756087,
 13.245634,1576238757085,
 13.405634,1576238758086,
 13.649577,1576238759080,
 13.892958,1576238760086,
 14.091268,1576238761086,
 14.380845,1576238762085,
 14.388169,1576238763084,
 13.895211,1576238764080,
 13.143099,1576238765085,
 12.16845,1576238766080,
 11.188732,1576238767087,
 10.520563,1576238768086,
 10.096901,1576238769083,
 9.372395,1576238770086,
 8.245634,1576238771087,
 7.0557747,1576238772088,
 5.529014,1576238773090,
 4.183099,1576238774086,
 3.4005635,1576238775084,
 2.016338,1576238776087,
 0.62704223,1576238777082,
 0.64957744,1576238778087,
 0.5566197,1576238779083,
 0.22366197,1576238780079,
 0.008450705,1576238781078,
 0.065915495,1576238782078,
 0.5374648,1576238783079,
 0.07830986,1576238784076,
 0.03380282,1576238785078,
 0.032112677,1576238786079,
 0.06760564,1576238787077,
 0.17971832,1576238788074,
 0.09126761,1576238789077,
 0.15943661,1576238790080,
 0.0428169,1576238791080,
 0.14704226,1576238792079,
 0.15042253,1576238793076,
 0.043943662,1576238794075,
 0.016338028,1576238795073,
 0.13690141,1576238796076,
 0.22084507,1576238797082,
 0.27774647,1576238798068,
 0.18704225,1576238799074,
 0.61014086,1576238800077,
 1.2107042,1576238801072,
 0.2969014,1576238802074,
 0.30140844,1576238803079,
 0.24507043,1576238804078,
 0.3138028,1576238805079,
 0.03380282,1576238806078,
 0.0067605632,1576238807081,
 0.008450705,1576238808082,
 0.014647887,1576238809080,
 0.0135211265,1576238810080,
 0.009577465,1576238811079,
 0.008450705,1576238812080,
 0.0028169013,1576238813082,
 0.007887324,1576238814084,
 0.02140845,1576238815080,
 0.0022535212,1576238816081,
 0.007887324,1576238817075,
 0.010140845,1576238818078,
 0.25239438,1576238819087,
 0.9487324,1576238820092,
 2.3774648,1576238821092,
 4.099718,1576238822088,
 4.675493,1576238823089,
 5.296901,1576238824086,
 6.112676,1576238825088,
 6.9177465,1576238826092,
 7.6512675,1576238827089,
 7.767887,1576238828081,
 7.8247886,1576238829088,
 7.9538026,1576238830086,
 8.055775,1576238831087,
 8.137465,1576238832088,
 8.01014,1576238833087,
 7.7712674,1576238834088,
 7.5222535,1576238835082,
 7.387042,1576238836087,
 7.6264787,1576238837089,
 7.812394,1576238838096,
 8.030986,1576238839093,
 8.082253,1576238840090,
 8.020282,1576238841089,
 7.9729576,1576238842087,
 8.058028,1576238843085,
 8.360563,1576238844088,
 8.215775,1576238845086,
 7.395493,1576238846078,
 7.0540843,1576238847081,
 6.628169,1576238848080,
 5.7701406,1576238849080,
 5.675493,1576238850082,
 6.4005632,1576238851084,
 6.9442253,1576238852085,
 6.7830987,1576238853079,
 6.4287324,1576238854083,
 6.4005632,1576238855082,
 6.39662,1576238856086,
 5.989296,1576238857081,
 5.4067607,1576238858080,
 5.047324,1576238859084,
 5.307042,1576238860084,
 5.436056,1576238861084,
 5.130141,1576238862081,
 4.8095775,1576238863081,
 4.4180284,1576238864077,
 3.9329576,1576238865078,
 3.7042253,1576238866079,
 4.1340847,1576238867076,
 4.553803,1576238868079,
 4.912676,1576238869080,
 5.1661973,1576238870079,
 5.5059156,1576238871079,
 5.8794365,1576238872082,
 6.312113,1576238873080,
 6.964507,1576238874079,
 7.5487323,1576238875076,
 8.002817,1576238876085,
 8.373521,1576238877086,
 8.685634,1576238878084,
 8.915493,1576238879086,
 9.161127,1576238880087,
 9.273239,1576238881088,
 9.39493,1576238882085,
 8.9915495,1576238883082,
 8.639437,1576238884082,
 8.12169,1576238885079,
 7.8467607,1576238886076,
 7.812394,1576238887080,
 7.5966196,1576238888078,
 7.5160565,1576238889081,
 7.921127,1576238890079,
 8.339718,1576238891082,
 8.714366,1576238892080,
 8.700845,1576238893082,
 8.513803,1576238894082,
 7.674366,1576238895084,
 6.282817,1576238896081,
 3.9205635,1576238897079,
 2.346479,1576238898077,
 1.3887324,1576238899081,
 1.9160564,1576238900079,
 3.7121127,1576238901079,
 5.544225,1576238902078,
 6.7177463,1576238903081,
 7.4630985,1576238904078,
 7.8197184,1576238905083,
 8.083381,1576238906082,
 8.383662,1576238907074,
 8.574084,1576238908078,
 8.740845,1576238909079,
 8.529577,1576238910086,
 8.734084,1576238911088,
 8.653522,1576238912083,
 8.157183,1576238913084,
 7.7667603,1576238914087,
 6.595493,1576238915082,
 4.4180284,1576238916088,
 3.0676057,1576238917083,
 1.699155,1576238918083,
 1.2321126,1576238919086,
 1.0478873,1576238920087,
 0.5785915,1576238921085,
 0.26140845,1576238922086,
 0.10028169,1576238923077,
 0.051830985,1576238924081,
 0.017464789,1576238925081,
 0.006197183,1576238926074,
 0.16676056,1576238927079,
 0.26422536,1576238928087,
 0.53971833,1576238929082,
 1.7250705,1576238930087,
 2.7774649,1576238931084,
 3.350986,1576238932089,
 4.078873,1576238933081,
 4.638873,1576238934089,
 4.8985915,1576238935086,
 5.035493,1576238936087,
 3.8270423,1576238937086,
 2.0923944,1576238938082,
 0.27605635,1576238939084,
 0.021971831,1576238940084,
 0.007887324,1576238941080,
 0.16901408,1576238942079,
 0.0828169,1576238943077,
 0.21915492,1576238944085,
 0.017464789,1576238945084,
 0.023098592,1576238946084,
 0.0073239435,1576238947079,
 0.0056338026,1576238948085,
 0.0050704223,1576238949079,
 0.0056338026,1576238950079,
 0.0028169013,1576238951076,
 0.028732395,1576238952084,
 0.007887324,1576238953080,
 0.014647887,1576238954077,
 0.031549297,1576238955074,
 0.065915495,1576238956078,
 0.05521127,1576238957080,
 0.029295774,1576238958082,
 0.034929577,1576238959078,
 0.023661971,1576238960080,
 0.4512676,1576238961084,
 1.6428169,1576238962081,
 3.0512676,1576238963088,
 4.4484506,1576238964090,
 5.4197183,1576238965089,
 6.0304227,1576238966082,
 6.1312675,1576238967087,
 5.940282,1576238968085,
 5.79662,1576238969084,
 5.7904224,1576238970086,
 6.056338,1576238971088,
 6.1295776,1576238972083,
 6.3622537,1576238973079,
 6.109296,1576238974080,
 5.312676,1576238975080,
 4.2495775,1576238976081,
 2.9842253,1576238977083,
 2.616338,1576238978082,
 2.5014083,1576238979082,
 3.1932395,1576238980086,
 3.4377465,1576238981083,
 3.4597182,1576238982086,
 3.2495775,1576238983087,
 3.2247887,1576238984081,
 4.614648,1576238985087,
 5.047324,1576238986084,
 4.6264787,1576238987081,
 4.3476057,1576238988087,
 4.450704,1576238989087,
 4.7650704,1576238990093,
 5.367324,1576238991079,
 6.142535,1576238992086,
 6.9729576,1576238993085,
 7.7622533,1576238994084,
 7.861408,1576238995086,
 7.687324,1576238996087,
 7.544789,1576238997088,
 7.2630987,1576238998086,
 7.177465,1576238999079,
 7.141972,1576239000081,
 7.2602816,1576239001085,
 7.440563,1576239002081,
 7.6050706,1576239003083,
 7.806197,1576239004086,
 7.9977465,1576239005086,
 8.152113,1576239006079,
 8.298028,1576239007095,
 8.259718,1576239008080,
 8.04,1576239009084,
 7.430986,1576239010079,
 6.9476056,1576239011086,
 6.451831,1576239012084,
 6.4428167,1576239013078,
 7.1104226,1576239014087,
 7.3447886,1576239015079,
 7.5369015,1576239016083,
 7.6901407,1576239017085,
 7.7295775,1576239018087,
 7.5549297,1576239019080,
 7.267606,1576239020078,
 6.6016903,1576239021079,
 7.308169,1576239022091,
 7.1447887,1576239023084,
 6.9442253,1576239024075,
 6.249014,1576239025081,
 6.0569015,1576239026085,
 6.406197,1576239027079,
 6.350986,1576239028083,
 6.728451,1576239029079,
 6.817465,1576239030085,
 6.8805633,1576239031087,
 7.1566195,1576239032081,
 7.407324,1576239033102,
 7.6907043,1576239034106,
 8.130141,1576239035102,
 8.161127,1576239036108,
 8.613522,1576239037135,
 9.147042,1576239038080,
 9.724507,1576239039078,
 10.322253,1576239040079,
 10.464226,1576239041075,
 10.28,1576239042071,
 10.15662,1576239043078,
 10.367324,1576239044081,
 10.234366,1576239045079,
 10.178028,1576239046077,
 10.138028,1576239047078,
 10.228169,1576239048083,
 10.570704,1576239049079,
 10.594366,1576239050077,
 10.431549,1576239051078,
 10.853521,1576239052080,
 10.939155,1576239053077,
 11.27493,1576239054080,
 11.570704,1576239055078,
 11.6828165,1576239056078,
 11.796619,1576239057079,
 12.020282,1576239058074,
 12.107042,1576239059079,
 12.114929,1576239060078,
 12.219718,1576239061080,
 12.461972,1576239062079,
 12.226479,1576239063079,
 12.379719,1576239064073,
 12.3171835,1576239065078,
 12.035493,1576239066076,
 11.772958,1576239067076,
 10.598873,1576239068076,
 8.900846,1576239069076,
 7.6467605,1576239070077,
 7.181972,1576239071073,
 7.1430984,1576239072079,
 7.733521,1576239073083,
 8.612958,1576239074081,
 9.5476055,1576239075080,
 9.903099,1576239076076,
 9.712112,1576239077078,
 9.562817,1576239078075,
 9.825352,1576239079075,
 10.012958,1576239080075,
 10.175211,1576239081074,
 10.302535,1576239082069,
 10.520563,1576239083070,
 10.450705,1576239084072,
 10.447324,1576239085077,
 10.583662,1576239086073,
 10.642817,1576239087074,
 10.416902,1576239088082,
 9.847887,1576239089073,
 9.290141,1576239090074,
 8.891268,1576239091074,
 8.512113,1576239092076,
 7.867042,1576239093070,
 7.3014083,1576239094075,
 6.673803,1576239095075,
 5.9092956,1576239096075,
 5.4135213,1576239097076,
 4.8146477,1576239098073,
 4.5059156,1576239099073,
 4.0957747,1576239100071,
 3.6377466,1576239101074,
 3.8197184,1576239102075,
 4.7560563,1576239103074,
 5.552676,1576239104072,
 5.490704,1576239105075,
 5.6309857,1576239106073,
 6.010704,1576239107075,
 5.943662,1576239108075,
 6.015211,1576239109076,
 6.522817,1576239110074,
 6.792113,1576239111068,
 6.990986,1576239112073,
 6.949296,1576239113071,
 6.494648,1576239114074,
 6.4923944,1576239115074,
 6.8569016,1576239116073,
 7.379155,1576239117074,
 7.835493,1576239118071,
 8.212395,1576239119073,
 8.549859,1576239120070,
 8.710986,1576239121071,
 8.774648,1576239122066,
 8.649577,1576239123070,
 8.6090145,1576239124068,
 8.277184,1576239125073,
 8.342535,1576239126071,
 8.405634,1576239127075,
 8.383662,1576239128072,
 8.576338,1576239129072,
 8.707605,1576239130073,
 8.816901,1576239131072,
 8.607887,1576239132072,
 8.407324,1576239133070,
 8.39831,1576239134074,
 8.321691,1576239135073,
 8.23831,1576239136073,
 8.0760565,1576239137073,
 7.8890142,1576239138075,
 7.8191547,1576239139073,
 8.082817,1576239140066,
 8.365634,1576239141070,
 8.585916,1576239142076,
 8.900282,1576239143070,
 9.282253,1576239144070,
 9.560563,1576239145073,
 9.3340845,1576239146079,
 9.212957,1576239147073,
 9.467042,1576239148071,
 10.062535,1576239149071,
 10.68338,1576239150075,
 11.103662,1576239151068,
 11.254648,1576239152070,
 11.269859,1576239153070,
 11.061972,1576239154072,
 10.87155,1576239155071,
 10.785352,1576239156073,
 10.451267,1576239157072,
 10.348169,1576239158070,
 10.189296,1576239159069,
 9.797747,1576239160071,
 9.5307045,1576239161070,
 9.510986,1576239162066,
 9.100282,1576239163070,
 9.152113,1576239164072,
 9.072676,1576239165074,
 9.163943,1576239166071,
 8.919436,1576239167070,
 8.454648,1576239168072,
 6.855775,1576239169064,
 5.5019717,1576239170070,
 4.8969016,1576239171067,
 4.675493,1576239172070,
 5.123944,1576239173065,
 5.463662,1576239174073,
 5.7154927,1576239175070,
 6.144225,1576239176070,
 6.5160565,1576239177071,
 6.699155,1576239178069,
 6.8033805,1576239179069,
 6.895775,1576239180067,
 7.2450705,1576239181073,
 7.4670424,1576239182071,
 7.7842255,1576239183069,
 7.8214083,1576239184069,
 7.983662,1576239185070,
 7.891268,1576239186071,
 7.7847886,1576239187070,
 7.8298593,1576239188070,
 7.8490143,1576239189071,
 7.7346478,1576239190067,
 7.5616903,1576239191064,
 7.253521,1576239192072,
 7.0749297,1576239193073,
 6.75662,1576239194069,
 6.4642253,1576239195069,
 6.5357747,1576239196071,
 7.034366,1576239197073,
 7.4112678,1576239198068,
 7.747042,1576239199070,
 8.223099,1576239200069,
 8.263099,1576239201069,
 8.310986,1576239202065,
 8.312676,1576239203069,
 8.287324,1576239204070,
 8.189859,1576239205072,
 8.335774,1576239206067,
 8.266479,1576239207068,
 8.292395,1576239208064,
 8.219155,1576239209060,
 8.464226,1576239210063,
 8.809014,1576239211068,
 9.348732,1576239212066,
 9.863098,1576239213067,
 9.904225,1576239214066,
 10.12,1576239215066,
 10.267606,1576239216070,
 10.502535,1576239217069,
 11.063099,1576239218067,
 11.623662,1576239219068,
 12.1267605,1576239220064,
 11.929014,1576239221068,
 11.587042,1576239222070,
 11.300282,1576239223068,
 11.329577,1576239224071,
 11.039436,1576239225067,
 10.934648,1576239226068,
 10.700282,1576239227069,
 10.462535,1576239228073,
 10.322817,1576239229069,
 10.230423,1576239230068,
 10.411831,1576239231066,
 10.418028,1576239232070,
 10.383662,1576239233068,
 10.320563,1576239234071,
 10.2833805,1576239235069,
 10.253521,1576239236066,
 9.856901,1576239237067,
 9.354366,1576239238061,
 8.978592,1576239239065,
 8.578591,1576239240122,
 8.11662,1576239241067,
 7.846197,1576239242064,
 7.580845,1576239243065,
 7.594366,1576239244066,
 7.613521,1576239245066,
 7.811831,1576239246067,
 7.9228168,1576239247064,
 7.8867607,1576239248065,
 7.9566197,1576239249060,
 8.258028,1576239250065,
 8.4523945,1576239251063,
 8.670423,1576239252065,
 8.690141,1576239253062,
 8.718309,1576239254067,
 8.854085,1576239255064,
 9.197746,1576239256066,
 9.6383095,1576239257064,
 9.487887,1576239258066,
 9.611268,1576239259066,
 9.989296,1576239260063,
 10.450705,1576239261069,
 11.179718,1576239262066,
 11.483944,1576239263067,
 11.353239,1576239264069,
 11.533521,1576239265072,
 11.895211,1576239266066,
 12.121127,1576239267064,
 11.800564,1576239268068,
 11.442253,1576239269068,
 11.154929,1576239270068,
 11.033239,1576239271067,
 10.734648,1576239272069,
 10.774648,1576239273070,
 10.767887,1576239274069,
 10.442817,1576239275067,
 10.376902,1576239276068,
 10.109859,1576239277071,
 9.995493,1576239278062,
 9.752112,1576239279067,
 9.6321125,1576239280069,
 9.585916,1576239281068,
 9.6152115,1576239282069,
 9.501409,1576239283068,
 8.328451,1576239284069,
 7.900845,1576239285068,
 7.336338,1576239286068,
 6.9228168,1576239287067,
 6.303662,1576239288069,
 5.9966197,1576239289062,
 6.4135213,1576239290065,
 6.8484507,1576239291065,
 6.7357745,1576239292068,
 6.4923944,1576239293067,
 6.2242255,1576239294068,
 5.291831,1576239295065,
 4.474366,1576239296065,
 4.2422533,1576239297067,
 4.345352,1576239298066,
 4.9104223,1576239299069,
 5.8794365,1576239300124,
 6.8095775,1576239301068,
 7.771831,1576239302069,
 8.550986,1576239303068,
 9.180282,1576239304067,
 9.252395,1576239305067,
 9.336902,1576239306069,
 9.397746,1576239307067,
 9.325634,1576239308065,
 9.5030985,1576239309070,
 9.658591,1576239310068,
 9.825915,1576239311064,
 10.005071,1576239312067,
 10.236056,1576239313065,
 10.3616905,1576239314068,
 10.270986,1576239315065,
 10.225352,1576239316067,
 9.8563385,1576239317066,
 9.264789,1576239318062,
 8.975775,1576239319067,
 8.83155,1576239320064,
 8.603944,1576239321068,
 8.615775,1576239322066,
 8.811268,1576239323064,
 9.116056,1576239324067,
 9.209578,1576239325071,
 9.243381,1576239326067,
 9.499719,1576239327066,
 9.764507,1576239328066,
 9.706479,1576239329061,
 9.475493,1576239330067,
 9.273803,1576239331067,
 9.357183,1576239332066,
 9.522254,1576239333067,
 9.624788,1576239334066,
 9.847887,1576239335067,
 10.139718,1576239336065,
 10.379155,1576239337066,
 10.164507,1576239338064,
 9.91831,1576239339066,
 9.810704,1576239340062,
 9.347042,1576239341067,
 8.366198,1576239342066,
 8.073239,1576239343065,
 7.703099,1576239344066,
 7.6360564,1576239345069,
 7.662535,1576239346068,
 7.6985917,1576239347062,
 7.712676,1576239348069,
 7.753803,1576239349065,
 7.643944,1576239350064,
 7.1352115,1576239351066,
 6.7256336,1576239352070,
 6.0659156,1576239353065,
 6.1757746,1576239354065,
 5.9870424,1576239355066,
 5.1594367,1576239356066,
 4.171831,1576239357062,
 3.392676,1576239358058,
 3.619155,1576239359062,
 4.0602818,1576239360065,
 4.544225,1576239361063,
 4.769014,1576239362063,
 4.748169,1576239363064,
 4.584789,1576239364065,
 4.5323944,1576239365065,
 3.997183,1576239366066,
 3.395493,1576239367064,
 2.971831,1576239368066,
 2.7138028,1576239369063,
 2.5611267,1576239370064,
 1.9673239,1576239371067,
 1.6839436,1576239372066,
 1.6225352,1576239373067,
 1.4247887,1576239374065,
 1.4230986,1576239375058,
 1.7802817,1576239376060,
 2.6377466,1576239377063,
 3.413521,1576239378066,
 3.7284508,1576239379064,
 3.7391548,1576239380059,
 3.7092957,1576239381059,
 3.9143662,1576239382056,
 3.955493,1576239383058,
 3.731831,1576239384065,
 3.4467607,1576239385066,
 2.8332396,1576239386064,
 2.5594366,1576239387058,
 2.3797183,1576239388063,
 2.2264788,1576239389062,
 2.087324,1576239390065,
 2.4349296,1576239391067,
 3.0676057,1576239392063,
 3.7115493,1576239393065,
 3.9014084,1576239394064,
 3.247324,1576239395057,
 2.910986,1576239396061,
 2.6326761,1576239397061,
 2.340845,1576239398054,
 2.140845,1576239399057,
 2.0005634,1576239400059,
 2.093521,1576239401060,
 2.1791549,1576239402060,
 1.764507,1576239403061,
 0.88,1576239404056,
 0.84394366,1576239405059,
 1.1639436,1576239406059,
 1.4152113,1576239407055,
 1.5752113,1576239408061,
 2.1977465,1576239409059,
 3.0383098,1576239410061,
 3.8642254,1576239411060,
 4.6709857,1576239412062,
 5.259155,1576239413062,
 5.772394,1576239414064,
 5.790986,1576239415057,
 5.134648,1576239416056,
 4.4,1576239417061,
 4.1509857,1576239418060,
 4.2867603,1576239419059,
 4.8033805,1576239420062,
 4.7887325,1576239421065,
 4.52,1576239422061,
 3.9149296,1576239423063,
 3.1898592,1576239424064,
 2.6659155,1576239425065,
 2.2760563,1576239426065,
 2.1340845,1576239427060,
 2.350986,1576239428063,
 2.7695775,1576239429064,
 3.0856338,1576239430063,
 3.4377465,1576239431064,
 3.1769013,1576239432065,
 2.9830985,1576239433062,
 2.5132394,1576239434063,
 1.7588732,1576239435063,
 1.5261972,1576239436063,
 1.3329577,1576239437068,
 1.2895775,1576239438062,
 1.4777465,1576239439065,
 1.6687324,1576239440065,
 1.4264789,1576239441059,
 1.1870422,1576239442057,
 0.49070424,1576239443059,
 0.33183098,1576239444062,
 0.3171831,1576239445064,
 0.9588732,1576239446062,
 1.7171831,1576239447063,
 2.1712675,1576239448065,
 2.5915494,1576239449061,
 3.0450704,1576239450065,
 3.0704226,1576239451064,
 2.4574647,1576239452062,
 2.3583097,1576239453060,
 2.6084507,1576239454062,
 1.9329578,1576239455061,
 1.2557746,1576239456061,
 1.4698591,1576239457064,
 1.8394367,1576239458058,
 2.5532393,1576239459062,
 3.2929578,1576239460063,
 4.182535,1576239461059,
 5.0185914,1576239462060,
 6.014648,1576239463064,
 6.1594367,1576239464062,
 5.8552113,1576239465064,
 5.8529577,1576239466063,
 6.935775,1576239467058,
 7.2760563,1576239468062,
 7.5171833,1576239469063,
 7.8794365,1576239470063,
 8.275493,1576239471064,
 8.6,1576239472062,
 8.925633,1576239473062,
 8.810704,1576239474061,
 8.91831,1576239475062,
 9.158874,1576239476061,
 9.366198,1576239477062,
 9.630423,1576239478060,
 9.625916,1576239479062,
 9.234366,1576239480070,
 8.754366,1576239481068,
 8.455774,1576239482062,
 8.28,1576239483064,
 7.707606,1576239484063,
 6.673803,1576239485060,
 4.4129577,1576239486063,
 2.2321126,1576239487060,
 0.7915493,1576239488058,
 1.1864789,1576239489058,
 1.4676056,1576239490057,
 1.7515492,1576239491057,
 1.988169,1576239492061,
 1.8445071,1576239493060,
 1.5560564,1576239494058,
 1.3487324,1576239495059,
 1.051831,1576239496055,
 0.6850704,1576239497059,
 0.46084508,1576239498062,
 0.19492958,1576239499054,
 0.45802817,1576239500060,
 0.9369014,1576239501062,
 2.2067606,1576239502059,
 2.821972,1576239503059,
 3.7104225,1576239504057,
 4.23662,1576239505062,
 4.6811266,1576239506058,
 4.6016903,1576239507053,
 4.5566196,1576239508056,
 4.8540845,1576239509060,
 4.8022537,1576239510057,
 4.7977467,1576239511058,
 4.867042,1576239512050,
 5.1149297,1576239513054,
 5.3047886,1576239514050,
 5.6061974,1576239515058,
 5.6822534,1576239516058,
 5.712676,1576239517059,
 5.8045073,1576239518054,
 5.8349295,1576239519059,
 5.8777466,1576239520060,
 6.024225,1576239521059,
 5.931831,1576239522059,
 5.8569016,1576239523060,
 5.8095775,1576239524057,
 5.5757747,1576239525053,
 5.136338,1576239526055,
 5.0371833,1576239527054,
 4.682817,1576239528055,
 4.6366196,1576239529056,
 4.1549296,1576239530055,
 3.0670424,1576239531058,
 1.8991549,1576239532059,
 1.6619718,1576239533056,
 2.1397183,1576239534052,
 2.856338,1576239535054,
 3.88169,1576239536049,
 4.8276057,1576239537054,
 5.9887323,1576239538056,
 6.2597184,1576239539055,
 6.634366,1576239540097,
 6.39662,1576239541060,
 6.71831,1576239542070,
 6.9780283,1576239543056,
 6.8923945,1576239544058,
 7.155493,1576239545058,
 7.8738027,1576239546055,
 8.999436,1576239547052,
 8.431549,1576239548055,
 8.495212,1576239549054,
 7.890141,1576239550055,
 7.564507,1576239551059,
 7.3143663,1576239552059,
 6.7092957,1576239553060,
 6.208451,1576239554053,
 6.3780284,1576239555058,
 6.691831,1576239556056,
 6.6259155,1576239557056,
 6.1261973,1576239558055,
 6.1104226,1576239559057,
 6.230986,1576239560055,
 5.4794364,1576239561053,
 4.643944,1576239562055,
 4.3847885,1576239563056,
 3.7307043,1576239564054,
 3.2219718,1576239565055,
 3.4056337,1576239566051,
 4.285634,1576239567051,
 5.3504224,1576239568054,
 5.424789,1576239569055,
 5.8890142,1576239570059,
 6.117183,1576239571055,
 5.9121127,1576239572054,
 5.949859,1576239573055,
 5.9549294,1576239574051,
 4.75831,1576239575057,
 2.7656338,1576239576055,
 2.0957747,1576239577056,
 1.6794366,1576239578052,
 1.5870422,1576239579052,
 1.7712677,1576239580054,
 2.2935212,1576239581055,
 2.5797184,1576239582056,
 3.1470423,1576239583053,
 3.8095775,1576239584055,
 3.7667606,1576239585055,
 3.8208451,1576239586056,
 3.755493,1576239587053,
 4.16,1576239588055,
 4.4197183,1576239589055,
 4.5633802,1576239590054,
 4.741972,1576239591055,
 5.009014,1576239592055,
 5.105352,1576239593053,
 4.9960566,1576239594048,
 5.227606,1576239595052,
 5.530141,1576239596052,
 5.9295774,1576239597055,
 6.499718,1576239598054,
 6.964507,1576239599051,
 6.920563,1576239600072,
 6.7346478,1576239601060,
 6.857465,1576239602054,
 6.7346478,1576239603053,
 6.5121126,1576239604050,
 5.9284506,1576239605048,
 5.67831,1576239606056,
 5.260845,1576239607052,
 4.8484507,1576239608053,
 4.6061974,1576239609053,
 4.5414085,1576239610051,
 4.456338,1576239611046,
 4.1323943,1576239612046,
 3.8647888,1576239613049,
 2.889014,1576239614049,
 2.0478873,1576239615054,
 1.5571831,1576239616050,
 1.3616902,1576239617051,
 1.0940845,1576239618050,
 0.39042252,1576239619051,
 0.012957746,1576239620047,
 0.006197183,1576239621045,
 0.012957746,1576239622045,
 0.012957746,1576239623042,
 0.04450704,1576239624043,
 0.043943662,1576239625045,
 0.0067605632,1576239626046,
 0.01859155,1576239627048,
 0.0016901408,1576239628043,
 0.0028169013,1576239629046,
