 0.007887324,1576223652305,
 0.012394366,1576223653245,
 0.01971831,1576223654214,
 0.03943662,1576223655228,
 0.009577465,1576223656200,
 0.032112677,1576223657217,
 0.025915492,1576223658246,
 0.014084507,1576223659212,
 0.029859155,1576223660220,
 0.01859155,1576223661224,
 0.0033802816,1576223662253,
 0.03887324,1576223663162,
 0.028169014,1576223664158,
 0.03830986,1576223665159,
 0.39267606,1576223666162,
 0.7892958,1576223667182,
 1.3560563,1576223668169,
 2.0321126,1576223669167,
 3.143662,1576223670172,
 4.4523945,1576223671166,
 5.463662,1576223672165,
 6.12,1576223673165,
 6.9222536,1576223674167,
 7.2833805,1576223675171,
 7.3684506,1576223676176,
 7.540282,1576223677172,
 7.493521,1576223678166,
 7.5014086,1576223679171,
 7.6614084,1576223680165,
 7.9014087,1576223681167,
 8.222535,1576223682171,
 8.370141,1576223683163,
 8.418028,1576223684160,
 8.370141,1576223685162,
 8.390423,1576223686164,
 8.36507,1576223687160,
 8.259155,1576223688161,
 7.8552113,1576223689162,
 6.87662,1576223690161,
 6.2614083,1576223691155,
 6.148732,1576223692161,
 6.3047886,1576223693161,
 6.5464787,1576223694161,
 6.7442255,1576223695161,
 6.8439436,1576223696163,
 7.3504224,1576223697163,
 7.9639435,1576223698165,
 8.371267,1576223699162,
 8.5645075,1576223700171,
 8.961126,1576223701162,
 9.378028,1576223702157,
 9.454084,1576223703157,
 9.3847885,1576223704163,
 9.316056,1576223705163,
 9.015775,1576223706159,
 9.00338,1576223707164,
 9.074367,1576223708166,
 8.870422,1576223709163,
 9.163943,1576223710165,
 9.065915,1576223711163,
 8.927324,1576223712164,
 8.743098,1576223713162,
 8.768451,1576223714165,
 8.688451,1576223715172,
 8.562817,1576223716165,
 8.51831,1576223717170,
 8.207324,1576223718174,
 8.258028,1576223719169,
 8.118874,1576223720159,
 8.356056,1576223721159,
 8.627042,1576223722164,
 9.027042,1576223723166,
 9.105352,1576223724166,
 8.818028,1576223725163,
 8.64507,1576223726167,
 8.477183,1576223727168,
 8.349296,1576223728171,
 8.294648,1576223729166,
 8.101972,1576223730167,
 7.4135213,1576223731165,
 7.0907044,1576223732164,
 6.72338,1576223733164,
 6.3887324,1576223734164,
 6.697465,1576223735165,
 6.910986,1576223736167,
 7.139155,1576223737166,
 7.0811267,1576223738166,
 7.0878873,1576223739170,
 6.940845,1576223740168,
 6.219155,1576223741168,
 5.632676,1576223742167,
 5.193239,1576223743171,
 4.8490143,1576223744166,
 4.5977464,1576223745169,
 4.952676,1576223746165,
 4.8022537,1576223747166,
 4.0822535,1576223748175,
 2.5121126,1576223749171,
 1.44,1576223750180,
 0.736338,1576223751168,
 1.0405633,1576223752168,
 1.1476057,1576223753166,
 1.2715493,1576223754169,
 1.5138028,1576223755166,
 1.4242253,1576223756166,
 1.0743662,1576223757166,
 0.5932394,1576223758164,
 0.6202817,1576223759162,
 0.24112676,1576223760175,
 0.0073239435,1576223761170,
 0.014084507,1576223762174,
 0.009577465,1576223763171,
 0.034929577,1576223764169,
 0.01802817,1576223765169,
 0.028732395,1576223766175,
 0.015211267,1576223767172,
 0.01859155,1576223768171,
 0.027605634,1576223769167,
 0.046760563,1576223770169,
 0.016338028,1576223771163,
 0.049577463,1576223772174,
 0.027042253,1576223773173,
 0.04056338,1576223774173,
 0.02028169,1576223775176,
 0.02084507,1576223776166,
 0.015774649,1576223777171,
 0.010140845,1576223778176,
 0.123943664,1576223779181,
 0.3830986,1576223780181,
 0.56507045,1576223781173,
 0.788169,1576223782171,
 0.91887325,1576223783172,
 1.1588732,1576223784177,
 1.5149295,1576223785175,
 2.1346478,1576223786168,
 2.0467606,1576223787168,
 1.9047887,1576223788167,
 2.2039437,1576223789163,
 2.2935212,1576223790173,
 2.0788732,1576223791176,
 2.4197183,1576223792177,
 2.4811268,1576223793172,
 2.9239438,1576223794171,
 2.7115493,1576223795169,
 1.8608451,1576223796171,
 1.3949295,1576223797179,
 1.5177464,1576223798179,
 1.4850705,1576223799176,
 1.6343662,1576223800170,
 1.6929578,1576223801170,
 1.7211268,1576223802176,
 1.2935212,1576223803174,
 2.2433803,1576223804170,
 2.019155,1576223805173,
 2.5295775,1576223806177,
 2.4197183,1576223807176,
 2.025352,1576223808175,
 1.4253521,1576223809177,
 0.81295776,1576223810174,
 0.32676056,1576223811169,
 0.006197183,1576223812167,
 0.01971831,1576223813169,
 0.049577463,1576223814173,
 0.024225352,1576223815169,
 0.010140845,1576223816169,
 0.051830985,1576223817168,
 0.30478874,1576223818174,
 0.15830986,1576223819166,
 0.38197184,1576223820183,
 1.6050705,1576223821168,
 2.2907043,1576223822169,
 3.3374648,1576223823171,
 4.227042,1576223824175,
 5.1166196,1576223825168,
 5.1605635,1576223826167,
 5.7447886,1576223827163,
 6.1059155,1576223828163,
 6.056338,1576223829155,
 6.0659156,1576223830154,
 5.837183,1576223831157,
 5.83831,1576223832161,
 6.154366,1576223833163,
 5.9188733,1576223834160,
 5.850141,1576223835161,
 4.8923945,1576223836162,
 2.460845,1576223837166,
 2.0523944,1576223838169,
 2.7329578,1576223839170,
 2.700845,1576223840161,
 3.646197,1576223841167,
 4.568451,1576223842172,
 4.4833803,1576223843173,
 4.668169,1576223844176,
 5.020845,1576223845168,
 4.906479,1576223846170,
 4.628732,1576223847170,
 4.3723946,1576223848168,
 4.4585915,1576223849167,
 4.967324,1576223850171,
 5.1464787,1576223851163,
 5.3030987,1576223852168,
 5.6067605,1576223853171,
 5.911549,1576223854167,
 6.1504226,1576223855173,
 6.362817,1576223856172,
 6.608451,1576223857177,
 6.707606,1576223858167,
 7.0084505,1576223859162,
 7.4180284,1576223860170,
 7.7160563,1576223861168,
 7.741972,1576223862165,
 7.781972,1576223863167,
 7.762817,1576223864172,
 7.7312675,1576223865171,
 7.738028,1576223866175,
 7.767324,1576223867171,
 7.8794365,1576223868177,
 7.8980284,1576223869169,
 7.8749294,1576223870170,
 8.009578,1576223871170,
 8.663662,1576223872173,
 9.006197,1576223873174,
 9.413521,1576223874175,
 9.56507,1576223875176,
 10.032676,1576223876171,
 10.212395,1576223877171,
 10.506479,1576223878171,
 10.211267,1576223879178,
 10.072676,1576223880174,
 9.96169,1576223881170,
 9.774648,1576223882170,
 9.651268,1576223883172,
 9.578028,1576223884170,
 9.588733,1576223885172,
 9.892394,1576223886182,
 10.007887,1576223887173,
 9.499155,1576223888175,
 9.327888,1576223889175,
 9.192113,1576223890176,
 8.956057,1576223891174,
 8.922254,1576223892182,
 9.052958,1576223893174,
 9.371267,1576223894172,
 9.696338,1576223895171,
 10.046761,1576223896173,
 10.323944,1576223897169,
 10.673802,1576223898170,
 10.621408,1576223899175,
 10.545352,1576223900171,
 10.32,1576223901173,
 10.018592,1576223902172,
 10.087324,1576223903172,
 10.135775,1576223904174,
 10.28507,1576223905173,
 10.40507,1576223906170,
 10.568451,1576223907174,
 10.780282,1576223908168,
 10.952676,1576223909164,
 11.131268,1576223910170,
 11.394366,1576223911168,
 11.620845,1576223912169,
 11.810141,1576223913171,
 12.049014,1576223914172,
 12.269859,1576223915171,
 12.44676,1576223916176,
 12.656901,1576223917176,
 12.869859,1576223918171,
 13.085634,1576223919173,
 13.345352,1576223920169,
 13.575212,1576223921173,
 13.873803,1576223922178,
 14.20169,1576223923176,
 14.546479,1576223924176,
 14.8011265,1576223925174,
 14.4969015,1576223926175,
 14.393803,1576223927169,
 14.35493,1576223928175,
 14.407887,1576223929176,
 14.415212,1576223930175,
 14.494648,1576223931173,
 14.517183,1576223932173,
 14.529577,1576223933172,
 14.534648,1576223934174,
 14.575774,1576223935172,
 14.631549,1576223936172,
 14.6321125,1576223937173,
 14.612958,1576223938173,
 14.418028,1576223939185,
 14.731268,1576223940187,
 15.067606,1576223941175,
 15.412958,1576223942176,
 15.7611265,1576223943176,
 16.037184,1576223944177,
 16.312113,1576223945176,
 16.44676,1576223946187,
 16.580282,1576223947176,
 16.681128,1576223948177,
 16.817465,1576223949171,
 16.948732,1576223950180,
 17.049578,1576223951176,
 17.18648,1576223952183,
 17.284508,1576223953176,
 16.917183,1576223954172,
 16.65521,1576223955173,
 16.445633,1576223956172,
 16.316057,1576223957175,
 16.160563,1576223958180,
 16.02028,1576223959182,
 15.956057,1576223960171,
 15.774084,1576223961178,
 15.689577,1576223962175,
 15.5814085,1576223963175,
 15.468169,1576223964182,
 15.373521,1576223965175,
 15.294085,1576223966174,
 15.20676,1576223967172,
 15.142535,1576223968176,
 15.229296,1576223969174,
 15.344225,1576223970184,
 15.44676,1576223971178,
 15.456338,1576223972176,
 15.420281,1576223973176,
 15.39493,1576223974171,
 15.410705,1576223975170,
 15.417465,1576223976178,
 15.420845,1576223977172,
 15.320563,1576223978167,
 15.24,1576223979174,
 15.227042,1576223980176,
 15.190423,1576223981175,
 14.985915,1576223982181,
 14.899155,1576223983176,
 14.877183,1576223984175,
 14.794366,1576223985174,
 14.565634,1576223986175,
 14.377465,1576223987174,
 14.032113,1576223988191,
 13.212957,1576223989170,
 11.927324,1576223990175,
 10.615775,1576223991176,
 9.544226,1576223992175,
 8.80338,1576223993174,
 8.509859,1576223994181,
 8.264789,1576223995175,
 7.9459157,1576223996171,
 7.8969016,1576223997174,
 8.085634,1576223998175,
 8.15662,1576223999176,
 7.976338,1576224000210,
 7.7459154,1576224001196,
 7.573521,1576224002175,
 7.530704,1576224003178,
 7.420282,1576224004176,
 7.2011266,1576224005174,
 6.4867606,1576224006181,
 4.6805634,1576224007170,
 4.2112675,1576224008175,
 3.4969015,1576224009176,
 2.3684506,1576224010177,
 1.9380282,1576224011174,
 1.8287324,1576224012183,
 2.4602816,1576224013177,
 3.4861972,1576224014176,
 4.3194366,1576224015180,
 4.477183,1576224016175,
 4.769014,1576224017175,
 5.2698593,1576224018174,
 5.769014,1576224019177,
 6.3430986,1576224020174,
 6.971831,1576224021177,
 7.0687323,1576224022177,
 7.045634,1576224023176,
 7.1256337,1576224024183,
 7.625352,1576224025175,
 8.074367,1576224026180,
 8.464226,1576224027175,
 8.757183,1576224028175,
 9.160563,1576224029171,
 9.67324,1576224030183,
 10.20676,1576224031175,
 10.528451,1576224032176,
 10.353239,1576224033176,
 10.377465,1576224034186,
 10.439437,1576224035180,
 10.667605,1576224036173,
 10.988732,1576224037173,
 11.27831,1576224038173,
 11.559437,1576224039174,
 11.846761,1576224040173,
 12.1543665,1576224041174,
 12.681127,1576224042183,
 13.101408,1576224043175,
 13.5307045,1576224044174,
 14.028732,1576224045173,
 14.829296,1576224046175,
 15.743098,1576224047172,
 15.819718,1576224048179,
 15.522254,1576224049175,
 15.223099,1576224050176,
 14.905915,1576224051174,
 14.887887,1576224052174,
 15.121127,1576224053173,
 15.2,1576224054180,
 15.101972,1576224055178,
 15.034929,1576224056178,
 14.980845,1576224057175,
 14.988732,1576224058168,
 15.016338,1576224059177,
 15.034367,1576224060186,
 15.064225,1576224061172,
 15.157183,1576224062173,
 15.331831,1576224063173,
 15.55324,1576224064173,
 15.745352,1576224065170,
 15.885633,1576224066182,
 15.971831,1576224067175,
 15.682254,1576224068173,
 15.459155,1576224069172,
 15.419719,1576224070174,
 15.47493,1576224071174,
 15.600563,1576224072182,
 15.715493,1576224073173,
 15.904225,1576224074175,
 15.990986,1576224075174,
 15.825915,1576224076169,
 15.700845,1576224077171,
 15.740282,1576224078179,
 15.884507,1576224079176,
 16.039436,1576224080173,
 16.28338,1576224081172,
 16.486761,1576224082173,
 16.680563,1576224083172,
 16.92676,1576224084177,
 17.139719,1576224085173,
 17.399437,1576224086175,
 17.660282,1576224087167,
 17.633802,1576224088171,
 16.797184,1576224089171,
 15.011831,1576224090177,
 13.681127,1576224091171,
 13.322817,1576224092172,
 12.603944,1576224093171,
 11.461972,1576224094171,
 9.534084,1576224095174,
 7.661972,1576224096180,
 6.1340847,1576224097173,
 4.8405633,1576224098168,
 4.1132393,1576224099178,
 3.5408452,1576224100172,
 2.9571831,1576224101170,
 2.0985916,1576224102177,
 1.0585916,1576224103172,
 0.17915493,1576224104172,
 0.0022535212,1576224105161,
 0.011267605,1576224106165,
 0.009014085,1576224107163,
 0.010140845,1576224108169,
 0.008450705,1576224109163,
 0.0033802816,1576224110164,
 0.009014085,1576224111164,
 0.003943662,1576224112165,
 0.0073239435,1576224113165,
 0.009014085,1576224114170,
 0.0050704223,1576224115162,
 0.0033802816,1576224116160,
 0.010704225,1576224117164,
 0.0045070425,1576224118164,
 0.0028169013,1576224119171,
 0.012394366,1576224120184,
 0.009577465,1576224121169,
 0.006197183,1576224122163,
 0.010704225,1576224123162,
 0.012394366,1576224124167,
 0.007887324,1576224125165,
 0.0033802816,1576224126172,
 0.0050704223,1576224127160,
 0.023661971,1576224128164,
 0.009014085,1576224129163,
 0.0045070425,1576224130164,
 0.014647887,1576224131166,
 0.0073239435,1576224132170,
 0.007887324,1576224133163,
 0.006197183,1576224134161,
 0.0067605632,1576224135166,
 0.011267605,1576224136166,
 0.012957746,1576224137164,
 0.0073239435,1576224138173,
 0.025352113,1576224139171,
 0.0050704223,1576224140164,
 0.0028169013,1576224141164,
 0.0073239435,1576224142164,
 0.003943662,1576224143163,
 0.010704225,1576224144171,
 0.0135211265,1576224145160,
 0.0056338026,1576224146162,
 0.0067605632,1576224147163,
 0.011267605,1576224148164,
 0.024225352,1576224149164,
 0.012394366,1576224150170,
 0.014084507,1576224151167,
 0.0045070425,1576224152164,
 0.007887324,1576224153164,
 0.024225352,1576224154165,
 0.011830986,1576224155165,
 0.0073239435,1576224156164,
 0.010140845,1576224157163,
 0.0135211265,1576224158166,
 0.02028169,1576224159165,
 0.2084507,1576224160174,
 0.81802815,1576224161171,
 1.609014,1576224162176,
 2.6174648,1576224163168,
 3.2760563,1576224164169,
 3.8985915,1576224165168,
 4.232676,1576224166175,
 4.7740846,1576224167167,
 5.440563,1576224168176,
 6.0614085,1576224169177,
 6.6895776,1576224170171,
 7.371831,1576224171169,
 7.876056,1576224172172,
 8.024789,1576224173171,
 8.074929,1576224174168,
 8.084507,1576224175170,
 8.310423,1576224176169,
 8.536338,1576224177170,
 8.815211,1576224178168,
 9.073239,1576224179175,
 9.296338,1576224180187,
 9.5030985,1576224181176,
 9.733521,1576224182193,
 10.016338,1576224183171,
 10.083381,1576224184170,
 10.351549,1576224185164,
 10.552676,1576224186172,
 10.63324,1576224187167,
 10.712112,1576224188167,
 10.855211,1576224189167,
 11.016338,1576224190166,
 10.907605,1576224191165,
 10.99831,1576224192168,
 10.769577,1576224193166,
 10.5030985,1576224194169,
 10.317746,1576224195175,
 10.397746,1576224196165,
 10.491831,1576224197169,
 10.637747,1576224198176,
 10.747043,1576224199168,
 10.927324,1576224200168,
 11.130704,1576224201168,
 11.141972,1576224202168,
 11.272676,1576224203165,
 11.350423,1576224204176,
 11.397746,1576224205172,
 11.423662,1576224206170,
 11.487887,1576224207166,
 11.734648,1576224208166,
 11.747605,1576224209166,
 11.547042,1576224210173,
 11.193803,1576224211165,
 11.022535,1576224212169,
 10.75155,1576224213165,
 10.443944,1576224214164,
 10.091268,1576224215160,
 9.741972,1576224216168,
 9.348732,1576224217162,
 8.927324,1576224218163,
 8.069296,1576224219165,
 7.6957746,1576224220166,
 6.623662,1576224221170,
 4.8490143,1576224222175,
 3.6253521,1576224223173,
 3.340845,1576224224174,
 2.8456337,1576224225166,
 2.2450705,1576224226167,
 1.8523943,1576224227172,
 1.5290141,1576224228174,
 1.3543662,1576224229170,
 1.3842254,1576224230167,
 1.352676,1576224231167,
 1.4366198,1576224232164,
 1.4839437,1576224233167,
 1.5425352,1576224234174,
 1.5211267,1576224235168,
 1.3430986,1576224236165,
 1.5464789,1576224237167,
 2.0309858,1576224238166,
 1.9442253,1576224239176,
 1.9414084,1576224240180,
 2.192676,1576224241165,
 2.8822534,1576224242167,
 3.5639436,1576224243160,
 4.7177463,1576224244166,
 6.217465,1576224245166,
 8.216338,1576224246173,
 10.695775,1576224247164,
 13.162817,1576224248158,
 14.301971,1576224249160,
 14.074367,1576224250157,
 13.708169,1576224251162,
 13.71155,1576224252165,
 13.771831,1576224253162,
 13.636056,1576224254158,
 13.184789,1576224255158,
 12.646761,1576224256177,
 12.165634,1576224257162,
 11.580845,1576224258165,
 11.151549,1576224259163,
 11.03662,1576224260161,
 11.043381,1576224261164,
 11.167324,1576224262165,
 11.391549,1576224263161,
 11.578028,1576224264172,
 11.685634,1576224265163,
 11.942535,1576224266162,
 12.08,1576224267163,
 11.99831,1576224268165,
 12.064225,1576224269164,
 12.161127,1576224270168,
 11.83324,1576224271164,
 11.56338,1576224272160,
 11.490705,1576224273164,
 11.470986,1576224274164,
 11.44676,1576224275163,
 11.4354925,1576224276166,
 11.365634,1576224277164,
 11.173521,1576224278166,
 10.897465,1576224279167,
 10.408451,1576224280167,
 9.813521,1576224281165,
 9.1436615,1576224282175,
 8.921126,1576224283163,
 8.524507,1576224284171,
 7.8777466,1576224285170,
 7.524507,1576224286170,
 7.2439437,1576224287167,
 7.059718,1576224288171,
 7.0878873,1576224289171,
 7.2597184,1576224290164,
 7.4704227,1576224291170,
 8.289014,1576224292167,
 9.228169,1576224293213,
 10.124507,1576224294164,
 11.026479,1576224295168,
 11.952113,1576224296167,
 13.001126,1576224297168,
 14.23493,1576224298170,
 15.450141,1576224299173,
 16.064226,1576224300179,
 15.64169,1576224301161,
 15.123943,1576224302165,
 14.696338,1576224303164,
 14.298028,1576224304165,
 13.904789,1576224305162,
 13.694648,1576224306171,
 13.614084,1576224307166,
 13.287888,1576224308166,
 13.105352,1576224309167,
 13.094648,1576224310172,
 13.214648,1576224311166,
 13.380845,1576224312165,
 13.549859,1576224313166,
 13.72169,1576224314167,
 13.926197,1576224315166,
 14.095211,1576224316166,
 14.317746,1576224317166,
 14.534648,1576224318176,
 14.766197,1576224319170,
 14.799437,1576224320166,
 14.850704,1576224321166,
 15.004507,1576224322166,
 14.8563385,1576224323163,
 14.735775,1576224324169,
 14.817465,1576224325165,
 14.9639435,1576224326163,
 15.163943,1576224327165,
 15.357183,1576224328167,
 15.585916,1576224329164,
 15.811268,1576224330166,
 16.04,1576224331163,
 16.24338,1576224332163,
 16.442253,1576224333163,
 16.643381,1576224334160,
 16.587042,1576224335164,
 16.694084,1576224336172,
 16.783098,1576224337164,
 16.906479,1576224338163,
 17.055775,1576224339163,
 16.976337,1576224340164,
 16.97183,1576224341159,
 16.862535,1576224342170,
 16.71493,1576224343162,
 16.401127,1576224344161,
 16.094084,1576224345161,
 15.36676,1576224346165,
 14.517183,1576224347163,
 14.197183,1576224348169,
 13.900282,1576224349162,
 13.172395,1576224350166,
 12.084507,1576224351165,
 11.374648,1576224352160,
 10.752112,1576224353164,
 10.279437,1576224354165,
 9.428732,1576224355164,
 8.628169,1576224356162,
 8.225352,1576224357165,
 8.034367,1576224358162,
 7.579155,1576224359165,
 6.7892957,1576224360172,
 5.579718,1576224361161,
 4.5160565,1576224362161,
 4.212394,1576224363155,
 3.8185916,1576224364162,
 3.4332395,1576224365164,
 2.8208451,1576224366169,
 2.6360564,1576224367161,
 2.5611267,1576224368159,
 2.4980283,1576224369157,
 2.5323944,1576224370158,
 2.906479,1576224371160,
 4.1667604,1576224372168,
 5.3295774,1576224373161,
 5.579718,1576224374158,
 5.592676,1576224375161,
 5.818028,1576224376164,
 6.0625353,1576224377161,
 6.3847885,1576224378169,
 6.731831,1576224379161,
 7.1104226,1576224380162,
 8.013521,1576224381157,
 8.858028,1576224382162,
 9.523944,1576224383161,
 10.178028,1576224384168,
 10.83324,1576224385160,
 11.505916,1576224386162,
 11.847887,1576224387163,
 11.99662,1576224388163,
 12.247324,1576224389161,
 12.52507,1576224390168,
 12.781972,1576224391161,
 13.025915,1576224392157,
 13.276056,1576224393162,
 13.522817,1576224394165,
 13.787043,1576224395163,
 14.006197,1576224396168,
 14.281127,1576224397160,
 14.552676,1576224398161,
 14.812958,1576224399159,
 15.113239,1576224400161,
 15.408451,1576224401161,
 15.691268,1576224402170,
 15.938592,1576224403159,
 16.224226,1576224404163,
 16.508732,1576224405164,
 16.790985,1576224406169,
 17.081127,1576224407168,
 17.371267,1576224408169,
 17.701971,1576224409165,
 17.91493,1576224410157,
 17.84507,1576224411160,
 17.938591,1576224412160,
 17.974648,1576224413162,
 17.73183,1576224414167,
 16.917183,1576224415160,
 16.58648,1576224416163,
 16.419718,1576224417164,
 16.295212,1576224418162,
 16.16169,1576224419162,
 16.03831,1576224420168,
 15.952676,1576224421154,
 16.02986,1576224422161,
 16.256338,1576224423160,
 16.510422,1576224424161,
 16.780281,1576224425160,
 17.077747,1576224426166,
 17.39831,1576224427159,
 17.665916,1576224428159,
 17.788733,1576224429162,
 17.683943,1576224430166,
 17.694084,1576224431159,
 17.844507,1576224432159,
 17.802254,1576224433159,
 17.689014,1576224434159,
 17.195494,1576224435159,
 16.905916,1576224436165,
 16.669859,1576224437161,
 16.216337,1576224438168,
 15.7611265,1576224439158,
 15.291831,1576224440159,
 14.84,1576224441159,
 14.31831,1576224442160,
 13.362253,1576224443156,
 12.681127,1576224444166,
 11.828169,1576224445159,
 11.614648,1576224446160,
 11.63493,1576224447160,
 12.01014,1576224448161,
 12.380845,1576224449159,
 12.789859,1576224450159,
 13.194366,1576224451165,
 13.647887,1576224452159,
 14.11662,1576224453154,
 14.631549,1576224454155,
 14.690141,1576224455155,
 14.562817,1576224456158,
 14.3340845,1576224457154,
 14.019155,1576224458153,
 13.298592,1576224459151,
 13.05014,1576224460151,
 12.910422,1576224461148,
 12.780282,1576224462156,
 12.665352,1576224463155,
 12.522817,1576224464155,
 12.387606,1576224465156,
 12.264789,1576224466158,
 12.098028,1576224467160,
 11.537465,1576224468159,
 10.538591,1576224469159,
 9.273239,1576224470160,
 9.085071,1576224471158,
 9.131831,1576224472155,
 9.169578,1576224473158,
 9.230423,1576224474161,
 9.280563,1576224475157,
 9.353239,1576224476158,
 9.43493,1576224477156,
 9.521127,1576224478158,
 9.570704,1576224479159,
 9.64,1576224480168,
 9.707605,1576224481157,
 9.924507,1576224482158,
 10.161127,1576224483157,
 10.262535,1576224484157,
 10.316056,1576224485154,
 10.36676,1576224486155,
 10.392676,1576224487154,
 10.496338,1576224488155,
 10.543662,1576224489156,
 10.56,1576224490152,
 10.299155,1576224491157,
 10.352676,1576224492162,
 10.444507,1576224493157,
 10.529577,1576224494161,
 10.921126,1576224495161,
 11.606197,1576224496158,
 12.296902,1576224497157,
 12.903099,1576224498154,
 13.243381,1576224499156,
 13.637747,1576224500156,
 13.744789,1576224501153,
 13.769577,1576224502160,
 13.816338,1576224503157,
 13.860282,1576224504163,
 14.07662,1576224505158,
 14.501409,1576224506155,
 14.79155,1576224507164,
 14.637183,1576224508154,
 14.250704,1576224509156,
 13.969578,1576224510160,
 13.949296,1576224511155,
 13.885633,1576224512153,
 13.860845,1576224513165,
 13.670986,1576224514156,
 13.370705,1576224515156,
 13.12,1576224516157,
 13.095211,1576224517154,
 13.0422535,1576224518156,
 12.967887,1576224519147,
 12.907605,1576224520154,
 12.842254,1576224521152,
 12.648451,1576224522153,
 12.490141,1576224523153,
 11.494648,1576224524153,
 10.810141,1576224525153,
 9.3909855,1576224526155,
 8.176902,1576224527151,
 8.1881695,1576224528150,
 8.601127,1576224529155,
 8.932958,1576224530147,
 9.1774645,1576224531153,
 9.083381,1576224532153,
 8.567887,1576224533151,
 7.9047885,1576224534153,
 7.750986,1576224535152,
 6.9042253,1576224536153,
 5.88169,1576224537145,
 5.287324,1576224538151,
 4.643944,1576224539149,
 4.0411267,1576224540152,
 4.04,1576224541136,
 4.1605635,1576224542141,
 4.216338,1576224543145,
 4.169014,1576224544144,
 4.105352,1576224545142,
 4.1949296,1576224546144,
 4.2653522,1576224547145,
 4.376338,1576224548135,
 4.597183,1576224549144,
 4.654648,1576224550148,
 4.2512674,1576224551144,
 2.4552112,1576224552142,
 1.3938028,1576224553150,
 1.4360564,1576224554141,
 1.6501409,1576224555142,
 1.76,1576224556145,
 2.1825352,1576224557143,
 2.5842254,1576224558143,
 2.9166198,1576224559142,
 3.5250704,1576224560144,
 3.682817,1576224561143,
 4.0602818,1576224562147,
 4.513803,1576224563145,
 5.08338,1576224564144,
 5.178028,1576224565149,
 5.699155,1576224566151,
 6.3295774,1576224567150,
 6.828169,1576224568148,
 6.948169,1576224569148,
 7.1532393,1576224570147,
 7.434366,1576224571147,
 7.767324,1576224572147,
 7.7504225,1576224573146,
 7.766197,1576224574148,
 7.782535,1576224575144,
 7.8529577,1576224576148,
 8.015775,1576224577144,
 8.118874,1576224578142,
 8.326198,1576224579142,
 8.195493,1576224580136,
 8.141409,1576224581132,
 8.242253,1576224582137,
 8.357746,1576224583138,
 8.48338,1576224584135,
 8.646197,1576224585136,
 8.8011265,1576224586144,
 8.870986,1576224587143,
 9.002254,1576224588140,
 8.953803,1576224589145,
 8.94986,1576224590141,
 8.9577465,1576224591141,
 8.796057,1576224592142,
 8.524507,1576224593140,
 8.485634,1576224594143,
 8.631549,1576224595144,
 8.617465,1576224596142,
 8.740845,1576224597143,
 8.854085,1576224598144,
 9.0698595,1576224599142,
 9.485634,1576224600150,
 9.938592,1576224601148,
 10.137465,1576224602142,
 10.546479,1576224603143,
 10.539155,1576224604144,
 10.805071,1576224605141,
 10.6090145,1576224606138,
 10.640563,1576224607140,
 10.649014,1576224608142,
 10.395493,1576224609146,
 10.492394,1576224610139,
 10.411831,1576224611145,
 10.226479,1576224612145,
 10.410705,1576224613143,
 10.338592,1576224614139,
 10.36338,1576224615138,
 10.480563,1576224616143,
 10.489014,1576224617135,
 10.394366,1576224618147,
 10.625352,1576224619142,
 10.6659155,1576224620142,
 10.72507,1576224621140,
 10.739155,1576224622144,
 10.698029,1576224623141,
 10.407887,1576224624144,
 10.340845,1576224625142,
 10.294085,1576224626149,
 10.2219715,1576224627149,
 10.310986,1576224628139,
 10.270986,1576224629145,
 10.250141,1576224630148,
 10.359437,1576224631141,
 10.298028,1576224632143,
 10.412395,1576224633147,
 10.47493,1576224634148,
 10.315493,1576224635146,
 10.104789,1576224636144,
 9.989296,1576224637143,
 9.890141,1576224638140,
 9.48169,1576224639138,
 9.158874,1576224640142,
 8.491267,1576224641145,
 7.8642254,1576224642145,
 7.446197,1576224643149,
 6.738028,1576224644144,
 6.087324,1576224645147,
 5.3938026,1576224646137,
 4.699155,1576224647139,
 4.1211267,1576224648138,
 3.7194366,1576224649137,
 3.4388733,1576224650132,
 3.9250705,1576224651141,
 4.6276054,1576224652142,
 4.8777466,1576224653139,
 5.36169,1576224654140,
 5.68169,1576224655140,
 5.509859,1576224656139,
 5.1814084,1576224657137,
 5.558873,1576224658137,
 5.5369015,1576224659142,
 5.727324,1576224660145,
 5.940845,1576224661141,
 6.07831,1576224662133,
 6.1859155,1576224663134,
 6.232113,1576224664141,
 6.087324,1576224665134,
 5.604507,1576224666145,
 5.011831,1576224667139,
 4.2422533,1576224668140,
 3.4884508,1576224669144,
 2.6732395,1576224670144,
 2.0811267,1576224671148,
 1.6005634,1576224672147,
 1.2422535,1576224673142,
 1.0676056,1576224674147,
 0.9616901,1576224675148,
 0.7639437,1576224676148,
 0.8771831,1576224677144,
 1.7729578,1576224678150,
 1.6726761,1576224679141,
 1.7278873,1576224680147,
 1.9087324,1576224681146,
 2.4174647,1576224682147,
 1.8907043,1576224683150,
 1.2445071,1576224684153,
 1.1870422,1576224685147,
 1.2371831,1576224686148,
 1.9966197,1576224687147,
 2.9729578,1576224688146,
 3.5487323,1576224689145,
 2.7138028,1576224690143,
 2.811831,1576224691140,
 2.1222534,1576224692140,
 1.6523944,1576224693143,
 2.2349296,1576224694142,
 3.411831,1576224695145,
 4.5476055,1576224696141,
 5.618028,1576224697132,
 6.1267605,1576224698138,
 6.4732394,1576224699136,
 6.6969013,1576224700140,
 7.08,1576224701137,
 6.589296,1576224702148,
 6.350986,1576224703145,
 6.1216903,1576224704141,
 5.8045073,1576224705151,
 5.9030986,1576224706140,
 6.055211,1576224707149,
 6.1076055,1576224708137,
 6.2405634,1576224709140,
 6.3295774,1576224710139,
 5.68169,1576224711143,
 5.153803,1576224712145,
 4.6777463,1576224713145,
 4.1250706,1576224714148,
 3.5233803,1576224715144,
 2.8354928,1576224716144,
 2.100845,1576224717142,
 1.7560563,1576224718147,
 1.5166197,1576224719144,
 1.6653521,1576224720151,
 2.0174649,1576224721145,
 2.2507043,1576224722146,
 3.0614085,1576224723144,
 4.391549,1576224724147,
 5.6332393,1576224725141,
 6.333521,1576224726141,
 6.505352,1576224727142,
 6.3188734,1576224728143,
 6.6394367,1576224729147,
 6.764507,1576224730141,
 6.0664787,1576224731143,
 6.1994367,1576224732145,
 6.6704226,1576224733143,
 6.505352,1576224734145,
 5.8191547,1576224735140,
 5.370141,1576224736141,
 5.1109858,1576224737135,
 4.624225,1576224738144,
 4.1312675,1576224739143,
 3.7329578,1576224740140,
 3.5149295,1576224741141,
 3.268169,1576224742139,
 2.717183,1576224743139,
 2.1233802,1576224744135,
 1.7543662,1576224745135,
 1.5228169,1576224746135,
 2.0884507,1576224747129,
 1.7222536,1576224748135,
 2.7864788,1576224749140,
 2.8394365,1576224750142,
 3.4642253,1576224751138,
 4.348169,1576224752139,
 4.7757745,1576224753136,
 5.2107043,1576224754135,
 5.574648,1576224755134,
 5.8540845,1576224756139,
 5.8743663,1576224757137,
 5.434366,1576224758134,
 4.548169,1576224759131,
 3.8507042,1576224760137,
 3.4523942,1576224761134,
 3.5774648,1576224762135,
 3.8698592,1576224763134,
 4.0259156,1576224764136,
 4.272113,1576224765134,
 4.5019717,1576224766132,
 4.792113,1576224767135,
 4.99831,1576224768138,
 5.2242255,1576224769135,
 5.4676056,1576224770134,
 5.7504225,1576224771134,
 6.0777464,1576224772133,
 6.298028,1576224773127,
 6.1104226,1576224774132,
 5.7042255,1576224775133,
 5.3594365,1576224776133,
 4.9335213,1576224777123,
 4.6,1576224778132,
 4.2788734,1576224779133,
 4.0422535,1576224780134,
 4.1549296,1576224781132,
 4.24338,1576224782133,
 4.2569013,1576224783133,
 4.2585917,1576224784135,
 3.5853522,1576224785134,
 2.7859154,1576224786132,
 1.04,1576224787133,
 0.06028169,1576224788127,
 0.29408452,1576224789130,
 0.74140847,1576224790135,
 0.5712676,1576224791132,
 0.6907042,1576224792132,
 0.54309857,1576224793130,
 0.43774647,1576224794132,
 0.30760562,1576224795127,
 0.12169014,1576224796125,
 0.25577465,1576224797125,
 0.6084507,1576224798134,
 0.5571831,1576224799129,
 0.63774645,1576224800132,
 0.5380282,1576224801132,
 0.48169014,1576224802134,
 0.14478873,1576224803132,
 0.13464789,1576224804128,
 0.12732394,1576224805130,
 0.22760564,1576224806134,
 0.009014085,1576224807127,
 0.0067605632,1576224808127,
 0.010140845,1576224809126,
 0.008450705,1576224810131,
 0.006197183,1576224811127,
 0.01802817,1576224812127,
 0.012394366,1576224813125,
 0.007887324,1576224814128,
 0.0045070425,1576224815126,
 0.009014085,1576224816130,
 0.0045070425,1576224817124,
 0.012957746,1576224818129,
 0.009577465,1576224819128,
 0.017464789,1576224820127,
 0.009014085,1576224821127,
 0.007887324,1576224822129,
 0.009577465,1576224823125,
 0.012957746,1576224824118,
 0.010140845,1576224825126,
 0.01690141,1576224826123,
 0.017464789,1576224827124,
 0.0033802816,1576224828124,
 0.015211267,1576224829124,
 0.009577465,1576224830123,
 0.006197183,1576224831124,
 0.0056338026,1576224832126,
 0.015774649,1576224833122,
 0.02028169,1576224834124,
 0.010140845,1576224835121,
 0.009014085,1576224836129,
 0.025915492,1576224837122,
 0.011267605,1576224838125,
 0.008450705,1576224839124,
 0.023098592,1576224840132,
 0.015211267,1576224841132,
 0.0033802816,1576224842126,
 0.0067605632,1576224843128,
 0.009577465,1576224844126,
 0.008450705,1576224845125,
 0.027605634,1576224846122,
 0.02028169,1576224847124,
 0.0067605632,1576224848126,
 0.0067605632,1576224849127,
 0.010140845,1576224850125,
 0.0050704223,1576224851123,
 0.010140845,1576224852128,
 0.009014085,1576224853122,
 0.010704225,1576224854123,
 0.016338028,1576224855124,
 0.0056338026,1576224856124,
 0.016338028,1576224857122,
 0.0135211265,1576224858128,
 0.02253521,1576224859120,
 0.02028169,1576224860126,
 0.014084507,1576224861119,
 0.023661971,1576224862125,
 0.026478874,1576224863124,
 0.10704225,1576224864125,
 0.029295774,1576224865123,
 0.014084507,1576224866132,
 0.012394366,1576224867132,
 0.0050704223,1576224868124,
 0.01802817,1576224869122,
 0.02253521,1576224870129,
 0.01802817,1576224871124,
 0.010704225,1576224872123,
 0.0028169013,1576224873125,
 0.01690141,1576224874125,
 0.0022535212,1576224875118,
 0.014084507,1576224876127,
 0.011267605,1576224877124,
 0.012394366,1576224878123,
 0.006197183,1576224879119,
 0.012394366,1576224880124,
 0.0028169013,1576224881123,
 0.0050704223,1576224882124,
 0.0050704223,1576224883121,
 0.012394366,1576224884124,
 0.0033802816,1576224885122,
 0.01915493,1576224886119,
 0.0135211265,1576224887125,
 0.009577465,1576224888126,
 0.01859155,1576224889123,
 0.009014085,1576224890121,
 0.021971831,1576224891120,
 0.012394366,1576224892133,
 0.014084507,1576224893116,
 0.012957746,1576224894124,
 0.0016901408,1576224895122,
 0.007887324,1576224896123,
 0.0135211265,1576224897119,
 0.007887324,1576224898122,
 0.010704225,1576224899125,
 0.015774649,1576224900126,
 0.0011267606,1576224901118,
 0.011830986,1576224902125,
 0.014647887,1576224903124,
 0.017464789,1576224904120,
 0.0028169013,1576224905123,
 0.017464789,1576224906127,
 0.009577465,1576224907123,
 0.01690141,1576224908123,
 0.033239435,1576224909125,
 0.028732395,1576224910126,
 0.01915493,1576224911122,
 0.012394366,1576224912126,
 0.0067605632,1576224913124,
 0.017464789,1576224914125,
 0.015211267,1576224915122,
 0.010140845,1576224916126,
 0.10929578,1576224917125,
 0.010140845,1576224918131,
 0.0067605632,1576224919122,
 0.01690141,1576224920123,
 0.011830986,1576224921122,
 0.009577465,1576224922121,
 0.01971831,1576224923122,
 0.010140845,1576224924125,
 0.01859155,1576224925123,
 0.023098592,1576224926122,
 0.014084507,1576224927123,
 0.0016901408,1576224928124,
 0.014084507,1576224929123,
 0.010140845,1576224930130,
 0.011830986,1576224931125,
 0.0045070425,1576224932124,
 0.016338028,1576224933122,
 0.015774649,1576224934126,
 0.010140845,1576224935125,
 0.009577465,1576224936127,
 0.011830986,1576224937125,
 0.014084507,1576224938122,
 0.012394366,1576224939123,
 0.015774649,1576224940124,
 0.0028169013,1576224941123,
 0.014084507,1576224942128,
 0.010704225,1576224943122,
 0.01690141,1576224944120,
 0.016338028,1576224945125,
 0.02253521,1576224946123,
 0.025352113,1576224947125,
 0.026478874,1576224948128,
 0.010140845,1576224949129,
 0.0135211265,1576224950130,
 0.0022535212,1576224951124,
 0.008450705,1576224952127,
 0.0056338026,1576224953125,
 0.0045070425,1576224954132,
 0.0073239435,1576224955123,
 0.0011267606,1576224956126,
 0.02084507,1576224957128,
 0.0056338026,1576224958124,
 0.0056338026,1576224959124,
 0.017464789,1576224960130,
 0.01690141,1576224961125,
 0.009014085,1576224962119,
 0.01802817,1576224963123,
 0.012394366,1576224964124,
 0.0135211265,1576224965123,
 0.014084507,1576224966126,
 0.008450705,1576224967121,
 0.01690141,1576224968120,
 0.011830986,1576224969121,
 0.014647887,1576224970122,
 0.012394366,1576224971121,
 0.010704225,1576224972124,
 0.02253521,1576224973115,
 0.028169014,1576224974121,
 0.011267605,1576224975124,
 0.011267605,1576224976121,
 0.008450705,1576224977121,
 0.01690141,1576224978131,
 0.014647887,1576224979123,
 0.017464789,1576224980124,
 0.02084507,1576224981126,
 0.011267605,1576224982127,
 0.011830986,1576224983123,
 0.0028169013,1576224984122,
 0.006197183,1576224985127,
 0.017464789,1576224986126,
 0.02028169,1576224987125,
 0.012394366,1576224988126,
 0.006197183,1576224989127,
 0.008450705,1576224990130,
 0.0073239435,1576224991123,
 0.02028169,1576224992124,
 0.01859155,1576224993123,
 0.01859155,1576224994126,
 0.01971831,1576224995128,
 0.01802817,1576224996131,
 0.031549297,1576224997128,
 0.0050704223,1576224998127,
 0.0135211265,1576224999127,
 0.003943662,1576225000127,
 0.009014085,1576225001125,
 0.0135211265,1576225002123,
 0.009577465,1576225003123,
 0.0028169013,1576225004121,
 0.015211267,1576225005127,
 0.016338028,1576225006125,
 0.009577465,1576225007122,
 0.010704225,1576225008128,
 0.01971831,1576225009130,
 0.017464789,1576225010122,
 0.021971831,1576225011120,
 0.02084507,1576225012126,
 0.0045070425,1576225013117,
 0.008450705,1576225014126,
 0.008450705,1576225015121,
 0.014647887,1576225016122,
 0.01690141,1576225017122,
 0.011267605,1576225018120,
 0.0033802816,1576225019117,
 0.02028169,1576225020122,
 0.0050704223,1576225021117,
 0.012394366,1576225022122,
 0.0005633803,1576225023122,
 0.009014085,1576225024120,
 0.007887324,1576225025121,
 0.0073239435,1576225026128,
 0.015211267,1576225027125,
 0.012394366,1576225028122,
 0.026478874,1576225029122,
 0.007887324,1576225030123,
 0.014084507,1576225031116,
 0.01802817,1576225032127,
 0.0056338026,1576225033121,
 0.0033802816,1576225034120,
 0.0028169013,1576225035123,
 0.0028169013,1576225036125,
 0.0067605632,1576225037122,
 0.01690141,1576225038127,
 0.0028169013,1576225039123,
 0.01802817,1576225040123,
 0.012957746,1576225041122,
 0.015211267,1576225042120,
 0.010140845,1576225043120,
 0.014647887,1576225044125,
 0.016338028,1576225045118,
 0.014647887,1576225046123,
 0.01915493,1576225047119,
 0.0056338026,1576225048117,
 0.01971831,1576225049118,
 0.01859155,1576225050121,
 0.017464789,1576225051119,
 0.014647887,1576225052118,
 0.008450705,1576225053116,
 0.010140845,1576225054121,
 0.0033802816,1576225055120,
 0.014647887,1576225056126,
 0.003943662,1576225057122,
 0.024225352,1576225058120,
 0.0073239435,1576225059122,
 0.007887324,1576225060121,
 0.003943662,1576225061121,
 0.012394366,1576225062126,
 0.01915493,1576225063121,
 0.01859155,1576225064116,
 0.0022535212,1576225065120,
 0.0033802816,1576225066120,
 0.017464789,1576225067121,
 0.0056338026,1576225068125,
 0.0067605632,1576225069121,
 0.003943662,1576225070124,
 0.0028169013,1576225071117,
 0.01859155,1576225072124,
 0.007887324,1576225073121,
 0.0135211265,1576225074123,
 0.003943662,1576225075118,
 0.0045070425,1576225076121,
 0.009014085,1576225077121,
 0.0073239435,1576225078121,
 0.017464789,1576225079121,
 0.0073239435,1576225080130,
 0.009014085,1576225081120,
 0.0050704223,1576225082116,
 0.01802817,1576225083120,
 0.007887324,1576225084121,
 0.031549297,1576225085121,
 0.016338028,1576225086126,
 0.017464789,1576225087121,
 0.012957746,1576225088121,
 0.025915492,1576225089119,
 0.009014085,1576225090123,
 0.012394366,1576225091123,
 0.014084507,1576225092127,
 0.01690141,1576225093120,
 0.0033802816,1576225094122,
 0.014084507,1576225095123,
 0.01690141,1576225096121,
 0.006197183,1576225097124,
 0.024225352,1576225098126,
 0.037746478,1576225099121,
 0.007887324,1576225100117,
 0.0045070425,1576225101119,
 0.029859155,1576225102125,
 0.010140845,1576225103120,
 0.0067605632,1576225104122,
 0.011267605,1576225105119,
 0.014084507,1576225106121,
 0.027605634,1576225107120,
 0.028169014,1576225108119,
 0.016338028,1576225109121,
 0.012394366,1576225110127,
 0.008450705,1576225111116,
 0.017464789,1576225112123,
 0.009577465,1576225113120,
 0.011267605,1576225114120,
 0.009577465,1576225115120,
 0.010704225,1576225116124,
 0.0135211265,1576225117120,
 0.0028169013,1576225118119,
 0.015211267,1576225119119,
 0.0056338026,1576225120117,
 0.015774649,1576225121117,
 0.0067605632,1576225122118,
 0.003943662,1576225123120,
 0.02028169,1576225124118,
 0.037746478,1576225125122,
 0.034366198,1576225126120,
 0.0135211265,1576225127116,
 0.0011267606,1576225128123,
 0.011830986,1576225129120,
 0.01915493,1576225130118,
 0.012957746,1576225131115,
 0.010704225,1576225132121,
 0.011830986,1576225133115,
 0.01690141,1576225134122,
 0.01690141,1576225135117,
 0.011830986,1576225136118,
 0.010140845,1576225137116,
 0.0022535212,1576225138118,
 0.028732395,1576225139115,
 0.009577465,1576225140116,
 0.010704225,1576225141116,
 0.011830986,1576225142117,
 0.010704225,1576225143118,
 0.006197183,1576225144116,
 0.011267605,1576225145115,
 0.0135211265,1576225146123,
 0.015211267,1576225147115,
 0.011267605,1576225148115,
 0.011267605,1576225149118,
 0.014084507,1576225150116,
 0.006197183,1576225151110,
 0.0073239435,1576225152117,
 0.003943662,1576225153113,
 0.010704225,1576225154115,
 0.025352113,1576225155117,
 0.02253521,1576225156117,
 0.0067605632,1576225157115,
 0.009577465,1576225158122,
 0.01859155,1576225159117,
 0.007887324,1576225160118,
 0.011267605,1576225161117,
 0.01859155,1576225162118,
 0.010140845,1576225163118,
 0.008450705,1576225164121,
 0.010140845,1576225165120,
 0.0050704223,1576225166124,
 0.016338028,1576225167116,
 0.007887324,1576225168119,
 0.007887324,1576225169114,
 0.006197183,1576225170122,
 0.011267605,1576225171117,
 0.028169014,1576225172119,
 0.011830986,1576225173115,
 0.0005633803,1576225174130,
 0.0073239435,1576225175118,
 0.012957746,1576225176125,
 0.010140845,1576225177116,
 0.01690141,1576225178120,
 0.009014085,1576225179121,
 0.0056338026,1576225180118,
 0.0073239435,1576225181121,
 0.011267605,1576225182123,
 0.006197183,1576225183121,
 0.006197183,1576225184124,
 0.0011267606,1576225185122,
 0.010704225,1576225186130,
 0.008450705,1576225187123,
 0.003943662,1576225188125,
 0.026478874,1576225189122,
 0.010140845,1576225190121,
 0.014084507,1576225191114,
 0.0045070425,1576225192121,
 0.012394366,1576225193120,
 0.017464789,1576225194124,
 0.01802817,1576225195123,
 0.012957746,1576225196121,
 0.01690141,1576225197117,
 0.0067605632,1576225198116,
 0.01859155,1576225199116,
 0.009014085,1576225200126,
 0.007887324,1576225201119,
 0.010704225,1576225202114,
 0.027605634,1576225203112,
 0.006197183,1576225204120,
 0.01690141,1576225205118,
 0.01690141,1576225206120,
 0.02253521,1576225207120,
 0.010140845,1576225208124,
 0.02140845,1576225209121,
 0.010140845,1576225210125,
 0.015211267,1576225211123,
 0.0016901408,1576225212126,
 0.0033802816,1576225213121,
 0.0005633803,1576225214122,
 0.024788732,1576225215124,
 0.010704225,1576225216122,
 0.026478874,1576225217125,
 0.024788732,1576225218127,
 0.008450705,1576225219123,
 0.012957746,1576225220118,
 0.014084507,1576225221122,
 0.007887324,1576225222121,
 0.01690141,1576225223120,
 0.014084507,1576225224122,
 0.008450705,1576225225119,
 0.0056338026,1576225226120,
 0.007887324,1576225227115,
 0.0050704223,1576225228122,
 0.0073239435,1576225229116,
 0.014647887,1576225230125,
 0.0045070425,1576225231115,
 0.011267605,1576225232118,
 0.006197183,1576225233118,
 0.012957746,1576225234117,
 0.0067605632,1576225235117,
 0.02084507,1576225236123,
 0.015774649,1576225237117,
 0.015211267,1576225238112,
 0.01802817,1576225239121,
 0.01971831,1576225240120,
 0.015774649,1576225241118,
 0.0028169013,1576225242121,
 0.011830986,1576225243120,
 0.0067605632,1576225244117,
 0.0135211265,1576225245119,
 0.01690141,1576225246122,
 0.01690141,1576225247116,
 0.009014085,1576225248124,
 0.0067605632,1576225249110,
 0.009014085,1576225250114,
 0.009577465,1576225251115,
 0.02140845,1576225252115,
 0.024788732,1576225253115,
 0.011267605,1576225254118,
 0.010704225,1576225255119,
 0.0056338026,1576225256121,
 0.01859155,1576225257118,
 0.012394366,1576225258119,
 0.0022535212,1576225259119,
 0.015211267,1576225260120,
 0.010704225,1576225261119,
 0.009014085,1576225262118,
 0.006197183,1576225263119,
 0.02084507,1576225264118,
 0.009014085,1576225265117,
 0.0067605632,1576225266123,
 0.01802817,1576225267113,
 0.0073239435,1576225268118,
 0.0022535212,1576225269122,
 0.012394366,1576225270117,
 0.014084507,1576225271112,
 0.009577465,1576225272119,
 0.008450705,1576225273116,
 0.010704225,1576225274117,
 0.014084507,1576225275117,
 0.012394366,1576225276116,
 0.0135211265,1576225277117,
 0.0073239435,1576225278118,
 0.010140845,1576225279117,
 0.0067605632,1576225280115,
 0.008450705,1576225281118,
 0.0056338026,1576225282118,
 0.0067605632,1576225283118,
 0.024225352,1576225284116,
 0.0135211265,1576225285115,
 0.003943662,1576225286117,
 0.012394366,1576225287110,
 0.01690141,1576225288115,
 0.015211267,1576225289110,
 0.01690141,1576225290120,
 0.015774649,1576225291114,
 0.0067605632,1576225292113,
 0.014647887,1576225293114,
 0.010140845,1576225294114,
 0.01802817,1576225295112,
 0.01690141,1576225296115,
 0.010704225,1576225297114,
 0.0067605632,1576225298113,
 0.010140845,1576225299109,
 0.0028169013,1576225300110,
 0.007887324,1576225301114,
 0.011830986,1576225302113,
 0.010140845,1576225303114,
 0.012394366,1576225304112,
 0.011267605,1576225305112,
 0.009577465,1576225306110,
 0.017464789,1576225307111,
 0.0028169013,1576225308114,
 0.0056338026,1576225309114,
 0.029295774,1576225310115,
 0.02140845,1576225311112,
 0.0135211265,1576225312118,
 0.017464789,1576225313118,
 0.0073239435,1576225314120,
 0.01971831,1576225315119,
 0.006197183,1576225316118,
 0.014647887,1576225317120,
 0.010704225,1576225318115,
 0.011267605,1576225319118,
 0.01915493,1576225320127,
 0.0067605632,1576225321119,
 0.007887324,1576225322119,
 0.011267605,1576225323117,
 0.010140845,1576225324117,
 0.011267605,1576225325118,
 0.010704225,1576225326123,
 0.01915493,1576225327118,
 0.011267605,1576225328120,
 0.02028169,1576225329116,
 0.010704225,1576225330118,
 0.0073239435,1576225331118,
 0.0050704223,1576225332120,
 0.011267605,1576225333116,
 0.0005633803,1576225334118,
 0.01971831,1576225335119,
 0.012957746,1576225336111,
 0.011830986,1576225337115,
 0.009014085,1576225338122,
 0.010704225,1576225339115,
 0.011267605,1576225340112,
 0.02084507,1576225341115,
 0.02253521,1576225342116,
 0.014084507,1576225343114,
 0.01802817,1576225344116,
 0.02084507,1576225345114,
 0.0045070425,1576225346122,
 0.011267605,1576225347113,
 0.003943662,1576225348112,
 0.017464789,1576225349114,
 0.011830986,1576225350117,
 0.0067605632,1576225351112,
 0.012394366,1576225352114,
 0.0067605632,1576225353114,
 0.010140845,1576225354111,
 0.014084507,1576225355113,
 0.011830986,1576225356117,
 0.0050704223,1576225357115,
 0.009577465,1576225358110,
 0.006197183,1576225359115,
 0.0056338026,1576225360115,
 0.0067605632,1576225361111,
 0.0067605632,1576225362115,
 0.0022535212,1576225363115,
 0.010704225,1576225364114,
 0.003943662,1576225365112,
 0.0016901408,1576225366113,
 0.027605634,1576225367110,
 0.01802817,1576225368116,
 0.014084507,1576225369108,
 0.010140845,1576225370112,
 0.01802817,1576225371110,
 0.01859155,1576225372110,
 0.011267605,1576225373110,
 0.015211267,1576225374114,
 0.006197183,1576225375107,
 0.0067605632,1576225376104,
 0.0135211265,1576225377110,
 0.017464789,1576225378110,
 0.008450705,1576225379111,
 0.0135211265,1576225380115,
 0.0045070425,1576225381107,
 0.0045070425,1576225382105,
 0.02028169,1576225383107,
 0.017464789,1576225384109,
 0.003943662,1576225385106,
 0.006197183,1576225386107,
 0.015774649,1576225387100,
 0.0073239435,1576225388102,
 0.003943662,1576225389105,
 0.01859155,1576225390103,
 0.014084507,1576225391100,
 0.015211267,1576225392107,
 0.012957746,1576225393104,
 0.027605634,1576225394103,
 0.024225352,1576225395109,
 0.011830986,1576225396103,
 0.011267605,1576225397100,
 0.016338028,1576225398106,
 0.025352113,1576225399108,
 0.009014085,1576225400103,
 0.006197183,1576225401101,
 0.003943662,1576225402104,
 0.012394366,1576225403101,
 0.02084507,1576225404104,
 0.017464789,1576225405101,
 0.006197183,1576225406103,
 0.015774649,1576225407099,
 0.021971831,1576225408097,
 0.015774649,1576225409098,
 0.003943662,1576225410105,
 0.02028169,1576225411103,
 0.011267605,1576225412104,
 0.012394366,1576225413095,
 0.014084507,1576225414101,
 0.0045070425,1576225415096,
 0.015211267,1576225416098,
 0.01971831,1576225417099,
 0.014084507,1576225418098,
 0.014084507,1576225419096,
 0.011830986,1576225420099,
 0.0073239435,1576225421094,
 0.009014085,1576225422102,
 0.007887324,1576225423104,
 0.011830986,1576225424103,
 0.012957746,1576225425101,
 0.0016901408,1576225426103,
 0.008450705,1576225427097,
 0.023661971,1576225428104,
 0.0135211265,1576225429102,
 0.010140845,1576225430098,
 0.010704225,1576225431097,
 0.01915493,1576225432102,
 0.01915493,1576225433104,
 0.006197183,1576225434106,
 0.011830986,1576225435101,
 0.011267605,1576225436099,
 0.0022535212,1576225437094,
 0.01971831,1576225438100,
 0.012394366,1576225439103,
 0.0045070425,1576225440107,
 0.003943662,1576225441101,
 0.02084507,1576225442097,
 0.0135211265,1576225443098,
 0.02084507,1576225444100,
 0.01802817,1576225445095,
 0.0135211265,1576225446099,
 0.023661971,1576225447101,
 0.010704225,1576225448099,
 0.0135211265,1576225449103,
 0.028169014,1576225450103,
 0.0050704223,1576225451098,
 0.006197183,1576225452102,
 0.0067605632,1576225453100,
 0.010140845,1576225454100,
 0.010704225,1576225455101,
 0.0135211265,1576225456096,
 0.012957746,1576225457102,
 0.010704225,1576225458105,
 0.010140845,1576225459098,
 0.012957746,1576225460102,
 0.007887324,1576225461102,
 0.0056338026,1576225462104,
 0.010704225,1576225463102,
 0.02084507,1576225464104,
 0.014084507,1576225465102,
 0.0016901408,1576225466102,
 0.023098592,1576225467092,
 0.0073239435,1576225468096,
 0.012394366,1576225469100,
 0.01802817,1576225470102,
 0.01915493,1576225471095,
 0.02140845,1576225472096,
 0.017464789,1576225473095,
 0.010704225,1576225474096,
 0.015211267,1576225475102,
 0.01915493,1576225476102,
 0.0067605632,1576225477099,
 0.0135211265,1576225478096,
 0.0011267606,1576225479100,
 0.0056338026,1576225480101,
 0.027042253,1576225481104,
 0.04,1576225482108,
 0.051267605,1576225483102,
 0.011830986,1576225484104,
 0.012394366,1576225485103,
 0.029859155,1576225486103,
 0.0067605632,1576225487102,
 0.010704225,1576225488100,
 0.024225352,1576225489100,
 0.009014085,1576225490101,
 0.015211267,1576225491100,
 0.01971831,1576225492099,
 0.023098592,1576225493100,
 0.008450705,1576225494108,
 0.0028169013,1576225495101,
 0.007887324,1576225496098,
 0.014084507,1576225497101,
 0.025352113,1576225498101,
 0.016338028,1576225499097,
 0.010704225,1576225500106,
 0.01971831,1576225501101,
 0.009577465,1576225502102,
 0.0073239435,1576225503101,
 0.01802817,1576225504105,
 0.0056338026,1576225505102,
 0.0050704223,1576225506106,
 0.012957746,1576225507101,
 0.0033802816,1576225508103,
 0.014647887,1576225509106,
 0.008450705,1576225510103,
 0.016338028,1576225511103,
 0.0067605632,1576225512105,
 0.021971831,1576225513101,
 0.012394366,1576225514096,
 0.0073239435,1576225515103,
 0.0056338026,1576225516105,
 0.011830986,1576225517105,
 0.007887324,1576225518111,
 0.010140845,1576225519105,
 0.0045070425,1576225520105,
 0.0028169013,1576225521107,
 0.008450705,1576225522110,
 0.008450705,1576225523106,
 0.009014085,1576225524112,
 0.017464789,1576225525102,
 0.0016901408,1576225526109,
 0.008450705,1576225527107,
 0.0028169013,1576225528108,
 0.0050704223,1576225529107,
 0.0073239435,1576225530111,
 0.015211267,1576225531108,
 0.0050704223,1576225532105,
 0.016338028,1576225533105,
 0.009577465,1576225534105,
 0.012394366,1576225535108,
 0.0135211265,1576225536105,
 0.0135211265,1576225537108,
 0.0067605632,1576225538101,
 0.0050704223,1576225539105,
 0.010140845,1576225540101,
 0.0073239435,1576225541102,
 0.006197183,1576225542106,
 0.007887324,1576225543102,
 0.006197183,1576225544104,
 0.017464789,1576225545103,
 0.010704225,1576225546103,
 0.006197183,1576225547101,
 0.011267605,1576225548107,
 0.008450705,1576225549104,
 0.0016901408,1576225550102,
 0.009577465,1576225551100,
 0.011267605,1576225552101,
 0.02028169,1576225553100,
 0.012957746,1576225554097,
 0.015774649,1576225555106,
 0.010704225,1576225556100,
 0.0011267606,1576225557101,
 0.008450705,1576225558101,
 0.008450705,1576225559102,
 0.012957746,1576225560107,
 0.003943662,1576225561101,
 0.0056338026,1576225562101,
 0.011830986,1576225563099,
 0.0073239435,1576225564103,
 0.0022535212,1576225565095,
 0.012394366,1576225566100,
 0.016338028,1576225567098,
 0.015211267,1576225568100,
 0.016338028,1576225569102,
 0.003943662,1576225570100,
 0.010704225,1576225571100,
 0.0056338026,1576225572107,
 0.0050704223,1576225573104,
 0.01859155,1576225574103,
 0.0067605632,1576225575106,
 0.009577465,1576225576102,
 0.0056338026,1576225577107,
 0.003943662,1576225578108,
 0.011267605,1576225579105,
 0.014647887,1576225580101,
 0.014647887,1576225581104,
 0.01690141,1576225582105,
 0.012394366,1576225583099,
 0.0045070425,1576225584107,
 0.011267605,1576225585102,
 0.014647887,1576225586104,
 0.009577465,1576225587100,
 0.012394366,1576225588103,
 0.0056338026,1576225589100,
 0.011830986,1576225590108,
 0.006197183,1576225591101,
 0.0011267606,1576225592105,
 0.006197183,1576225593105,
 0.012957746,1576225594102,
 0.011830986,1576225595102,
 0.008450705,1576225596110,
 0.008450705,1576225597102,
 0.009577465,1576225598104,
 0.01915493,1576225599103,
 0.012957746,1576225600103,
 0.011830986,1576225601100,
 0.011830986,1576225602104,
 0.007887324,1576225603111,
 0.011267605,1576225604101,
 0.010140845,1576225605097,
 0.01859155,1576225606100,
 0.011267605,1576225607102,
 0.003943662,1576225608105,
 0.010704225,1576225609103,
 0.0050704223,1576225610101,
 0.02084507,1576225611100,
 0.010704225,1576225612097,
 0.011830986,1576225613099,
 0.02140845,1576225614104,
 0.006197183,1576225615101,
 0.023098592,1576225616098,
 0.032676056,1576225617100,
 0.009577465,1576225618100,
 0.0067605632,1576225619101,
 0.006197183,1576225620106,
 0.017464789,1576225621100,
 0.025915492,1576225622103,
 0.006197183,1576225623098,
 0.0016901408,1576225624105,
 0.0067605632,1576225625106,
 0.02140845,1576225626107,
 0.01802817,1576225627103,
 0.01915493,1576225628107,
 0.0016901408,1576225629109,
 0.003943662,1576225630105,
 0.006197183,1576225631106,
 0.006197183,1576225632108,
 0.008450705,1576225633107,
 0.0045070425,1576225634100,
 0.012957746,1576225635109,
 0.0050704223,1576225636104,
 0.007887324,1576225637103,
 0.0067605632,1576225638107,
 0.008450705,1576225639110,
 0.0033802816,1576225640105,
 0.006197183,1576225641101,
 0.012394366,1576225642107,
 0.0056338026,1576225643104,
 0.01690141,1576225644107,
 0.012394366,1576225645099,
 0.014084507,1576225646105,
 0.008450705,1576225647103,
 0.009577465,1576225648104,
 0.021971831,1576225649105,
 0.010704225,1576225650107,
 0.006197183,1576225651103,
 0.012957746,1576225652098,
 0.003943662,1576225653102,
 0.0067605632,1576225654105,
 0.012394366,1576225655102,
 0.010140845,1576225656109,
 0.011267605,1576225657098,
 0.014647887,1576225658097,
 0.009577465,1576225659098,
 0.0135211265,1576225660101,
 0.011267605,1576225661100,
 0.0033802816,1576225662105,
 0.006197183,1576225663096,
 0.011830986,1576225664102,
 0.0045070425,1576225665104,
 0.0135211265,1576225666102,
 0.0067605632,1576225667108,
 0.007887324,1576225668109,
 0.0050704223,1576225669108,
 0.0067605632,1576225670106,
 0.011267605,1576225671105,
 0.008450705,1576225672102,
 0.0073239435,1576225673105,
 0.0073239435,1576225674103,
 0.006197183,1576225675105,
 0.009014085,1576225676103,
 0.010704225,1576225677103,
