 0.055774648,1576229139999,
 0.014084507,1576229141306,
 0.0428169,1576229142296,
 0.032676056,1576229143262,
 0.029859155,1576229144264,
 0.023661971,1576229145298,
 0.04112676,1576229146261,
 0.011267605,1576229147295,
 0.015774649,1576229148275,
 0.009577465,1576229149257,
 0.003943662,1576229150285,
 0.029295774,1576229151285,
 0.19042253,1576229152215,
 1.020845,1576229153216,
 1.9797183,1576229154226,
 2.7436619,1576229155223,
 3.9757748,1576229156220,
 4.6157746,1576229157223,
 4.99493,1576229158223,
 5.4067607,1576229159226,
 5.8974648,1576229160227,
 5.92169,1576229161231,
 6.1847887,1576229162232,
 6.638873,1576229163233,
 6.494648,1576229164223,
 5.857465,1576229165228,
 5.6850705,1576229166233,
 5.311549,1576229167230,
 4.5566196,1576229168230,
 3.6197183,1576229169230,
 3.3611267,1576229170230,
 3.4304225,1576229171218,
 3.5583098,1576229172229,
 4.421972,1576229173229,
 4.6985917,1576229174228,
 4.6309857,1576229175222,
 4.632676,1576229176225,
 4.5222535,1576229177228,
 3.912676,1576229178230,
 3.752676,1576229179234,
 2.6749296,1576229180229,
 2.3487325,1576229181230,
 1.4850705,1576229182225,
 1.3487324,1576229183230,
 1.3098592,1576229184229,
 1.1746479,1576229185235,
 1.7678874,1576229186248,
 2.690141,1576229187233,
 3.9859154,1576229188227,
 5.0315495,1576229189227,
 5.9678874,1576229190237,
 6.7442255,1576229191295,
 7.6602817,1576229192234,
 8.070422,1576229193225,
 8.220845,1576229194225,
 8.374084,1576229195231,
 8.886197,1576229196232,
 9.517183,1576229197233,
 9.775211,1576229198232,
 9.472676,1576229199239,
 9.549295,1576229200225,
 9.48,1576229201230,
 9.540281,1576229202231,
 9.129014,1576229203230,
 8.909296,1576229204226,
 9.034367,1576229205231,
 8.704226,1576229206229,
 8.045634,1576229207228,
 7.2957745,1576229208234,
 6.666479,1576229209232,
 6.212394,1576229210229,
 6.361127,1576229211223,
 6.5774646,1576229212225,
 6.558873,1576229213227,
 5.782535,1576229214235,
 5.232676,1576229215228,
 4.4281693,1576229216226,
 3.4625351,1576229217225,
 2.685634,1576229218222,
 1.8230985,1576229219223,
 1.5977465,1576229220228,
 2.011831,1576229221223,
 2.418028,1576229222215,
 2.1301408,1576229223221,
 1.8292958,1576229224227,
 1.611831,1576229225224,
 1.4360564,1576229226226,
 1.7650704,1576229227219,
 2.1222534,1576229228230,
 1.52,1576229229219,
 0.86985916,1576229230223,
 1.1250705,1576229231219,
 2.210141,1576229232231,
 3.007324,1576229233217,
 3.851831,1576229234219,
 3.908169,1576229235219,
 4.1464787,1576229236218,
 4.5380282,1576229237222,
 3.3160563,1576229238228,
 3.9419718,1576229239226,
 4.6495776,1576229240217,
 5.2704225,1576229241224,
 5.654648,1576229242229,
 5.9723945,1576229243229,
 6.296901,1576229244225,
 6.6394367,1576229245224,
 6.7594366,1576229246226,
 6.688451,1576229247226,
 6.5070424,1576229248227,
 6.570141,1576229249229,
 6.409014,1576229250234,
 6.1757746,1576229251221,
 5.79662,1576229252228,
 5.2884507,1576229253225,
 4.732958,1576229254223,
 3.6033802,1576229255223,
 2.5059154,1576229256221,
 1.9605634,1576229257214,
 1.5814085,1576229258214,
 1.300845,1576229259213,
 0.8907042,1576229260217,
 0.73239434,1576229261222,
 0.62478876,1576229262216,
 0.81014085,1576229263222,
 1.1261972,1576229264228,
 1.6484507,1576229265227,
 1.9312676,1576229266230,
 2.8467605,1576229267220,
 3.4461973,1576229268224,
 4.213521,1576229269218,
 4.4721127,1576229270217,
 4.9374647,1576229271211,
 6.420282,1576229272219,
 7.5059156,1576229273219,
 8.08845,1576229274227,
 8.857465,1576229275226,
 9.476056,1576229276225,
 10.064789,1576229277223,
 10.623098,1576229278221,
 11.334648,1576229279223,
 11.755493,1576229280224,
 12.067606,1576229281227,
 12.636056,1576229282224,
 12.762254,1576229283222,
 12.783662,1576229284222,
 12.484507,1576229285224,
 12.2388735,1576229286228,
 11.793803,1576229287224,
 11.587605,1576229288225,
 11.282253,1576229289221,
 11.145915,1576229290222,
 10.781408,1576229291216,
 10.5983095,1576229292221,
 10.793803,1576229293220,
 10.675493,1576229294218,
 10.877747,1576229295226,
 11.107606,1576229296223,
 11.242817,1576229297226,
 11.505916,1576229298224,
 11.769014,1576229299225,
 12.032676,1576229300225,
 11.64169,1576229301224,
 10.777465,1576229302219,
 9.692958,1576229303229,
 8.735211,1576229304227,
 8.232113,1576229305226,
 7.9876056,1576229306226,
 7.871549,1576229307225,
 8.116056,1576229308220,
 8.387606,1576229309220,
 8.428732,1576229310229,
 8.214648,1576229311227,
 7.6856337,1576229312226,
 7.2304225,1576229313225,
 6.911549,1576229314226,
 5.7622533,1576229315223,
 4.7442255,1576229316224,
 4.109296,1576229317225,
 3.5369015,1576229318224,
 3.2929578,1576229319226,
 3.1577466,1576229320220,
 4.2833805,1576229321225,
 4.494648,1576229322234,
 4.530141,1576229323229,
 4.16338,1576229324225,
 3.630986,1576229325225,
 3.346479,1576229326224,
 4.350986,1576229327224,
 4.8495774,1576229328225,
 5.342535,1576229329229,
 5.8704224,1576229330225,
 6.59831,1576229331218,
 7.1966195,1576229332220,
 7.179155,1576229333222,
 7.812394,1576229334227,
 7.6647887,1576229335224,
 7.2495775,1576229336225,
 6.669859,1576229337232,
 5.935775,1576229338223,
 5.405634,1576229339225,
 5.1954927,1576229340227,
 3.985352,1576229341223,
 3.0980282,1576229342217,
 3.0129578,1576229343224,
 3.289014,1576229344224,
 4.2743664,1576229345224,
 4.931831,1576229346220,
 4.7295775,1576229347221,
 4.781972,1576229348221,
 5.351549,1576229349216,
 5.903662,1576229350223,
 6.4574647,1576229351222,
 6.80169,1576229352224,
 6.643944,1576229353222,
 6.2512674,1576229354222,
 5.965634,1576229355216,
 5.574648,1576229356222,
 5.272113,1576229357217,
 4.8467607,1576229358221,
 3.9611268,1576229359215,
 0.54309857,1576229360209,
 0.2687324,1576229361214,
 0.25802818,1576229362214,
 0.14478873,1576229363212,
 0.025915492,1576229364214,
 0.02084507,1576229365216,
 0.0771831,1576229366215,
 0.09014084,1576229367211,
 0.53577465,1576229368223,
 0.87042254,1576229369218,
 0.80619717,1576229370223,
 1.0152112,1576229371215,
 0.63380283,1576229372217,
 0.8225352,1576229373211,
 0.9425352,1576229374214,
 1.3340845,1576229375216,
 1.4495775,1576229376213,
 1.3797183,1576229377214,
 1.2535211,1576229378209,
 1.1971831,1576229379215,
 1.2839437,1576229380216,
 1.0078874,1576229381221,
 1.1971831,1576229382215,
 1.4163381,1576229383220,
 1.4259155,1576229384222,
 1.4349296,1576229385216,
 1.5154929,1576229386217,
 1.9430985,1576229387216,
 1.6929578,1576229388218,
 1.2715493,1576229389215,
 1.3487324,1576229390218,
 1.4721127,1576229391220,
 1.444507,1576229392222,
 1.5211267,1576229393221,
 1.4411267,1576229394224,
 1.1149296,1576229395218,
 1.1797183,1576229396218,
 1.3504225,1576229397221,
 1.4552113,1576229398220,
 1.4901408,1576229399220,
 1.1295775,1576229400221,
 0.43549296,1576229401223,
 0.18422535,1576229402220,
 0.010704225,1576229403215,
 0.014647887,1576229404212,
 0.0371831,1576229405212,
 0.027042253,1576229406217,
 0.015774649,1576229407212,
 0.0033802816,1576229408215,
 0.01971831,1576229409214,
 0.009014085,1576229410214,
 0.0073239435,1576229411210,
 0.010704225,1576229412215,
 0.009014085,1576229413215,
 0.2856338,1576229414217,
 0.5290141,1576229415218,
 0.032112677,1576229416211,
 0.0028169013,1576229417214,
 0.008450705,1576229418212,
 0.043943662,1576229419211,
 0.028732395,1576229420212,
 0.010704225,1576229421211,
 0.011830986,1576229422212,
 0.02084507,1576229423214,
 0.02140845,1576229424219,
 0.07887324,1576229425215,
 0.43661973,1576229426221,
 1.4394367,1576229427220,
 1.5577465,1576229428217,
 1.5836619,1576229429212,
 1.5042254,1576229430226,
 1.4721127,1576229431219,
 1.4687324,1576229432220,
 1.4377465,1576229433219,
 0.69802815,1576229434219,
 0.5301408,1576229435221,
 0.3684507,1576229436216,
 0.37014085,1576229437217,
 0.0135211265,1576229438210,
 0.0056338026,1576229439214,
 0.07774648,1576229440207,
 0.037746478,1576229441211,
 0.087887324,1576229442211,
 0.28507042,1576229443214,
 0.0028169013,1576229444208,
 0.0073239435,1576229445210,
 0.0067605632,1576229446210,
 0.011830986,1576229447206,
 0.22309859,1576229448223,
 0.13690141,1576229449214,
 0.1656338,1576229450209,
 0.048450705,1576229451208,
 0.033239435,1576229452210,
 0.037746478,1576229453209,
 0.011830986,1576229454214,
 0.010704225,1576229455214,
 0.011830986,1576229456211,
 0.055774648,1576229457211,
 0.01690141,1576229458204,
 0.04056338,1576229459209,
 0.12338028,1576229460218,
 0.031549297,1576229461211,
 0.0073239435,1576229462210,
 0.010140845,1576229463208,
 0.025915492,1576229464211,
 0.032676056,1576229465211,
 0.015211267,1576229466214,
 0.015774649,1576229467212,
 0.0135211265,1576229468210,
 0.030422535,1576229469207,
 0.012394366,1576229470209,
 0.028732395,1576229471209,
 0.04507042,1576229472213,
 0.024788732,1576229473210,
 0.0056338026,1576229474209,
 0.0045070425,1576229475209,
 0.010140845,1576229476208,
 0.02028169,1576229477212,
 0.015774649,1576229478215,
 0.006197183,1576229479209,
 0.0067605632,1576229480205,
 0.026478874,1576229481210,
 0.017464789,1576229482210,
 0.0050704223,1576229483208,
 0.008450705,1576229484211,
 0.01915493,1576229485207,
 0.0022535212,1576229486212,
 0.015211267,1576229487203,
 0.0033802816,1576229488211,
 0.44450703,1576229489212,
 1.5115494,1576229490219,
 2.074366,1576229491213,
 2.4202816,1576229492214,
 2.336338,1576229493213,
 2.108169,1576229494215,
 2.6473238,1576229495215,
 3.28,1576229496211,
 3.4597182,1576229497216,
 2.7633803,1576229498206,
 3.5115492,1576229499215,
 2.6140845,1576229500210,
 2.2867606,1576229501211,
 2.574648,1576229502214,
 3.4625351,1576229503208,
 3.5459156,1576229504213,
 3.3222535,1576229505211,
 4.000563,1576229506214,
 3.9233804,1576229507210,
 4.1701407,1576229508216,
 4.6,1576229509207,
 4.6450706,1576229510207,
 3.8270423,1576229511204,
 3.3988733,1576229512200,
 2.5323944,1576229513207,
 1.8507042,1576229514205,
 1.3357747,1576229515198,
 0.81295776,1576229516197,
 0.69014084,1576229517203,
 0.5752113,1576229518201,
 0.29915494,1576229519201,
 0.3138028,1576229520211,
 0.16225351,1576229521204,
 0.14816901,1576229522198,
 0.03661972,1576229523196,
 0.024788732,1576229524202,
 0.011830986,1576229525196,
 0.012394366,1576229526202,
 0.012957746,1576229527190,
 0.12450704,1576229528196,
 0.21577464,1576229529202,
 0.10309859,1576229530194,
 0.008450705,1576229531201,
 0.0056338026,1576229532197,
 0.0135211265,1576229533198,
 0.01971831,1576229534194,
 0.0050704223,1576229535200,
 0.015774649,1576229536195,
 0.2140845,1576229537198,
 0.19211267,1576229538194,
 0.18028168,1576229539194,
 0.15943661,1576229540195,
 0.09014084,1576229541193,
 0.34140846,1576229542199,
 0.3194366,1576229543203,
 0.3830986,1576229544207,
 0.5830986,1576229545198,
 0.931831,1576229546205,
 1.2028168,1576229547201,
 1.1109859,1576229548204,
 1.1977465,1576229549205,
 1.2428169,1576229550212,
 0.8456338,1576229551205,
 0.31605634,1576229552199,
 0.28901407,1576229553199,
 0.44169015,1576229554195,
 0.27887323,1576229555196,
 0.15098591,1576229556196,
 0.20112675,1576229557196,
 0.03605634,1576229558195,
 0.021971831,1576229559196,
 0.09239437,1576229560196,
 0.01802817,1576229561196,
 0.006197183,1576229562199,
 0.015774649,1576229563200,
 0.02084507,1576229564196,
 0.0050704223,1576229565200,
 0.014647887,1576229566196,
 0.009577465,1576229567190,
 0.037746478,1576229568199,
 0.027042253,1576229569198,
 0.06422535,1576229570196,
 0.08225352,1576229571195,
 0.9712676,1576229572201,
 1.8478873,1576229573200,
 2.8197184,1576229574202,
 4.0185914,1576229575200,
 4.312676,1576229576201,
 4.3188734,1576229577201,
 4.449014,1576229578201,
 4.5577464,1576229579205,
 4.712676,1576229580214,
 5.0625353,1576229581210,
 4.911549,1576229582211,
 4.5374646,1576229583211,
 4.444507,1576229584206,
 4.1656337,1576229585201,
 3.5853522,1576229586210,
 2.7977464,1576229587210,
 2.505352,1576229588206,
 2.223662,1576229589204,
 2.6456337,1576229590211,
 2.967324,1576229591209,
 3.6715493,1576229592211,
 3.936338,1576229593210,
 3.9166198,1576229594208,
 4.227042,1576229595214,
 4.781972,1576229596206,
 5.3290143,1576229597213,
 5.8197184,1576229598218,
 6.3892956,1576229599213,
 6.980282,1576229600217,
 7.420282,1576229601216,
 7.894648,1576229602214,
 8.237746,1576229603212,
 8.402817,1576229604213,
 8.549859,1576229605216,
 8.770141,1576229606217,
 9.022535,1576229607209,
 9.265352,1576229608219,
 9.575774,1576229609217,
 9.362817,1576229610229,
 9.391549,1576229611219,
 9.39831,1576229612216,
 9.47493,1576229613219,
 9.493521,1576229614215,
 9.541972,1576229615216,
 9.646761,1576229616214,
 10.005633,1576229617215,
 10.424226,1576229618214,
 10.892394,1576229619215,
 10.832112,1576229620219,
 10.804507,1576229621216,
 10.80169,1576229622221,
 10.921126,1576229623219,
 11.449014,1576229624217,
 11.948169,1576229625213,
 11.338028,1576229626217,
 10.956619,1576229627217,
 11.058592,1576229628215,
 11.142535,1576229629215,
 11.229859,1576229630214,
 11.352676,1576229631213,
 11.4461975,1576229632214,
 11.6659155,1576229633215,
 12.2495775,1576229634224,
 12.894648,1576229635215,
 13.464226,1576229636208,
 13.260845,1576229637212,
 13.264789,1576229638215,
 13.35662,1576229639215,
 13.431549,1576229640223,
 13.539719,1576229641220,
 13.709296,1576229642214,
 13.702536,1576229643214,
 13.267606,1576229644215,
 13.359437,1576229645214,
 13.428169,1576229646217,
 13.009014,1576229647212,
 12.800564,1576229648215,
 12.496338,1576229649228,
 12.332395,1576229650216,
 12.428169,1576229651215,
 12.6597185,1576229652220,
 12.252957,1576229653222,
 11.539155,1576229654215,
 11.072113,1576229655218,
 10.430985,1576229656214,
 9.642254,1576229657216,
 9.119436,1576229658219,
 8.970704,1576229659217,
 8.881126,1576229660214,
 8.587605,1576229661216,
 7.493521,1576229662212,
 5.8794365,1576229663210,
 3.3870423,1576229664221,
 1.8292958,1576229665209,
 0.16450705,1576229666209,
 0.0050704223,1576229667211,
 0.007887324,1576229668208,
 0.009014085,1576229669205,
 0.0045070425,1576229670213,
 0.012394366,1576229671206,
 0.009014085,1576229672205,
 0.003943662,1576229673206,
 0.011267605,1576229674206,
 0.0050704223,1576229675208,
 0.0022535212,1576229676208,
 0.009577465,1576229677208,
 0.0067605632,1576229678207,
 0.0028169013,1576229679206,
 0.0067605632,1576229680208,
 0.0022535212,1576229681210,
 0.0028169013,1576229682212,
 0.0067605632,1576229683204,
 0.003943662,1576229684210,
 0.011830986,1576229685208,
 0.0073239435,1576229686209,
 0.0073239435,1576229687205,
 0.0050704223,1576229688216,
 0.0045070425,1576229689212,
 0.0028169013,1576229690209,
 0.007887324,1576229691218,
 0.011267605,1576229692210,
 0.006197183,1576229693210,
 0.007887324,1576229694210,
 0.009014085,1576229695208,
 0.009014085,1576229696206,
 0.39267606,1576229697224,
 1.4078873,1576229698209,
 2.0738027,1576229699211,
 2.9661973,1576229700221,
 4.1070423,1576229701212,
 5.034366,1576229702212,
 5.965634,1576229703213,
 6.9723945,1576229704217,
 7.877183,1576229705212,
 8.449577,1576229706222,
 8.901408,1576229707213,
 9.324507,1576229708212,
 9.780845,1576229709212,
 10.271549,1576229710212,
 10.687887,1576229711212,
 11.103662,1576229712214,
 11.555493,1576229713211,
 12.060282,1576229714214,
 11.890141,1576229715212,
 11.507606,1576229716207,
 11.321127,1576229717210,
 11.324507,1576229718215,
 11.39831,1576229719209,
 11.486197,1576229720208,
 11.572958,1576229721209,
 11.727324,1576229722213,
 11.878873,1576229723211,
 12.025915,1576229724221,
 11.953803,1576229725217,
 12.037183,1576229726216,
 12.1881695,1576229727212,
 12.364507,1576229728215,
 12.552676,1576229729216,
 12.701972,1576229730222,
 12.892958,1576229731214,
 13.098592,1576229732214,
 13.324507,1576229733214,
 13.552113,1576229734210,
 13.778591,1576229735214,
 13.939718,1576229736220,
 14.113239,1576229737216,
 14.043381,1576229738216,
 13.656901,1576229739217,
 13.6383095,1576229740218,
 13.667042,1576229741216,
 13.748733,1576229742221,
 13.807324,1576229743213,
 13.887324,1576229744211,
 13.927324,1576229745206,
 14.009578,1576229746214,
 14.123943,1576229747214,
 14.263099,1576229748224,
 14.375774,1576229749219,
 14.502535,1576229750211,
 14.648451,1576229751211,
 14.72507,1576229752209,
 14.414648,1576229753209,
 14.342535,1576229754217,
 13.999436,1576229755214,
 13.487324,1576229756208,
 13.083943,1576229757209,
 12.532958,1576229758210,
 11.884507,1576229759210,
 11.683944,1576229760225,
 11.665352,1576229761216,
 11.679437,1576229762215,
 11.715493,1576229763210,
 11.739155,1576229764214,
 11.805071,1576229765213,
 11.869859,1576229766219,
 11.894085,1576229767215,
 11.667605,1576229768213,
 11.185916,1576229769213,
 10.846197,1576229770213,
 10.527887,1576229771215,
 10.203381,1576229772220,
 10.108732,1576229773214,
 10.305352,1576229774207,
 10.614084,1576229775214,
 10.846761,1576229776212,
 10.708733,1576229777213,
 10.500281,1576229778221,
 10.296338,1576229779213,
 10.170704,1576229780212,
 10.397183,1576229781209,
 10.651831,1576229782216,
 10.909296,1576229783211,
 11.227606,1576229784219,
 11.501972,1576229785204,
 11.839437,1576229786210,
 12.053521,1576229787214,
 11.851831,1576229788213,
 11.821972,1576229789212,
 11.922817,1576229790224,
 12.089014,1576229791212,
 12.233803,1576229792204,
 12.0591545,1576229793209,
 11.622535,1576229794210,
 11.224225,1576229795210,
 10.376338,1576229796215,
 9.111549,1576229797211,
 8.509295,1576229798210,
 8.277184,1576229799209,
 8.060845,1576229800208,
 8.125634,1576229801210,
 8.219155,1576229802218,
 8.790422,1576229803203,
 8.999436,1576229804208,
 9.12169,1576229805205,
 9.489014,1576229806205,
 9.934648,1576229807211,
 10.383099,1576229808213,
 10.740845,1576229809214,
 11.113803,1576229810266,
 11.536338,1576229811211,
 11.367324,1576229812210,
 11.01014,1576229813209,
 10.6935215,1576229814209,
 10.588733,1576229815210,
 10.678873,1576229816209,
 10.825915,1576229817210,
 10.986479,1576229818209,
 10.929014,1576229819213,
 11.149859,1576229820222,
 11.010704,1576229821212,
 10.87155,1576229822208,
 10.76,1576229823206,
 10.6659155,1576229824203,
 10.527887,1576229825204,
 10.283944,1576229826214,
 10.179155,1576229827210,
 10.712676,1576229828209,
 10.720563,1576229829219,
 10.621408,1576229830210,
 11.026479,1576229831209,
 11.514366,1576229832209,
 11.814084,1576229833210,
 11.482817,1576229834210,
 11.027042,1576229835211,
 10.562817,1576229836210,
 10.232113,1576229837211,
 10.244507,1576229838218,
 10.332958,1576229839209,
 10.358873,1576229840209,
 10.413521,1576229841210,
 10.444507,1576229842210,
 10.459155,1576229843203,
 10.501409,1576229844214,
 10.547042,1576229845207,
 10.580845,1576229846208,
 10.689577,1576229847208,
 10.798873,1576229848206,
 10.997183,1576229849206,
 11.212957,1576229850216,
 11.457465,1576229851210,
 11.7611265,1576229852206,
 11.895775,1576229853205,
 11.682254,1576229854201,
 11.894648,1576229855205,
 11.931268,1576229856216,
 11.546479,1576229857210,
 11.137465,1576229858211,
 10.502535,1576229859209,
 9.881126,1576229860210,
 9.273239,1576229861205,
 8.802254,1576229862214,
 8.304789,1576229863209,
 7.227042,1576229864207,
 5.876056,1576229865205,
 4.4169016,1576229866204,
 3.5177464,1576229867209,
 2.390986,1576229868213,
 1.1295775,1576229869210,
 0.3171831,1576229870207,
 0.0050704223,1576229871201,
 0.006197183,1576229872195,
 0.0045070425,1576229873201,
 0.0056338026,1576229874208,
 0.006197183,1576229875199,
 0.011830986,1576229876201,
 0.016338028,1576229877201,
 0.012957746,1576229878201,
 0.0045070425,1576229879199,
 0.0067605632,1576229880210,
 0.003943662,1576229881201,
 0.0022535212,1576229882200,
 0.009014085,1576229883198,
 0.0045070425,1576229884201,
 0.0016901408,1576229885201,
 0.009014085,1576229886209,
 0.003943662,1576229887200,
 0.014084507,1576229888199,
 0.010140845,1576229889201,
 0.007887324,1576229890198,
 0.003943662,1576229891199,
 0.009014085,1576229892207,
 0.0028169013,1576229893212,
 0.011267605,1576229894197,
 0.003943662,1576229895209,
 0.0045070425,1576229896201,
 0.009014085,1576229897201,
 0.0022535212,1576229898209,
 0.008450705,1576229899201,
 0.0045070425,1576229900200,
 0.0073239435,1576229901195,
 0.009014085,1576229902200,
 0.007887324,1576229903200,
 0.0067605632,1576229904207,
 0.0050704223,1576229905200,
 0.009014085,1576229906202,
 0.009014085,1576229907200,
 0.0022535212,1576229908200,
 0.0050704223,1576229909199,
 0.0067605632,1576229910208,
 0.0073239435,1576229911200,
 0.0045070425,1576229912195,
 0.003943662,1576229913199,
 0.0033802816,1576229914200,
 0.0033802816,1576229915202,
 0.0135211265,1576229916212,
 0.007887324,1576229917200,
 0.0073239435,1576229918200,
 0.0016901408,1576229919197,
 0.0022535212,1576229920199,
 0.0033802816,1576229921199,
 0.0022535212,1576229922205,
 0.0056338026,1576229923194,
 0.0067605632,1576229924199,
 0.0045070425,1576229925198,
 0.009577465,1576229926199,
 0.0033802816,1576229927198,
 0.0016901408,1576229928204,
 0.003943662,1576229929202,
 0.012394366,1576229930194,
 0.009577465,1576229931200,
 0.010704225,1576229932201,
 0.0067605632,1576229933199,
 0.015774649,1576229934204,
 0.0056338026,1576229935199,
 0.0073239435,1576229936198,
 0.006197183,1576229937201,
 0.009577465,1576229938199,
 0.0033802816,1576229939198,
 0.0056338026,1576229940210,
 1.3228168,1576229941200,
 2.6078873,1576229942204,
 3.87831,1576229943207,
 5.257465,1576229944204,
 6.503662,1576229945203,
 7.2394366,1576229946211,
 8.006197,1576229947206,
 8.602817,1576229948200,
 9.114367,1576229949200,
 9.581972,1576229950206,
 10.152113,1576229951203,
 10.633802,1576229952201,
 11.108732,1576229953202,
 11.337464,1576229954201,
 11.775775,1576229955199,
 11.915493,1576229956201,
 12.213521,1576229957200,
 12.130704,1576229958205,
 11.846197,1576229959199,
 11.606761,1576229960200,
 11.388732,1576229961200,
 11.197183,1576229962200,
 11.074367,1576229963200,
 11.127324,1576229964210,
 11.516056,1576229965204,
 11.88338,1576229966206,
 12.385916,1576229967204,
 12.788169,1576229968204,
 13.183099,1576229969204,
 13.505352,1576229970204,
 13.870422,1576229971202,
 14.262535,1576229972199,
 14.7104225,1576229973200,
 15.131831,1576229974202,
 15.592676,1576229975196,
 15.851268,1576229976205,
 16.064789,1576229977196,
 16.440563,1576229978198,
 16.803944,1576229979200,
 16.7431,1576229980198,
 16.755493,1576229981195,
 16.812395,1576229982205,
 16.877184,1576229983199,
 16.934649,1576229984202,
 16.91662,1576229985205,
 16.962254,1576229986204,
 17.166761,1576229987201,
 17.243944,1576229988205,
 17.156055,1576229989207,
 17.130705,1576229990205,
 17.015211,1576229991205,
 16.938591,1576229992196,
 16.976337,1576229993204,
 16.860281,1576229994211,
 16.861408,1576229995205,
 16.694084,1576229996204,
 16.825352,1576229997209,
 16.980844,1576229998203,
 16.989859,1576229999200,
 17.070423,1576230000215,
 17.049013,1576230001204,
 17.070986,1576230002204,
 16.910423,1576230003200,
 16.248451,1576230004203,
 13.900846,1576230005202,
 12.719437,1576230006210,
 12.451267,1576230007204,
 12.227606,1576230008205,
 12.180845,1576230009204,
 12.442817,1576230010198,
 12.88,1576230011206,
 13.397183,1576230012209,
 13.962254,1576230013203,
 14.512676,1576230014203,
 15.095211,1576230015202,
 15.695775,1576230016202,
 16.192112,1576230017207,
 16.378029,1576230018210,
 16.65183,1576230019201,
 16.904789,1576230020203,
 17.144226,1576230021197,
 17.36507,1576230022202,
 17.33352,1576230023200,
 17.407887,1576230024205,
 17.502535,1576230025198,
 17.620846,1576230026198,
 17.750986,1576230027202,
 17.901972,1576230028201,
 18.103098,1576230029201,
 17.97972,1576230030202,
 17.957747,1576230031199,
 17.667042,1576230032198,
 16.939156,1576230033199,
 16.546478,1576230034198,
 16.157747,1576230035190,
 15.864225,1576230036215,
 15.662536,1576230037215,
 15.497465,1576230038194,
 15.385916,1576230039212,
 15.261971,1576230040214,
 15.261971,1576230041213,
 15.39662,1576230042214,
 15.519437,1576230043196,
 15.695775,1576230044214,
 15.895775,1576230045215,
 16.028732,1576230046214,
 15.80169,1576230047213,
 15.590423,1576230048214,
 15.464226,1576230049217,
 15.453521,1576230050223,
 15.468169,1576230051214,
 15.387042,1576230052214,
 15.064225,1576230053206,
 14.892394,1576230054214,
 15.041127,1576230055213,
 15.24676,1576230056207,
 15.472113,1576230057214,
 15.174085,1576230058210,
 14.474366,1576230059205,
 14.016338,1576230060216,
 13.115493,1576230061214,
 12.52169,1576230062204,
 11.9915495,1576230063194,
 11.565634,1576230064211,
 11.337464,1576230065215,
 11.074367,1576230066215,
 10.809014,1576230067216,
 10.507042,1576230068219,
 10.529014,1576230069215,
 10.604507,1576230070204,
 10.71493,1576230071204,
 10.892394,1576230072215,
 11.20676,1576230073204,
 11.527324,1576230074210,
 11.617465,1576230075204,
 11.123943,1576230076219,
 10.045071,1576230077213,
 9.463662,1576230078215,
 9.372958,1576230079214,
 9.522254,1576230080213,
 9.976901,1576230081199,
 10.104789,1576230082213,
 10.256902,1576230083213,
 9.996057,1576230084211,
 9.821972,1576230085211,
 9.855775,1576230086223,
 10.097465,1576230087231,
 10.512676,1576230088225,
 11.004507,1576230089217,
 11.409014,1576230090234,
 11.256902,1576230091226,
 10.971831,1576230092228,
 10.752112,1576230093231,
 10.8118305,1576230094232,
 11.112676,1576230095211,
 10.921126,1576230096229,
 10.766197,1576230097229,
 10.766197,1576230098235,
 10.6321125,1576230099235,
 10.401127,1576230100212,
 10.302535,1576230101222,
 10.326198,1576230102222,
 10.145352,1576230103233,
 10.087888,1576230104239,
 10.110986,1576230105231,
 10.378592,1576230106218,
 10.607324,1576230107238,
 10.788169,1576230108228,
 11.184789,1576230109223,
 11.429296,1576230110193,
 11.20676,1576230111194,
 11.269296,1576230112191,
 11.280563,1576230113189,
 11.207888,1576230114229,
 11.499155,1576230115192,
 11.684507,1576230116191,
 11.856901,1576230117191,
 12.107042,1576230118192,
 12.455774,1576230119186,
 12.720563,1576230120211,
 12.820282,1576230121191,
 12.728451,1576230122194,
 12.699155,1576230123197,
 12.668169,1576230124200,
 12.592113,1576230125244,
 12.507606,1576230126200,
 12.633802,1576230127196,
 12.759437,1576230128196,
 13.073803,1576230129197,
 13.376338,1576230130193,
 13.730141,1576230131194,
 14.372395,1576230132200,
 14.966197,1576230133199,
 15.282253,1576230134199,
 15.647887,1576230135196,
 16.01859,1576230136196,
 16.11324,1576230137192,
 16.25859,1576230138202,
 16.421972,1576230139200,
 16.55493,1576230140196,
 16.725634,1576230141192,
 17.189297,1576230142196,
 17.858591,1576230143196,
 18.588732,1576230144202,
 19.505352,1576230145199,
 20.009014,1576230146198,
 19.850142,1576230147196,
 20.224789,1576230148192,
 20.052395,1576230149195,
 19.334084,1576230150202,
 18.972395,1576230151196,
 18.642817,1576230152194,
 18.182535,1576230153194,
 17.833803,1576230154194,
 17.332394,1576230155194,
 16.774084,1576230156197,
 16.220282,1576230157194,
 15.837183,1576230158190,
 15.494648,1576230159184,
 15.179155,1576230160190,
 14.869296,1576230161191,
 14.547042,1576230162197,
 14.292957,1576230163193,
 14.109296,1576230164193,
 14.002254,1576230165193,
 14.130141,1576230166190,
 14.424226,1576230167193,
 14.717183,1576230168197,
 15.009014,1576230169196,
 15.23493,1576230170190,
 15.310986,1576230171209,
 15.35662,1576230172198,
 15.513803,1576230173197,
 15.548733,1576230174205,
 15.695775,1576230175196,
 15.790986,1576230176196,
 15.817465,1576230177188,
 16.147606,1576230178194,
 16.510986,1576230179193,
 16.795492,1576230180203,
 16.55493,1576230181178,
 16.129578,1576230182173,
 16.63831,1576230183165,
 17.310423,1576230184157,
 17.398872,1576230206227,
 17.507042,1576230207183,
 17.195494,1576230208188,
 16.371267,1576230209190,
 15.713803,1576230210191,
 15.122253,1576230211193,
 14.626479,1576230212195,
 14.497465,1576230213196,
 14.316056,1576230214196,
 14.246197,1576230215196,
 14.065352,1576230216194,
 13.797747,1576230217182,
 13.721127,1576230218184,
 13.654648,1576230219187,
 13.572394,1576230220191,
 13.860282,1576230221191,
 14.23662,1576230222195,
 13.781408,1576230223191,
 12.769014,1576230224191,
 12.6090145,1576230225193,
 12.512113,1576230226192,
 11.559437,1576230227191,
 11.448451,1576230228190,
 10.555493,1576230229195,
 9.867043,1576230230191,
 9.994929,1576230231194,
 10.415212,1576230232198,
 10.878873,1576230233198,
 11.312676,1576230234202,
 11.68169,1576230235191,
 12.074367,1576230236191,
 12.465352,1576230237190,
 12.790986,1576230238192,
 12.961126,1576230239187,
 13.054647,1576230240195,
 13.429296,1576230241188,
 14.417465,1576230242190,
 15.35493,1576230243191,
 16.140282,1576230244190,
 16.989296,1576230245181,
 17.594366,1576230246176,
 17.970705,1576230247173,
 18.334648,1576230248173,
 18.679436,1576230249173,
 19.032112,1576230250172,
 19.24338,1576230251173,
 18.11155,1576230252175,
 16.949295,1576230253173,
 16.644506,1576230254171,
 16.784225,1576230255171,
 16.900845,1576230256172,
 17.180845,1576230257170,
 17.284508,1576230258184,
 17.238873,1576230259170,
 17.188732,1576230260170,
 16.95662,1576230261170,
 17.226479,1576230262170,
 17.4231,1576230263170,
 17.605635,1576230264171,
 17.792677,1576230265174,
 17.864225,1576230266170,
 17.2569,1576230267174,
 15.91831,1576230268171,
 15.40507,1576230269173,
 14.325634,1576230270178,
 13.829296,1576230271180,
 13.413521,1576230272182,
 12.903099,1576230273183,
 12.652958,1576230274184,
 13.046761,1576230275183,
 13.448451,1576230276188,
 13.80169,1576230277196,
 13.677183,1576230278191,
 13.300845,1576230279188,
 12.825915,1576230280189,
 12.611268,1576230281190,
 12.747043,1576230282190,
 12.389859,1576230283187,
 11.1205635,1576230284184,
 7.5295773,1576230285185,
 7.217465,1576230286178,
 6.629296,1576230287184,
 6.4197183,1576230288186,
 6.6456337,1576230289186,
 7.157183,1576230290186,
 7.83662,1576230291185,
 8.755493,1576230292185,
 9.567887,1576230293183,
 10.178028,1576230294192,
 8.939718,1576230295185,
 7.613521,1576230296190,
 7.1560564,1576230297183,
 7.0039434,1576230298190,
 6.5757747,1576230299196,
 6.575211,1576230300200,
 6.732958,1576230301188,
 7.162817,1576230302188,
 7.6569014,1576230303188,
 8.025915,1576230304185,
 8.358873,1576230305193,
 8.673802,1576230306195,
 9.0360565,1576230307190,
 9.528451,1576230308189,
 10.263099,1576230309191,
 11.250704,1576230310193,
 12.279437,1576230311193,
 12.84169,1576230312199,
 13.388732,1576230313192,
 14.021972,1576230314192,
 14.602254,1576230315188,
 15.220282,1576230316193,
 15.498591,1576230317189,
 15.732394,1576230318194,
 16.129015,1576230319187,
 16.507607,1576230320191,
 16.545916,1576230321193,
 16.618591,1576230322192,
 16.561127,1576230323190,
 16.34648,1576230324198,
 16.077183,1576230325193,
 15.552676,1576230326188,
 15.305916,1576230327191,
 15.011831,1576230328187,
 14.79324,1576230329187,
 14.408451,1576230330193,
 14.044507,1576230331188,
 13.79324,1576230332184,
 13.542535,1576230333186,
 13.259155,1576230334187,
 12.922817,1576230335186,
 12.851268,1576230336190,
 12.934648,1576230337180,
 13.074929,1576230338185,
 13.183662,1576230339185,
 12.956619,1576230340185,
 12.541972,1576230341188,
 12.252395,1576230342192,
 12.038874,1576230343188,
 11.865915,1576230344184,
 11.816901,1576230345187,
 11.788169,1576230346182,
 11.770141,1576230347184,
 11.508169,1576230348182,
 11.455774,1576230349192,
 11.44169,1576230350187,
 11.560563,1576230351188,
 11.697465,1576230352189,
 11.75155,1576230353188,
 11.771831,1576230354193,
 11.597747,1576230355178,
 11.566761,1576230356183,
 11.650704,1576230357182,
 11.811268,1576230358184,
 11.956619,1576230359188,
 12.202253,1576230360198,
 12.607324,1576230361188,
 12.675493,1576230362186,
 12.80169,1576230363198,
 12.983662,1576230364193,
 13.156056,1576230365189,
 13.302535,1576230366186,
 13.544226,1576230367187,
 13.694084,1576230368186,
 13.441127,1576230369187,
 12.935775,1576230370187,
 11.412395,1576230371186,
 10.361127,1576230372191,
 9.945915,1576230373184,
 9.838873,1576230374191,
 10.007887,1576230375191,
 10.243943,1576230376191,
 10.490705,1576230377188,
 10.816901,1576230378196,
 11.126197,1576230379191,
 11.44507,1576230380191,
 11.793803,1576230381192,
 12.148732,1576230382190,
 12.510423,1576230383193,
 12.916057,1576230384190,
 13.31662,1576230385190,
 13.72169,1576230386192,
 14.134648,1576230387190,
 14.592113,1576230388190,
 15.122817,1576230389188,
 16.028732,1576230390202,
 16.865353,1576230391191,
 17.194366,1576230392188,
 16.727324,1576230393187,
 16.356619,1576230394186,
 16.056337,1576230395191,
 15.784225,1576230396194,
 15.647324,1576230397191,
 15.566761,1576230398191,
 15.160563,1576230399191,
 14.08169,1576230400190,
 12.256338,1576230401191,
 11.466479,1576230402193,
 10.3340845,1576230403190,
 9.300845,1576230404188,
 8.919436,1576230405190,
 8.420281,1576230406186,
 8.012394,1576230407190,
 7.8140845,1576230408195,
 8.505352,1576230409193,
 9.002817,1576230410189,
 9.44169,1576230411191,
 9.877183,1576230412191,
 10.5030985,1576230413186,
 11.181409,1576230414196,
 11.891268,1576230415190,
 12.039436,1576230416190,
 12.028169,1576230417188,
 12.131831,1576230418188,
 12.261409,1576230419188,
 12.470423,1576230420198,
 12.5030985,1576230421186,
 11.221409,1576230422186,
 9.906479,1576230423186,
 9.570141,1576230424183,
 9.685634,1576230425186,
 9.501972,1576230426187,
 9.59493,1576230427187,
 9.869859,1576230428182,
 10.345352,1576230429181,
 10.953803,1576230430183,
 11.664226,1576230431184,
 12.303662,1576230432189,
 12.3340845,1576230433186,
 12.363944,1576230434187,
 12.545352,1576230435185,
 12.910986,1576230436191,
 13.173521,1576230437190,
 13.314366,1576230438196,
 13.820845,1576230439190,
 14.369014,1576230440189,
 14.947042,1576230441189,
 15.516056,1576230442186,
 16.094648,1576230443189,
 16.42479,1576230444195,
 16.516056,1576230445187,
 16.60507,1576230446186,
 16.60338,1576230447187,
 16.47662,1576230448187,
 16.297464,1576230449189,
 15.72,1576230450199,
 14.965071,1576230451186,
 14.708169,1576230452186,
 14.744789,1576230453181,
 15.28676,1576230454183,
 15.818028,1576230455183,
 16.232676,1576230456189,
 16.486197,1576230457188,
 16.854649,1576230458189,
 17.287323,1576230459192,
 17.674929,1576230460191,
 18.08,1576230461188,
 18.465353,1576230462194,
 18.886198,1576230463187,
 19.340282,1576230464181,
 19.80845,1576230465183,
 20.281126,1576230466185,
 20.672676,1576230467182,
 20.756056,1576230468187,
 20.829296,1576230469247,
 20.785915,1576230470184,
 20.70817,1576230471182,
 20.864225,1576230472184,
 21.02817,1576230473186,
 21.202253,1576230474190,
 20.852394,1576230475179,
 20.761127,1576230476182,
 20.705353,1576230477188,
 20.177465,1576230478186,
 18.029295,1576230479188,
 16.947042,1576230480196,
 15.633802,1576230481182,
 14.260282,1576230482178,
 13.895775,1576230483182,
 13.710986,1576230484185,
 13.35662,1576230485182,
 13.229859,1576230486180,
 13.670423,1576230487180,
 14.442817,1576230488179,
 15.269296,1576230489183,
 16.137465,1576230490184,
 16.954367,1576230491189,
 17.695774,1576230492183,
 18.367325,1576230493172,
 18.964506,1576230494176,
 19.567324,1576230495176,
 20.147041,1576230496181,
 20.664225,1576230497184,
 20.87493,1576230498193,
 20.913803,1576230499184,
 20.948732,1576230500183,
 21.007887,1576230501186,
 20.849577,1576230502184,
 19.939156,1576230503182,
 19.341408,1576230504182,
 19.009014,1576230505185,
 18.682817,1576230506182,
 18.36338,1576230507176,
 17.654085,1576230508176,
 16.814085,1576230509174,
 16.068733,1576230510182,
 15.905915,1576230511170,
 15.771268,1576230512172,
 15.872112,1576230513181,
 16.02028,1576230514183,
 15.252395,1576230515173,
 14.233239,1576230516185,
 13.242817,1576230517184,
 12.443944,1576230518183,
 12.11831,1576230519185,
 12.420281,1576230520183,
 13.089578,1576230521183,
 13.861972,1576230522182,
 14.611831,1576230523183,
 15.327324,1576230524187,
 16.016901,1576230525186,
 16.712112,1576230526184,
 17.332394,1576230527185,
 18.059155,1576230528191,
 18.548168,1576230529191,
 18.825352,1576230530187,
 19.101973,1576230531187,
 19.363943,1576230532186,
 19.652958,1576230533179,
 19.953802,1576230534191,
 20.26817,1576230535185,
 20.517746,1576230536183,
 20.235493,1576230537185,
 19.84169,1576230538185,
 19.544226,1576230539185,
 18.230423,1576230540194,
 17.52338,1576230541186,
 17.141972,1576230542184,
 16.816902,1576230543184,
 16.469296,1576230544181,
 16.052958,1576230545185,
 15.669859,1576230546192,
 15.085071,1576230547184,
 14.834366,1576230548184,
 14.614084,1576230549183,
 14.376902,1576230550187,
 14.122253,1576230551180,
 13.913803,1576230552192,
 13.881126,1576230553183,
 13.904789,1576230554179,
 13.738591,1576230555185,
 13.545352,1576230556183,
 13.331267,1576230557184,
 12.814648,1576230558190,
 12.575212,1576230559176,
 12.271549,1576230560177,
 11.9408455,1576230561184,
 11.730704,1576230562176,
 11.663662,1576230563171,
 11.619155,1576230564179,
 11.808451,1576230565175,
 12.0253525,1576230566179,
 12.220845,1576230567174,
 12.460281,1576230568174,
 12.722816,1576230569175,
 12.94986,1576230570179,
 13.1881695,1576230571177,
 13.456338,1576230572169,
 13.692958,1576230573161,
 14.0146475,1576230574172,
 14.327324,1576230575165,
 14.583662,1576230576169,
 14.962817,1576230577169,
 14.96169,1576230578175,
 14.904225,1576230579169,
 15.127888,1576230580169,
 15.16845,1576230581166,
 14.053521,1576230582176,
 12.641127,1576230583173,
 11.403944,1576230584177,
 10.215211,1576230585176,
 9.018592,1576230586177,
 8.526197,1576230587176,
 8.145915,1576230588177,
 7.9532394,1576230589178,
 7.7588735,1576230590170,
 6.519437,1576230591169,
 5.2411265,1576230592166,
 4.5695777,1576230593169,
 4.4377465,1576230594178,
 4.481127,1576230595169,
 4.1853523,1576230596171,
 3.8214085,1576230597172,
 4.028169,1576230598173,
 4.361127,1576230599173,
 4.741972,1576230600180,
 5.1307044,1576230601172,
 5.193239,1576230602168,
 4.410704,1576230603174,
 3.4647887,1576230604171,
 2.331831,1576230605174,
 1.3228168,1576230606179,
 0.8090141,1576230607172,
 0.025915492,1576230608168,
 0.01915493,1576230609170,
 0.0135211265,1576230610170,
 0.0045070425,1576230611169,
 0.0045070425,1576230612175,
 0.014647887,1576230613167,
 0.011267605,1576230614170,
 0.011830986,1576230615171,
 0.012394366,1576230616172,
 0.003943662,1576230617172,
 0.0056338026,1576230618180,
 0.025915492,1576230619175,
 0.024225352,1576230620167,
 0.014084507,1576230621172,
 0.010140845,1576230622166,
 0.011830986,1576230623173,
 0.0056338026,1576230624175,
 0.011267605,1576230625171,
 0.0056338026,1576230626173,
 0.01915493,1576230627171,
 0.02253521,1576230628171,
 0.84788734,1576230629177,
 0.8602817,1576230630185,
 1.1278874,1576230631173,
 1.3092958,1576230632175,
 1.0614084,1576230633179,
 0.9583099,1576230634178,
 0.7566197,1576230635169,
 0.7785916,1576230636179,
 0.9814085,1576230637172,
 0.6811268,1576230638169,
 0.22422536,1576230639172,
 0.3830986,1576230640172,
 0.22253521,1576230641173,
 0.0135211265,1576230642165,
 0.0045070425,1576230643165,
 0.22309859,1576230644171,
 0.84,1576230645172,
 1.4490141,1576230646170,
 1.7087324,1576230647173,
 1.842817,1576230648174,
 1.6738029,1576230649170,
 1.4602817,1576230650173,
 1.3864789,1576230651175,
 1.6647887,1576230652172,
 2.2230985,1576230653167,
 2.6540844,1576230654176,
 2.7560563,1576230655170,
 2.3076057,1576230656173,
 2.0647888,1576230657171,
 2.727324,1576230658170,
 2.7583098,1576230659171,
 2.4963381,1576230660173,
 2.502535,1576230661175,
 2.5149295,1576230662170,
 2.210141,1576230663171,
 1.8202817,1576230664170,
 1.6766198,1576230665173,
 2.2016902,1576230666177,
 2.3154929,1576230667173,
 2.0309858,1576230668172,
 2.0715492,1576230669170,
 2.9876056,1576230670171,
 2.9476056,1576230671166,
 2.2895775,1576230672175,
 2.0828168,1576230673173,
 2.2861972,1576230674171,
 2.5459156,1576230675172,
 2.8456337,1576230676171,
 2.6659155,1576230677168,
 2.5352113,1576230678172,
 2.730141,1576230679169,
 2.875493,1576230680167,
 3.0969014,1576230681168,
 3.2321126,1576230682165,
 2.8022535,1576230683170,
 2.3459156,1576230684171,
 2.072676,1576230685166,
 2.6377466,1576230686168,
 2.512676,1576230687167,
 2.749859,1576230688169,
 2.9346478,1576230689165,
 2.8123944,1576230690225,
 3.6642253,1576230691169,
 4.108732,1576230692165,
 4.033803,1576230693162,
 4.1323943,1576230694165,
 4.752676,1576230695165,
 4.682817,1576230696171,
 4.6061974,1576230697166,
 4.703662,1576230698168,
 4.687324,1576230699164,
 4.495211,1576230700161,
 4.4140844,1576230701165,
 4.4033804,1576230702165,
 4.4969015,1576230703163,
 4.5769014,1576230704165,
 4.8298593,1576230705165,
 5.108732,1576230706161,
 5.4529576,1576230707161,
 5.2777467,1576230708165,
 4.429859,1576230709170,
 3.976338,1576230710165,
 3.5785916,1576230711160,
 3.1971831,1576230712166,
 2.8997183,1576230713164,
 3.3335211,1576230714166,
 3.3543663,1576230715166,
 3.0112677,1576230716160,
 2.7650704,1576230717161,
 2.5921128,1576230718159,
 2.6253521,1576230719163,
 2.6749296,1576230720173,
 2.1938028,1576230721165,
 1.355493,1576230722162,
 0.7138028,1576230723164,
 0.04169014,1576230724154,
 0.01802817,1576230725155,
 0.02028169,1576230726159,
 0.010140845,1576230727155,
 0.0033802816,1576230728157,
 0.0016901408,1576230729151,
 0.26478875,1576230730161,
 0.61464787,1576230731166,
 1.1194366,1576230732166,
 1.7650704,1576230733159,
 2.3712676,1576230734158,
 2.2878873,1576230735158,
 2.0225353,1576230736164,
 2.077183,1576230737162,
 2.4597182,1576230738168,
 2.2416902,1576230739164,
 2.336338,1576230740160,
 2.6670423,1576230741165,
 2.9442253,1576230742164,
 3.0884507,1576230743168,
 2.76,1576230744170,
 2.5250704,1576230745165,
 2.3385916,1576230746169,
 2.1740844,1576230747169,
 1.9261972,1576230748163,
 1.691831,1576230749168,
 2.1419718,1576230750171,
 2.4805634,1576230751162,
 2.6433802,1576230752165,
 3.0839436,1576230753176,
 3.6602817,1576230754165,
 3.418028,1576230755164,
 3.0895774,1576230756167,
 3.1769013,1576230757163,
 4.7149296,1576230758158,
 6.0625353,1576230759161,
 6.4760566,1576230760163,
 6.647887,1576230761163,
 6.3340845,1576230762163,
 5.8630986,1576230763165,
 5.415775,1576230764168,
 5.293521,1576230765164,
 5.297465,1576230766168,
 5.317183,1576230767167,
 5.1808453,1576230768169,
 4.76338,1576230769168,
 4.3414083,1576230770168,
 3.9983099,1576230771165,
 3.670986,1576230772165,
 3.8760564,1576230773163,
 4.3476057,1576230774168,
 4.729014,1576230775162,
 5.00169,1576230776159,
 4.673239,1576230777161,
 3.983662,1576230778161,
 3.6107042,1576230779168,
 3.2974648,1576230780163,
 3.0923944,1576230781162,
 3.3183098,1576230782166,
 3.074366,1576230783170,
 3.5307043,1576230784170,
 4.4388733,1576230785169,
 4.5132394,1576230786171,
 4.5870423,1576230787163,
 4.7515492,1576230788167,
 4.835493,1576230789162,
 4.905352,1576230790167,
 5.0185914,1576230791164,
 5.2394366,1576230792171,
 5.4783096,1576230793166,
 5.4625354,1576230794171,
 5.173521,1576230795171,
 5.0861974,1576230796172,
 4.7132397,1576230797171,
 4.079437,1576230798166,
 4.144225,1576230799166,
 3.3847888,1576230800170,
 1.8061972,1576230801170,
 1.595493,1576230802167,
 1.5385915,1576230803169,
 1.5211267,1576230804170,
 1.7166197,1576230805170,
 2.28,1576230806170,
 2.5977464,1576230807165,
 2.9138029,1576230808169,
 3.2461972,1576230809159,
 3.549859,1576230810170,
 3.291831,1576230811169,
 2.4794366,1576230812162,
 2.0461972,1576230813162,
 1.7143662,1576230814161,
 1.3847888,1576230815161,
 1.5464789,1576230816164,
 1.7171831,1576230817163,
 1.9357747,1576230818162,
 2.259155,1576230819163,
 2.6005633,1576230820157,
 2.896338,1576230821162,
 2.8676057,1576230822166,
 2.7487323,1576230823161,
 2.781972,1576230824160,
 2.9025352,1576230825162,
 2.8439436,1576230826163,
 3.1921127,1576230827157,
 3.933521,1576230828165,
 5.0360565,1576230829167,
 5.629859,1576230830169,
 5.4940844,1576230831165,
 5.635493,1576230832168,
 5.010141,1576230833160,
 4.4535213,1576230834163,
 4.32,1576230835155,
 4.0321126,1576230836150,
 4.0180283,1576230837150,
 3.3870423,1576230838148,
 1.2726761,1576230839148,
 1.952676,1576230840151,
 1.7780281,1576230841144,
 1.3560563,1576230842145,
 0.88112676,1576230843144,
 2.2467606,1576230844140,
 3.2287323,1576230845139,
 3.7138028,1576230846143,
