 0.009014085,1577091393440,
 0.012394366,1577091394874,
 0.0050704223,1577091395863,
 0.010704225,1577091396848,
 0.0016901408,1577091397833,
 0.011267605,1577091398871,
 0.010140845,1577091400122,
 0.006197183,1577091400792,
 0.010140845,1577091401788,
 0.0033802816,1577091402789,
 0.006197183,1577091403790,
 0.01690141,1577091404788,
 0.0073239435,1577091405789,
 0.01690141,1577091406794,
 0.009014085,1577091407785,
 0.014084507,1577091408792,
 0.007887324,1577091409787,
 0.0028169013,1577091410788,
 0.009014085,1577091411786,
 0.0067605632,1577091412795,
 0.011830986,1577091413791,
 0.0050704223,1577091414788,
 0.023098592,1577091415789,
 0.6169014,1577091416795,
 1.7014085,1577091417795,
 3.2214084,1577091418793,
 4.7047887,1577091419792,
 5.8343663,1577091420792,
 6.886197,1577091421795,
 7.6670423,1577091422795,
 8.348169,1577091423797,
 8.842254,1577091424795,
 9.069296,1577091425788,
 9.283944,1577091426796,
 9.51324,1577091427795,
 9.664226,1577091428794,
 9.809577,1577091429793,
 9.95155,1577091430802,
 10.122253,1577091431796,
 10.321127,1577091432795,
 10.482253,1577091433793,
 10.694648,1577091434796,
 10.789296,1577091435795,
 10.874929,1577091436795,
 10.660282,1577091437796,
 10.482817,1577091438796,
 10.007887,1577091439794,
 9.633802,1577091440798,
 9.413521,1577091441794,
 9.249014,1577091442796,
 9.206197,1577091443795,
 9.103662,1577091444791,
 8.975211,1577091445794,
 8.881126,1577091446797,
 8.794366,1577091447789,
 8.6597185,1577091448795,
 8.591549,1577091449789,
 8.606197,1577091450792,
 8.771268,1577091451789,
 8.988169,1577091452789,
 9.167888,1577091453790,
 9.3616905,1577091454791,
 9.569577,1577091455790,
 9.927324,1577091456789,
 10.287324,1577091457789,
 10.745915,1577091458785,
 11.229296,1577091459791,
 11.799437,1577091460797,
 12.378028,1577091461792,
 13.030422,1577091462793,
 13.76338,1577091463793,
 13.734648,1577091464817,
 13.51831,1577091465810,
 13.540281,1577091466808,
 13.507606,1577091467805,
 13.487887,1577091468805,
 13.509295,1577091469817,
 13.525634,1577091470808,
 13.546479,1577091471805,
 13.500845,1577091472810,
 13.690704,1577091473800,
 14.211267,1577091474809,
 14.895211,1577091475809,
 15.597183,1577091476800,
 16.260283,1577091477805,
 16.744225,1577091478807,
 16.84169,1577091479801,
 16.943663,1577091480795,
 17.175776,1577091481802,
 17.022535,1577091482796,
 16.802254,1577091483808,
 16.738592,1577091484804,
 16.40169,1577091485805,
 16.155493,1577091486808,
 15.794366,1577091487804,
 15.348169,1577091488806,
 14.769014,1577091489806,
 14.260282,1577091490804,
 14.223099,1577091491806,
 14.1712675,1577091492810,
 13.736901,1577091493794,
 13.237184,1577091494808,
 12.669859,1577091495804,
 12.380281,1577091496800,
 12.237746,1577091497805,
 11.820845,1577091498804,
 12.045634,1577091499795,
 12.567887,1577091500805,
 13.114367,1577091501805,
 13.583098,1577091502804,
 13.193239,1577091503805,
 12.747605,1577091504804,
 12.664226,1577091505795,
 12.607324,1577091506813,
 12.560563,1577091507820,
 12.456902,1577091508813,
 12.6090145,1577091509814,
 12.419155,1577091510807,
 12.35662,1577091511812,
 12.298592,1577091512822,
 12.202817,1577091513813,
 12.406198,1577091514812,
 12.741408,1577091515825,
 12.817465,1577091516810,
 12.614084,1577091517814,
 12.535774,1577091518814,
 12.562254,1577091519822,
 12.829859,1577091520813,
 12.985915,1577091521813,
 12.492958,1577091522815,
 11.903662,1577091523813,
 11.27831,1577091524820,
 10.136902,1577091525813,
 9.006761,1577091526819,
 8.498028,1577091527819,
 8.931831,1577091528819,
 8.830986,1577091529818,
 9.44,1577091530819,
 9.6935215,1577091531815,
 9.735775,1577091532818,
 9.745915,1577091533813,
 9.698029,1577091534813,
 9.729014,1577091535813,
 9.796619,1577091536812,
 9.769577,1577091537813,
 9.809577,1577091538818,
 10.012394,1577091539813,
 10.227606,1577091540821,
 10.333521,1577091541812,
 8.774084,1577091542801,
 6.27662,1577091543812,
 5.473803,1577091544813,
 5.223662,1577091545782,
 5.900282,1577091546820,
 6.75831,1577091547813,
 7.3977466,1577091548813,
 7.9588733,1577091549813,
 7.682817,1577091550822,
 7.614648,1577091551787,
 7.8647885,1577091552813,
 8.075493,1577091553840,
 8.455774,1577091554832,
 8.844507,1577091555825,
 9.260282,1577091556836,
 9.223099,1577091557787,
 9.1988735,1577091558785,
 9.331831,1577091559785,
 9.528451,1577091560785,
 9.779155,1577091561781,
 10.097465,1577091562786,
 10.515493,1577091563786,
 10.7949295,1577091564779,
 10.903662,1577091565776,
 10.974085,1577091566781,
 11.060282,1577091567781,
 10.621408,1577091568790,
 10.264789,1577091569782,
 10.097465,1577091570787,
 9.970704,1577091571785,
 10.006761,1577091572788,
 10.157183,1577091573781,
 10.237184,1577091574789,
 10.197746,1577091575786,
 10.289014,1577091576791,
 10.497465,1577091577789,
 10.507042,1577091578788,
 10.336338,1577091579790,
 10.106479,1577091580792,
 9.335774,1577091581788,
 8.92338,1577091582786,
 8.833803,1577091583789,
 9.1988735,1577091584790,
 9.245634,1577091585775,
 9.55493,1577091586781,
 9.720563,1577091587780,
 9.146479,1577091588781,
 8.985915,1577091589784,
 8.8732395,1577091590783,
 9.181972,1577091591783,
 9.465352,1577091592780,
 9.908732,1577091593781,
 10.427042,1577091594781,
 10.958873,1577091595779,
 11.4016905,1577091596777,
 11.531267,1577091597780,
 11.269296,1577091598781,
 11.180845,1577091599785,
 10.918873,1577091600789,
 10.590423,1577091601775,
 10.421972,1577091602772,
 10.129578,1577091603774,
 9.647324,1577091604786,
 8.52676,1577091605778,
 7.6901407,1577091606779,
 7.543662,1577091607776,
 7.6749296,1577091608780,
 7.9842253,1577091609782,
 8.567324,1577091610789,
 8.823662,1577091611780,
 9.139718,1577091612781,
 9.425916,1577091613778,
 9.869296,1577091614771,
 10.289014,1577091615775,
 10.470986,1577091616777,
 10.628169,1577091617774,
 10.629859,1577091618782,
 10.5814085,1577091619783,
 10.459719,1577091620786,
 9.775775,1577091621781,
 9.2326765,1577091622786,
 8.792676,1577091623779,
 8.598873,1577091624780,
 8.660282,1577091625775,
 8.994367,1577091626788,
 9.47493,1577091627785,
 9.736338,1577091628784,
 9.539155,1577091629773,
 9.430423,1577091630772,
 9.459155,1577091631770,
 9.401127,1577091632775,
 9.322253,1577091633775,
 9.190986,1577091634782,
 8.960564,1577091635782,
 8.853521,1577091636782,
 9.098592,1577091637783,
 9.104789,1577091638778,
 9.053521,1577091639774,
 9.140282,1577091640776,
 9.452958,1577091641774,
 9.908732,1577091642773,
 10.424788,1577091643771,
 10.404507,1577091644772,
 10.180282,1577091645773,
 9.929578,1577091646779,
 9.4969015,1577091647773,
 9.014085,1577091648772,
 8.829296,1577091649772,
 9.15831,1577091650774,
 9.259155,1577091651772,
 9.60507,1577091652779,
 9.825915,1577091653778,
 9.834366,1577091654771,
 10.320563,1577091655775,
 10.408451,1577091656775,
 10.546479,1577091657775,
 10.561127,1577091658778,
 10.612958,1577091659774,
 10.596056,1577091660774,
 10.379719,1577091661779,
 10.220845,1577091662775,
 10.23831,1577091663779,
 10.148732,1577091664789,
 10.227606,1577091665777,
 10.060282,1577091666781,
 10.091268,1577091667777,
 9.456338,1577091668779,
 8.79155,1577091669786,
 8.433239,1577091670789,
 8.247888,1577091671782,
 8.103662,1577091672780,
 8.830422,1577091673780,
 8.895775,1577091674782,
 9.138028,1577091675783,
 9.529577,1577091676779,
 9.647887,1577091677782,
 9.501409,1577091678778,
 9.532394,1577091679778,
 9.348169,1577091680781,
 9.157746,1577091681774,
 9.140282,1577091682773,
 9.2050705,1577091683769,
 9.278873,1577091684775,
 8.9239435,1577091685782,
 8.641127,1577091686781,
 8.096338,1577091687773,
 7.6315494,1577091688778,
 7.11831,1577091689776,
 6.7515492,1577091690772,
 6.3233805,1577091691775,
 5.618028,1577091692774,
 5.1797185,1577091693771,
 4.8935213,1577091694774,
 5.056338,1577091695777,
 4.827042,1577091696785,
 5.204507,1577091697773,
 5.4940844,1577091698770,
 5.7447886,1577091699774,
 5.8095775,1577091700779,
 6.2912674,1577091701771,
 6.8185916,1577091702774,
 7.370704,1577091703778,
 7.4349294,1577091704776,
 7.4969015,1577091705773,
 7.68,1577091706776,
 7.930141,1577091707784,
 8.36,1577091708773,
 8.8456335,1577091709773,
 9.420845,1577091710776,
 9.9639435,1577091711779,
 10.221409,1577091712775,
 10.741408,1577091713782,
 10.80169,1577091714772,
 11.072676,1577091715773,
 10.809014,1577091716773,
 10.574648,1577091717773,
 10.530141,1577091718774,
 10.472676,1577091719771,
 10.280563,1577091720773,
 10.1988735,1577091721768,
 10.058028,1577091722774,
 9.910422,1577091723768,
 9.530141,1577091724771,
 9.502535,1577091725772,
 9.399437,1577091726776,
 9.259155,1577091727770,
 9.2388735,1577091728775,
 9.299155,1577091729773,
 9.20676,1577091730769,
 9.119436,1577091731770,
 9.057465,1577091732770,
 8.784225,1577091733770,
 8.954929,1577091734767,
 8.882254,1577091735769,
 8.391549,1577091736771,
 7.817465,1577091737769,
 7.079437,1577091738770,
 6.493521,1577091739767,
 5.1859155,1577091740771,
 4.7222533,1577091741767,
 4.8535213,1577091742769,
 5.216338,1577091743770,
 5.7639437,1577091744769,
 6.4349294,1577091745770,
 6.890704,1577091746771,
 6.6940846,1577091747776,
 6.650141,1577091748780,
 6.845634,1577091749780,
 6.7177463,1577091750777,
 6.619155,1577091751771,
 6.127324,1577091752769,
 6.289014,1577091753772,
 5.9622536,1577091754776,
 5.854648,1577091755773,
 6.011831,1577091756775,
 6.642817,1577091757776,
 6.948169,1577091758775,
 7.050704,1577091759772,
 7.465352,1577091760777,
 7.881127,1577091761772,
 7.810704,1577091762771,
 7.6360564,1577091763768,
 7.752676,1577091764774,
 7.624225,1577091765776,
 7.540845,1577091766776,
 6.0585914,1577091767778,
 4.851831,1577091768789,
 4.379155,1577091769772,
 4.3605633,1577091770770,
 4.5470424,1577091771778,
 1.7830986,1577091772775,
 0.44676057,1577091773772,
 0.035492957,1577091774766,
 0.024788732,1577091775769,
 0.047323942,1577091776770,
 0.24112676,1577091777773,
 0.068732396,1577091778771,
 0.36732394,1577091779769,
 0.748169,1577091780773,
 0.96112674,1577091781767,
 0.04,1577091782767,
 0.01859155,1577091783766,
 0.26929578,1577091784767,
 0.65239435,1577091785770,
 1.6507043,1577091786771,
 2.7932394,1577091787769,
 4.0659156,1577091788767,
 5.40169,1577091789772,
 6.4366198,1577091790777,
 7.034366,1577091791775,
 7.1650705,1577091792769,
 7.3002815,1577091793777,
 7.854648,1577091794774,
 8.430423,1577091795770,
 8.530141,1577091796774,
 9.061972,1577091797772,
 9.179718,1577091798770,
 9.464788,1577091799773,
 9.498028,1577091800773,
 9.583662,1577091801777,
 9.696901,1577091802774,
 9.756619,1577091803773,
 9.877747,1577091804774,
 9.730704,1577091805780,
 9.654084,1577091806788,
 9.752676,1577091807780,
 10.03831,1577091808783,
 10.299155,1577091809776,
 10.407324,1577091810775,
 10.589295,1577091811780,
 10.922817,1577091812778,
 10.969014,1577091813776,
 10.955493,1577091814782,
 11.022535,1577091815780,
 11.053521,1577091816779,
 11.212957,1577091817780,
 11.156056,1577091818774,
 10.653522,1577091819777,
 10.764507,1577091820780,
 10.730704,1577091821776,
 10.704789,1577091822781,
 10.607887,1577091823784,
 10.649577,1577091824784,
 10.679437,1577091825781,
 10.634366,1577091826784,
 10.642254,1577091827782,
 10.550986,1577091828782,
 10.625352,1577091829775,
 10.586479,1577091830778,
 10.486197,1577091831778,
 10.071549,1577091832774,
 9.805071,1577091833777,
 9.4692955,1577091834776,
 9.592676,1577091835776,
 9.687887,1577091836775,
 9.75831,1577091837774,
 9.738591,1577091838779,
 9.76,1577091839771,
 9.767887,1577091840775,
 9.75155,1577091841772,
 9.772394,1577091842771,
 9.87155,1577091843772,
 9.894085,1577091844779,
 9.971268,1577091845778,
 9.927887,1577091846782,
 9.993803,1577091847783,
 10.068169,1577091848779,
 10.009578,1577091849784,
 10.1436615,1577091850781,
 9.908732,1577091851781,
 9.869296,1577091852780,
 9.461409,1577091853782,
 9.162817,1577091854780,
 8.731268,1577091855783,
 8.734648,1577091856783,
 8.731831,1577091857780,
 8.895775,1577091858779,
 8.953239,1577091859776,
 9.51324,1577091860781,
 9.422535,1577091861772,
 9.243381,1577091862778,
 9.022535,1577091863775,
 9.04169,1577091864775,
 9.083943,1577091865772,
 9.416902,1577091866772,
 9.698029,1577091867774,
 9.814084,1577091868764,
 9.984789,1577091869769,
 10.056338,1577091870772,
 10.257464,1577091871770,
 10.330705,1577091872771,
 9.894085,1577091873770,
 9.540845,1577091874768,
 8.180282,1577091875768,
 6.9966197,1577091876771,
 6.4715495,1577091877770,
 5.993803,1577091878769,
 6.11831,1577091879764,
 6.431549,1577091880771,
 7.038873,1577091881770,
 7.2884507,1577091882766,
 7.1030984,1577091883770,
 6.388169,1577091884767,
 5.509296,1577091885769,
 3.964507,1577091886769,
 2.7639437,1577091887768,
 1.9323944,1577091888771,
 1.4405633,1577091889767,
 1.2309859,1577091890762,
 1.5160563,1577091891765,
 2.971831,1577091892768,
 4.5864787,1577091893770,
 6.136338,1577091894768,
 7.6749296,1577091895767,
 8.847887,1577091896770,
 9.527887,1577091897765,
 10.265352,1577091898766,
 10.656338,1577091899774,
 11.065352,1577091900766,
 11.229859,1577091901762,
 11.428169,1577091902770,
 11.490705,1577091903770,
 11.537465,1577091904771,
 11.235493,1577091905766,
 11.12169,1577091906766,
 10.888451,1577091907766,
 10.890141,1577091908763,
 10.830422,1577091909770,
 10.757183,1577091910776,
 10.694084,1577091911776,
 10.686197,1577091912772,
 10.309296,1577091913773,
 10.030422,1577091914775,
 9.861408,1577091915774,
 9.757747,1577091916776,
 9.792676,1577091917775,
 9.814648,1577091918775,
 9.819155,1577091919769,
 10.014085,1577091920774,
 10.058592,1577091921765,
 9.990422,1577091922764,
 10.327324,1577091923763,
 10.362253,1577091924763,
 10.447324,1577091925762,
 10.243381,1577091926766,
 9.979155,1577091927764,
 9.927324,1577091928769,
 9.890704,1577091929767,
 9.863662,1577091930762,
 9.905352,1577091931762,
 9.953803,1577091932763,
 10.234366,1577091933764,
 10.347042,1577091934764,
 10.234366,1577091935763,
 10.197746,1577091936767,
 10.315493,1577091937757,
 10.482817,1577091938761,
 10.624226,1577091939761,
 10.729577,1577091940761,
 10.506479,1577091941757,
 10.412958,1577091942761,
 10.252957,1577091943762,
 10.138028,1577091944761,
 10.178592,1577091945762,
 10.169578,1577091946766,
 10.2326765,1577091947766,
 10.24507,1577091948758,
 10.009014,1577091949766,
 10.861972,1577091950772,
 11.091268,1577091951772,
 10.962254,1577091952774,
 10.682254,1577091953766,
 10.901408,1577091954764,
 11.016901,1577091955758,
 11.0253525,1577091956763,
 11.021972,1577091957765,
 10.5814085,1577091958766,
 11.267606,1577091959757,
 11.221409,1577091960764,
 11.251831,1577091961764,
 11.114367,1577091962764,
 11.092395,1577091963762,
 11.044507,1577091964768,
 11.059718,1577091965767,
 11.247888,1577091966763,
 11.461972,1577091967764,
 11.771268,1577091968763,
 12.103662,1577091969761,
 12.296338,1577091970763,
 12.291831,1577091971764,
 12.320563,1577091972764,
 12.04845,1577091973762,
 11.944225,1577091974765,
 11.882254,1577091975764,
 11.886761,1577091976767,
 11.897465,1577091977759,
 11.8732395,1577091978762,
 11.786479,1577091979759,
 11.714366,1577091980761,
 11.491831,1577091981760,
 11.55493,1577091982762,
 11.370141,1577091983764,
 11.408451,1577091984764,
 11.43831,1577091985765,
 11.456902,1577091986765,
 11.272113,1577091987767,
 10.731268,1577091988769,
 10.659155,1577091989770,
 10.623098,1577091990769,
 10.732958,1577091991764,
 10.740845,1577091992765,
 10.735775,1577091993768,
 10.51662,1577091994769,
 10.403944,1577091995769,
 10.407887,1577091996768,
 10.409014,1577091997769,
 10.300282,1577091998773,
 9.742536,1577091999772,
 9.330705,1577092000773,
 8.717183,1577092001773,
 8.190423,1577092002773,
 7.513803,1577092003775,
 7.11831,1577092004772,
 6.6653523,1577092005774,
 6.226479,1577092006774,
 5.72169,1577092007772,
 5.4630985,1577092008772,
 4.877183,1577092009771,
 3.8952112,1577092010768,
 2.731831,1577092011772,
 1.4157747,1577092012774,
 0.27042255,1577092013769,
 0.0056338026,1577092014762,
 0.0056338026,1577092015763,
 0.006197183,1577092016766,
 0.0016901408,1577092017756,
 0.0028169013,1577092018765,
 0.008450705,1577092019763,
 0.012957746,1577092020762,
 0.0135211265,1577092021762,
 0.008450705,1577092022763,
 0.0135211265,1577092023762,
 0.0028169013,1577092024768,
 0.010140845,1577092025762,
 0.0016901408,1577092026762,
 0.003943662,1577092027761,
 0.012394366,1577092028756,
 0.014647887,1577092029763,
 0.0050704223,1577092030770,
 0.0028169013,1577092031763,
 0.010704225,1577092032763,
 0.14760563,1577092033760,
 0.10929578,1577092034755,
 0.009014085,1577092035752,
 0.024788732,1577092036758,
 0.56507045,1577092037766,
 0.115492955,1577092038758,
 0.468169,1577092039760,
 1.1588732,1577092040770,
 1.6214085,1577092041771,
 2.1267605,1577092042776,
 2.8208451,1577092043774,
 3.4625351,1577092044769,
 4.0270424,1577092045768,
 4.39662,1577092046769,
 4.787606,1577092047774,
 5.312676,1577092048789,
 5.934648,1577092049773,
 6.595493,1577092050770,
 7.232676,1577092051769,
 7.67831,1577092052770,
 7.8602815,1577092053771,
 7.8287325,1577092054770,
 7.8185916,1577092055766,
 7.212394,1577092056762,
 6.407324,1577092057756,
 5.761127,1577092058762,
 5.287324,1577092059762,
 5.0895777,1577092060765,
 5.3684506,1577092061761,
 5.980282,1577092062761,
 7.1002817,1577092063762,
 8.314366,1577092064762,
 9.286197,1577092065761,
 10.062535,1577092066764,
 10.776338,1577092067762,
 10.961126,1577092068757,
 11.1774645,1577092069760,
 11.396056,1577092070761,
 11.598873,1577092071758,
 11.639437,1577092072763,
 11.68169,1577092073761,
 11.699155,1577092074760,
 11.607887,1577092075758,
 11.440563,1577092076760,
 11.44507,1577092077762,
 11.539155,1577092078759,
 11.461972,1577092079757,
 11.308169,1577092080761,
 11.282817,1577092081755,
 10.635493,1577092082759,
 10.622535,1577092083756,
 9.977465,1577092084777,
 9.025915,1577092085765,
 8.193803,1577092086765,
 7.555493,1577092087768,
 6.9380283,1577092088768,
 5.9047885,1577092089767,
 5.029859,1577092090763,
 4.6061974,1577092091760,
 4.732958,1577092092758,
 5.0366197,1577092093756,
 5.3932395,1577092094756,
 5.7904224,1577092095754,
 6.2907043,1577092096758,
 6.8084507,1577092097751,
 7.257465,1577092098759,
 7.6112676,1577092099760,
 8.171831,1577092100768,
 8.839437,1577092101771,
 9.492394,1577092102768,
 9.944225,1577092103768,
 10.127888,1577092104764,
 9.967324,1577092105761,
 9.655211,1577092106764,
 9.281127,1577092107761,
 8.994367,1577092108758,
 8.770141,1577092109756,
 8.732394,1577092110759,
 8.637183,1577092111758,
 8.703662,1577092112760,
 8.887324,1577092113759,
 9.012958,1577092114760,
 9.129578,1577092115753,
 9.211831,1577092116759,
 9.097465,1577092117757,
 9.043381,1577092118771,
 8.737465,1577092119757,
 8.282817,1577092120767,
 7.7802815,1577092121764,
 7.4174647,1577092122764,
 6.766197,1577092123763,
 6.3859153,1577092124760,
 5.88,1577092125756,
 5.4788733,1577092126756,
 5.324507,1577092127761,
 4.8090143,1577092128762,
 3.5921128,1577092129760,
 2.250141,1577092130757,
 1.7960564,1577092131755,
 2.309859,1577092132761,
 4.249014,1577092133762,
 6.0422535,1577092134763,
 7.6523943,1577092135764,
 8.735211,1577092136761,
 9.64,1577092137757,
 10.3171835,1577092138767,
 10.901408,1577092139764,
 11.260282,1577092140765,
 11.057465,1577092141767,
 10.729577,1577092142767,
 10.191549,1577092143767,
 8.267606,1577092144772,
 7.4777465,1577092145767,
 7.761127,1577092146770,
 9.030422,1577092147767,
 10.35493,1577092148764,
 11.409014,1577092149768,
 12.267606,1577092150775,
 13.024789,1577092151767,
 13.472676,1577092152770,
 13.708733,1577092153767,
 13.5476055,1577092154769,
 13.251831,1577092155764,
 12.988732,1577092156773,
 12.828169,1577092157766,
 12.953803,1577092158764,
 13.025915,1577092159765,
 13.196056,1577092160765,
 13.32507,1577092161763,
 13.450141,1577092162765,
 13.56,1577092163767,
 13.708733,1577092164764,
 13.79155,1577092165763,
 13.859718,1577092166767,
 13.964507,1577092167773,
 14.068732,1577092168772,
 14.2,1577092169768,
 13.795493,1577092170769,
 13.497465,1577092171767,
 12.927324,1577092172768,
 12.6935215,1577092173765,
 12.599437,1577092174773,
 12.541972,1577092175766,
 12.460281,1577092176768,
 12.397183,1577092177758,
 12.281691,1577092178762,
 12.216902,1577092179762,
 12.041127,1577092180767,
 11.728451,1577092181765,
 11.594366,1577092182764,
 11.518873,1577092183762,
 11.395493,1577092184751,
 11.253521,1577092185754,
 11.094085,1577092186756,
 11.003943,1577092187755,
 10.96169,1577092188756,
 10.998874,1577092189757,
 11.018028,1577092190760,
 11.011268,1577092191756,
 10.928451,1577092192757,
 10.834929,1577092193760,
 10.508733,1577092194757,
 10.43831,1577092195755,
 10.268732,1577092196760,
 10.132395,1577092197758,
 10.12169,1577092198763,
 10.2,1577092199757,
 10.317746,1577092200762,
 11.194366,1577092201761,
 11.867043,1577092202757,
 12.07831,1577092203757,
 12.141409,1577092204758,
 12.239436,1577092205760,
 12.243381,1577092206754,
 12.169014,1577092207761,
 12.131268,1577092208764,
 12.005633,1577092209778,
 11.899155,1577092210773,
 11.7780285,1577092211768,
 11.612958,1577092212768,
 11.44,1577092213763,
 11.294648,1577092214768,
 11.152676,1577092215766,
 10.992676,1577092216769,
 10.79155,1577092217759,
 10.792676,1577092218762,
 10.717183,1577092219761,
 10.64507,1577092220761,
 10.5645075,1577092221759,
 10.701972,1577092222760,
 10.865352,1577092223759,
 11.052394,1577092224752,
 11.315493,1577092225756,
 11.521127,1577092226758,
 11.872676,1577092227759,
 11.858028,1577092228762,
 11.064225,1577092229758,
 9.467606,1577092230762,
 8.976338,1577092231762,
 9.075493,1577092232760,
 9.7442255,1577092233753,
 10.493521,1577092234755,
 10.637183,1577092235750,
 10.337464,1577092236753,
 9.691831,1577092237754,
 9.152676,1577092238755,
 8.75155,1577092239755,
 8.83155,1577092240760,
 9.32507,1577092241754,
 9.828169,1577092242757,
 10.317746,1577092243759,
 10.846197,1577092244760,
 11.420845,1577092245760,
 11.666479,1577092246755,
 11.862535,1577092247760,
 12.132395,1577092248758,
 12.083943,1577092249757,
 11.941408,1577092250758,
 11.590423,1577092251759,
 11.463662,1577092252761,
 11.32676,1577092253757,
 11.356056,1577092254759,
 11.365634,1577092255761,
 11.375774,1577092256761,
 11.459719,1577092257759,
 11.48676,1577092258762,
 11.543662,1577092259757,
 11.622535,1577092260759,
 11.691831,1577092261762,
 11.762816,1577092262764,
 11.774084,1577092263759,
 11.847887,1577092264758,
 11.910986,1577092265757,
 11.983662,1577092266758,
 12.0698595,1577092267757,
 12.119436,1577092268758,
 12.172395,1577092269761,
 12.220845,1577092270766,
 12.213521,1577092271763,
 12.043381,1577092272767,
 11.934648,1577092273766,
 11.851831,1577092274766,
 11.7780285,1577092275760,
 11.709296,1577092276770,
 11.698029,1577092277770,
 11.783098,1577092278764,
 11.819155,1577092279762,
 11.837747,1577092280763,
 11.091831,1577092281761,
 9.936901,1577092282766,
 9.776901,1577092283767,
 9.8225355,1577092284764,
 9.861972,1577092285762,
 9.942535,1577092286761,
 10.00338,1577092287762,
 9.868169,1577092288761,
 9.256338,1577092289756,
 8.628733,1577092290758,
 7.872676,1577092291761,
 7.337465,1577092292758,
 6.934648,1577092293752,
 6.2292957,1577092294761,
 5.2450705,1577092295755,
 4.152676,1577092296758,
 3.1678872,1577092297757,
 3.5250704,1577092298758,
 4.136338,1577092299760,
 5.0957747,1577092300761,
 6.198873,1577092301759,
 7.2912674,1577092302757,
 8.254648,1577092303760,
 8.732958,1577092304752,
 8.898028,1577092305752,
 8.532958,1577092306758,
 8.381971,1577092307756,
 8.058592,1577092308752,
 7.3921127,1577092309757,
 6.7960563,1577092310751,
 5.8259153,1577092311750,
 4.647887,1577092312751,
 4.2659154,1577092313753,
 4.0732393,1577092314752,
 4.1464787,1577092315750,
 4.32,1577092316755,
 4.312676,1577092317754,
 4.584789,1577092318757,
 4.8276057,1577092319749,
 4.3340845,1577092320748,
 4.382535,1577092321753,
 4.249014,1577092322750,
 4.954366,1577092323751,
 6.044507,1577092324757,
 5.929014,1577092325754,
 4.6653523,1577092326754,
 3.1194365,1577092327752,
 1.2123944,1577092328748,
 0.009014085,1577092329739,
 0.006197183,1577092330745,
 0.014647887,1577092331744,
 0.0011267606,1577092332742,
 0.0016901408,1577092333736,
 0.008450705,1577092334742,
 0.012394366,1577092335739,
 0.0050704223,1577092336744,
 0.015211267,1577092337739,
 0.01915493,1577092338738,
 0.0056338026,1577092339737,
 0.014084507,1577092340742,
 0.011830986,1577092341739,
 0.008450705,1577092342739,
 0.010704225,1577092343742,
 0.009577465,1577092344736,
 0.0028169013,1577092345742,
 0.009577465,1577092346742,
 0.0073239435,1577092347742,
 0.0033802816,1577092348742,
 0.028732395,1577092349744,
 0.0022535212,1577092350739,
 0.0067605632,1577092351740,
 0.009577465,1577092352742,
 0.009014085,1577092353745,
 0.0045070425,1577092354742,
 0.008450705,1577092355738,
 0.007887324,1577092356744,
 0.0016901408,1577092357742,
 0.0022535212,1577092358744,
 0.006197183,1577092359745,
 0.009577465,1577092360744,
 0.0073239435,1577092361739,
 0.0050704223,1577092362735,
 0.0045070425,1577092363743,
 0.0028169013,1577092364740,
 0.009577465,1577092365739,
 0.009577465,1577092366748,
 0.011267605,1577092367740,
 0.0033802816,1577092368741,
 0.0022535212,1577092369739,
 0.0033802816,1577092370737,
 0.012957746,1577092371740,
 0.0050704223,1577092372741,
 0.0045070425,1577092373738,
 0.0045070425,1577092374740,
 0.007887324,1577092375740,
 0.0028169013,1577092376743,
 0.012394366,1577092377741,
 0.0016901408,1577092378743,
 0.009014085,1577092379741,
 0.008450705,1577092380740,
 0.014647887,1577092381742,
 0.0016901408,1577092382743,
 0.012394366,1577092383745,
 0.007887324,1577092384739,
 0.011267605,1577092385740,
 0.011267605,1577092386745,
 0.0135211265,1577092387743,
 0.0045070425,1577092388741,
 0.012957746,1577092389743,
 0.0028169013,1577092390750,
 0.0056338026,1577092391740,
 0.0073239435,1577092392740,
 0.006197183,1577092393741,
 0.0050704223,1577092394741,
 0.0135211265,1577092395740,
 0.0045070425,1577092396745,
 0.0045070425,1577092397742,
 0.0022535212,1577092398748,
 0.0045070425,1577092399741,
 0.0073239435,1577092400745,
 0.008450705,1577092401742,
 0.010704225,1577092402736,
 0.025352113,1577092403742,
 0.006197183,1577092404742,
 0.007887324,1577092405743,
 0.0016901408,1577092406748,
 0.003943662,1577092407748,
 0.009014085,1577092408745,
 0.008450705,1577092409745,
 0.009014085,1577092410743,
 0.0067605632,1577092411743,
 0.012957746,1577092412742,
 0.010140845,1577092413740,
 0.007887324,1577092414745,
 0.012957746,1577092415748,
 0.0067605632,1577092416746,
 0.3949296,1577092417748,
 2.3312676,1577092418745,
 3.3278873,1577092419744,
 4.2242255,1577092420748,
 5.1532393,1577092421741,
 6.0557747,1577092422740,
 6.949859,1577092423746,
 7.4180284,1577092424737,
 7.5678873,1577092425747,
 7.1030984,1577092426753,
 7.900282,1577092427756,
 7.766197,1577092428752,
 8.307606,1577092429756,
 8.243381,1577092430759,
 8.028169,1577092431752,
 7.831549,1577092432756,
 7.3983097,1577092433755,
 6.976338,1577092434755,
 6.4839435,1577092435754,
 5.9667606,1577092436751,
 5.71831,1577092437750,
 6.256338,1577092438749,
 6.7132397,1577092439752,
 7.1070423,1577092440752,
 7.613521,1577092441753,
 7.989296,1577092442746,
 8.527887,1577092443754,
 9.041127,1577092444754,
 9.418028,1577092445755,
 9.753803,1577092446753,
 9.542535,1577092447754,
 9.220282,1577092448754,
 8.892958,1577092449746,
 8.225916,1577092450750,
 7.2185917,1577092451745,
 6.782535,1577092452749,
 6.4726763,1577092453745,
 5.900282,1577092454751,
 6.326197,1577092455747,
 6.6456337,1577092456751,
 6.7014084,1577092457749,
 7.039437,1577092458744,
 7.4839435,1577092459744,
 7.643944,1577092460740,
 7.651831,1577092461744,
 7.4005632,1577092462748,
 7.338028,1577092463750,
 7.380282,1577092464747,
 7.0749297,1577092465749,
 6.761127,1577092466753,
 6.4732394,1577092467746,
 5.68338,1577092468747,
 5.0940847,1577092469752,
 4.4642253,1577092470753,
 4.4197183,1577092471747,
 4.6512675,1577092472752,
 5.526197,1577092473753,
 6.773521,1577092474756,
 7.950986,1577092475752,
 8.536901,1577092476750,
 8.381971,1577092477745,
 8.403944,1577092478746,
 8.372958,1577092479750,
 8.304789,1577092480756,
 8.271549,1577092481755,
 8.340845,1577092482745,
 8.149859,1577092483758,
 8.04845,1577092484750,
 7.8692956,1577092485751,
 7.6969013,1577092486757,
 7.306479,1577092487747,
 6.7977467,1577092488749,
 6.415775,1577092489745,
 6.209014,1577092490751,
 6.0687323,1577092491754,
 5.589296,1577092492753,
 5.4619718,1577092493748,
 5.5757747,1577092494745,
 5.8692956,1577092495745,
 6.0777464,1577092496745,
 6.4,1577092497744,
 7.044507,1577092498747,
 7.543662,1577092499746,
 7.733521,1577092500742,
 7.8478875,1577092501747,
 7.9030986,1577092502746,
 8.0,1577092503751,
 8.042817,1577092504754,
 7.926197,1577092505750,
 7.1076055,1577092506750,
 6.463662,1577092507751,
 5.8597183,1577092508744,
 6.0940847,1577092509747,
 6.618592,1577092510756,
 6.805634,1577092511743,
 6.930141,1577092512745,
 7.4478874,1577092513745,
 7.486197,1577092514745,
 7.464789,1577092515748,
 7.707042,1577092516753,
 8.210704,1577092517752,
 8.812958,1577092518749,
 9.349859,1577092519746,
 9.55662,1577092520740,
 9.410141,1577092521737,
 8.977465,1577092522737,
 7.7830987,1577092523747,
 6.83662,1577092524739,
 6.074366,1577092525736,
 5.27831,1577092526741,
 4.7194366,1577092527745,
 4.4140844,1577092528745,
 4.292958,1577092529739,
 4.2940845,1577092530740,
 4.257465,1577092531741,
 4.24,1577092532742,
 4.4129577,1577092533741,
 4.9059153,1577092534743,
 5.426479,1577092535738,
 5.3030987,1577092536742,
 4.890141,1577092537740,
 4.3735213,1577092538744,
 3.8495774,1577092539750,
 3.44,1577092540743,
 3.04169,1577092541746,
 2.797183,1577092542747,
 3.847324,1577092543748,
 4.92,1577092544750,
 5.4287324,1577092545747,
 5.1532393,1577092546742,
 5.2259154,1577092547745,
 5.5087323,1577092548744,
 6.251831,1577092549745,
 6.162817,1577092550751,
 6.109859,1577092551739,
 6.1977463,1577092552744,
 6.576338,1577092553745,
 7.242817,1577092554743,
 7.9385915,1577092555748,
 8.464788,1577092556745,
 8.467042,1577092557749,
 8.438873,1577092558746,
 8.52338,1577092559751,
 8.48338,1577092560754,
 8.586479,1577092561751,
 8.889014,1577092562743,
 8.917183,1577092563740,
 9.03662,1577092564744,
 9.122253,1577092565746,
 9.235493,1577092566747,
 9.353239,1577092567748,
 9.439437,1577092568742,
 9.573521,1577092569732,
 9.563944,1577092570751,
 9.576338,1577092571747,
 9.756619,1577092572735,
 9.903099,1577092573738,
 10.141972,1577092574750,
 10.2895775,1577092575752,
 10.514366,1577092576755,
 10.575212,1577092577752,
 10.524507,1577092578751,
 10.312676,1577092579750,
 10.165071,1577092580745,
 10.045634,1577092581744,
 9.797747,1577092582745,
 8.510986,1577092583748,
 10.317746,1577092584747,
 10.824225,1577092585740,
 11.407887,1577092586745,
 12.043381,1577092587750,
 12.363944,1577092588740,
 12.448451,1577092589742,
 12.559437,1577092590748,
 12.694084,1577092591744,
 12.861972,1577092592753,
 12.730704,1577092593750,
 12.034367,1577092594749,
 11.936338,1577092595747,
 12.341971,1577092596749,
 12.224789,1577092597745,
 12.007324,1577092598740,
 11.67662,1577092599747,
 11.467042,1577092600749,
 11.308732,1577092601743,
 11.131831,1577092602739,
 10.929578,1577092603739,
 10.63493,1577092604746,
 10.622535,1577092605744,
 10.415774,1577092606743,
 10.399437,1577092607748,
 10.146479,1577092608743,
 9.989296,1577092609738,
 9.825915,1577092610740,
 9.551549,1577092611740,
 9.058028,1577092612747,
 8.741972,1577092613744,
 8.265916,1577092614746,
 8.007887,1577092615742,
 8.15831,1577092616739,
 8.273239,1577092617738,
 8.32,1577092618747,
 7.7701406,1577092619748,
 7.707606,1577092620738,
 6.634366,1577092621746,
 4.846197,1577092622752,
 3.2557747,1577092623741,
 2.0794365,1577092624749,
 1.6208451,1577092625737,
 1.4371831,1577092626741,
 1.6259155,1577092627738,
 2.4664788,1577092628739,
 3.2349296,1577092629740,
 4.204507,1577092630744,
 4.9678874,1577092631738,
 5.7656336,1577092632741,
 6.625352,1577092633740,
 7.296901,1577092634744,
 7.7059155,1577092635749,
 7.7357745,1577092636750,
 7.48,1577092637750,
 7.2259154,1577092638745,
 6.743662,1577092639746,
 6.315493,1577092640747,
 5.526197,1577092641744,
 4.7988734,1577092642743,
 4.3442254,1577092643744,
 4.148169,1577092644740,
 4.297465,1577092645737,
 4.377465,1577092646740,
 4.4974647,1577092647744,
 4.293521,1577092648739,
 4.1797185,1577092649736,
 3.5859156,1577092650739,
 2.1814084,1577092651741,
 1.0546479,1577092652733,
 0.4630986,1577092653736,
 0.011830986,1577092654730,
 0.034366198,1577092655733,
 0.010704225,1577092656730,
 0.011267605,1577092657727,
 0.012394366,1577092658730,
 0.015774649,1577092659731,
 0.0016901408,1577092660731,
 0.010704225,1577092661733,
 0.010704225,1577092662731,
 0.0056338026,1577092663733,
 0.0067605632,1577092664731,
 0.008450705,1577092665730,
 0.061971832,1577092666731,
 0.3307042,1577092667731,
 0.4856338,1577092668734,
 0.71549296,1577092669734,
 0.78760564,1577092670738,
 0.24450704,1577092671735,
 0.38647887,1577092672738,
 0.6394366,1577092673737,
 1.355493,1577092674736,
 2.2270422,1577092675739,
 3.8028169,1577092676738,
 5.272676,1577092677739,
 5.7160563,1577092678735,
 5.4512677,1577092679739,
 6.1847887,1577092680737,
 7.0411267,1577092681732,
 7.094648,1577092682738,
 6.862535,1577092683747,
 6.8833804,1577092684737,
 6.585352,1577092685738,
 6.52507,1577092686747,
 6.6766195,1577092687741,
 7.1025352,1577092688739,
 7.8045073,1577092689736,
 8.361127,1577092690744,
 8.368451,1577092691743,
 8.533521,1577092692744,
 8.797183,1577092693740,
 9.085634,1577092694739,
 9.010704,1577092695737,
 9.141409,1577092696736,
 9.202817,1577092697744,
 9.566197,1577092698740,
 9.688451,1577092699741,
 9.7104225,1577092700740,
 9.774648,1577092701747,
 9.88,1577092702743,
 10.009578,1577092703748,
 9.908169,1577092704740,
 9.60169,1577092705747,
 9.537465,1577092706746,
 9.538591,1577092707741,
 9.457465,1577092708749,
 9.263662,1577092709750,
 9.1205635,1577092710748,
 9.039436,1577092711747,
 8.876619,1577092712743,
 8.08169,1577092713744,
 6.884507,1577092714745,
 5.724507,1577092715742,
 4.9194365,1577092716742,
 4.441127,1577092717742,
 4.291831,1577092718744,
 5.055211,1577092719746,
 4.9628167,1577092720745,
 3.7859154,1577092721738,
 3.063662,1577092722739,
 2.8856337,1577092723743,
 4.3402815,1577092724743,
 5.8591547,1577092725740,
 7.122817,1577092726746,
 8.020282,1577092727751,
 8.956057,1577092728739,
 9.864225,1577092729754,
 10.635493,1577092730747,
 11.147606,1577092731763,
 11.589295,1577092732760,
 12.043381,1577092733746,
 12.522817,1577092734747,
 12.44338,1577092735750,
 11.825915,1577092736746,
 10.743662,1577092737756,
 9.680563,1577092738745,
 8.943662,1577092739744,
 8.375774,1577092740757,
 8.27493,1577092741760,
 8.31493,1577092742757,
 8.539719,1577092743747,
 8.67493,1577092744755,
 8.455212,1577092745750,
 8.431549,1577092746745,
 8.499719,1577092747754,
 8.589859,1577092748754,
 8.606761,1577092749745,
 8.736901,1577092750757,
 9.100282,1577092751750,
 9.36,1577092752750,
 9.3909855,1577092753760,
 9.563944,1577092754743,
 9.820845,1577092755744,
 10.060845,1577092756751,
 10.064225,1577092757753,
 9.838873,1577092758758,
 9.602817,1577092759754,
 9.408451,1577092760760,
 9.209014,1577092761756,
 8.978028,1577092762758,
 8.511549,1577092763751,
 8.384225,1577092764754,
 8.361127,1577092765758,
 7.3605633,1577092766754,
 6.4715495,1577092767755,
 6.0861974,1577092768756,
 6.5825353,1577092769745,
 6.611831,1577092770744,
 6.6523943,1577092771756,
 6.797183,1577092772764,
 7.0360565,1577092773770,
 7.296901,1577092774751,
 7.602817,1577092775770,
 7.8259153,1577092776762,
 8.009014,1577092777763,
 8.096338,1577092778751,
 7.724507,1577092779772,
 7.5312676,1577092780769,
 7.463662,1577092781771,
 7.4783096,1577092782763,
 7.766197,1577092783769,
 7.924507,1577092784763,
 8.006197,1577092785751,
 8.04,1577092786763,
 8.12,1577092787763,
 8.247324,1577092788763,
 8.580845,1577092789769,
 8.893521,1577092790767,
 9.031549,1577092791762,
 9.132395,1577092792763,
 9.148732,1577092793769,
 8.798873,1577092794771,
 8.517183,1577092795772,
 8.169014,1577092796769,
 8.344225,1577092797758,
 8.6828165,1577092798768,
 8.575774,1577092799769,
 8.847887,1577092800762,
 9.0,1577092801772,
 9.073239,1577092802757,
 8.827043,1577092803770,
 8.83155,1577092804771,
 8.863662,1577092805770,
 8.981408,1577092806763,
 8.815211,1577092807769,
 8.220282,1577092808779,
 7.423662,1577092809768,
 6.635493,1577092810763,
 5.6653523,1577092811772,
 4.565634,1577092812771,
 3.6664789,1577092813773,
 2.6343663,1577092814771,
 1.7301408,1577092815771,
 1.2495775,1577092816781,
 1.4957746,1577092817781,
 2.1785915,1577092818776,
 3.113803,1577092819788,
 4.220845,1577092820787,
 5.171831,1577092821787,
 6.198873,1577092822797,
 7.158873,1577092823782,
 7.7949295,1577092824781,
 8.381971,1577092825776,
 9.00169,1577092826775,
 9.449014,1577092827781,
 9.474366,1577092828788,
 9.4692955,1577092829792,
 9.582535,1577092830782,
 9.535212,1577092831743,
 9.574648,1577092832740,
 9.325634,1577092833789,
 9.006761,1577092834742,
 8.549295,1577092835781,
 8.064225,1577092836781,
 7.658028,1577092837743,
 7.1566195,1577092838741,
 6.9566197,1577092839787,
 6.5566196,1577092840782,
 5.802817,1577092841787,
 4.464789,1577092842787,
 3.491831,1577092843781,
 2.5357747,1577092844747,
 1.4867606,1577092845745,
 1.0523944,1577092846781,
 1.0743662,1577092847776,
 1.2416902,1577092848749,
 1.219155,1577092849745,
 1.3509859,1577092850746,
 1.2580281,1577092851746,
 1.3977464,1577092852775,
 0.73239434,1577092853775,
 0.46366197,1577092854749,
 0.25295776,1577092855750,
 0.45070422,1577092856741,
 0.73577464,1577092857746,
 1.0146478,1577092858781,
 1.2957747,1577092859745,
 1.8845071,1577092860745,
 2.607324,1577092861744,
 3.192676,1577092862743,
 3.9042253,1577092863742,
 4.178028,1577092864744,
 4.36,1577092865739,
 4.612958,1577092866743,
 4.5459156,1577092867739,
 4.657465,1577092868744,
 5.198873,1577092869738,
 5.900282,1577092870745,
 6.1295776,1577092871741,
 6.585352,1577092872746,
 7.32,1577092873741,
 7.80169,1577092874739,
 8.103099,1577092875743,
 8.204507,1577092876747,
 7.370141,1577092877743,
 6.4569016,1577092878739,
 5.1611266,1577092879739,
 4.4478874,1577092880741,
 4.3504224,1577092881738,
 3.7560563,1577092882740,
 3.1430986,1577092883741,
 2.7402816,1577092884739,
 2.3667605,1577092885736,
 2.6377466,1577092886743,
 2.9233804,1577092887739,
 3.0428169,1577092888739,
 2.0749295,1577092889742,
 1.150986,1577092890744,
 0.7566197,1577092891742,
 0.9707042,1577092892740,
 0.4084507,1577092893741,
 0.7560563,1577092894742,
 1.1971831,1577092895739,
 1.771831,1577092896735,
 2.7329578,1577092897740,
 2.9312675,1577092898736,
 3.1188734,1577092899738,
 3.165634,1577092900739,
 3.5859156,1577092901734,
 3.6270423,1577092902739,
 3.740845,1577092903742,
 4.092958,1577092904738,
 4.352676,1577092905733,
 4.694648,1577092906738,
 5.1064787,1577092907734,
 5.4535213,1577092908735,
 5.658028,1577092909738,
 4.5340843,1577092910738,
 3.9402816,1577092911738,
 3.3188732,1577092912742,
 2.7538028,1577092913740,
 2.4664788,1577092914729,
 2.1329577,1577092915736,
 2.5430987,1577092916737,
 3.0011268,1577092917738,
 3.126197,1577092918738,
 2.8952112,1577092919738,
 2.6050704,1577092920740,
 2.4197183,1577092921744,
 2.1498592,1577092922745,
 1.9143662,1577092923749,
 1.7825352,1577092924745,
 2.094648,1577092925739,
 2.1323943,1577092926742,
 2.5002816,1577092927737,
 2.6676056,1577092928739,
 2.543662,1577092929738,
 2.9369013,1577092930736,
 3.413521,1577092931735,
 3.771831,1577092932734,
 3.576338,1577092933734,
 3.2,1577092934728,
 2.7312677,1577092935730,
 1.7633803,1577092936724,
 1.3447888,1577092937728,
 1.4957746,1577092938733,
 1.3295774,1577092939730,
 1.1983099,1577092940733,
 1.4101409,1577092941731,
 1.6642253,1577092942732,
 2.1346478,1577092943728,
 2.6850705,1577092944735,
 3.450141,1577092945729,
 4.455775,1577092946739,
 4.569014,1577092947735,
 4.9369016,1577092948741,
 5.087324,1577092949739,
 5.0484505,1577092950736,
 4.7560563,1577092951741,
 4.568451,1577092952738,
 4.4383097,1577092953735,
 4.4129577,1577092954736,
 4.6642256,1577092955735,
 4.6602817,1577092956734,
 4.4974647,1577092957735,
 4.5019717,1577092958731,
 4.569014,1577092959735,
 4.5374646,1577092960733,
 4.48507,1577092961733,
 4.455775,1577092962731,
 4.1115494,1577092963735,
 3.905352,1577092964730,
 4.0225353,1577092965723,
 3.6760564,1577092966732,
 3.051831,1577092967730,
 2.8619719,1577092968731,
 2.5121126,1577092969732,
 2.1188734,1577092970731,
 2.2061973,1577092971732,
 1.4907042,1577092972731,
 1.2028168,1577092973735,
 1.2129577,1577092974735,
 1.2946479,1577092975731,
 1.7307042,1577092976732,
 2.3633802,1577092977735,
 3.339155,1577092978735,
 4.420845,1577092979733,
 5.4467607,1577092980732,
 6.4467607,1577092981732,
 6.836056,1577092982739,
 7.128451,1577092983733,
 6.884507,1577092984740,
 6.5515494,1577092985736,
 6.431549,1577092986732,
 6.850704,1577092987728,
 7.2185917,1577092988729,
 7.155493,1577092989728,
 6.7498593,1577092990732,
 6.4338026,1577092991726,
 6.162817,1577092992731,
 5.530704,1577092993730,
 4.891268,1577092994728,
 4.4140844,1577092995732,
 4.0760565,1577092996738,
 3.7160563,1577092997735,
 3.2450705,1577092998733,
 3.0467606,1577092999733,
 3.1932395,1577093000737,
 3.665352,1577093001733,
 3.7966197,1577093002740,
 4.0895777,1577093003738,
 3.940845,1577093004735,
 3.8439436,1577093005733,
 4.00169,1577093006739,
 4.312676,1577093007741,
 4.618592,1577093008745,
 4.8338027,1577093009740,
 5.2749295,1577093010735,
 6.0715494,1577093011733,
 6.7430987,1577093012735,
 7.4259157,1577093013733,
 7.6861973,1577093014729,
 7.7549295,1577093015734,
 7.855775,1577093016730,
 7.68,1577093017727,
 7.3847885,1577093018734,
 7.168451,1577093019734,
 6.9712677,1577093020737,
 6.7447886,1577093021732,
 6.338028,1577093022730,
 5.5966196,1577093023724,
 4.961127,1577093024732,
 4.480563,1577093025726,
 3.9143662,1577093026732,
 3.5532393,1577093027734,
 3.2985916,1577093028737,
 3.0377464,1577093029739,
 2.737465,1577093030737,
 2.0721126,1577093031737,
 1.6484507,1577093032737,
 1.2704226,1577093033738,
 1.3329577,1577093034732,
 1.7583098,1577093035735,
 0.29239437,1577093036736,
 0.011267605,1577093037730,
 0.009577465,1577093038733,
 0.012394366,1577093039729,
 0.08169014,1577093040729,
 0.6692958,1577093041729,
 1.2540845,1577093042733,
 1.9267606,1577093043731,
 2.7887323,1577093044735,
 4.0185914,1577093045729,
 5.0433803,1577093046735,
 6.181972,1577093047735,
 7.0157747,1577093048729,
 7.485634,1577093049730,
 8.010704,1577093050735,
 8.412395,1577093051735,
 8.527324,1577093052726,
 8.587605,1577093053735,
 9.047324,1577093054728,
 9.199436,1577093055732,
 9.229296,1577093056738,
 9.294648,1577093057734,
 9.40507,1577093058739,
 9.309296,1577093059736,
 9.131831,1577093060734,
 9.391549,1577093061735,
 9.496338,1577093062735,
 9.587042,1577093063728,
 9.599437,1577093064737,
 9.72507,1577093065734,
 9.696901,1577093066738,
 9.8456335,1577093067732,
 10.100282,1577093068733,
 10.304789,1577093069728,
 10.634366,1577093070732,
 10.926197,1577093071728,
 11.0360565,1577093072734,
 11.197183,1577093073731,
 11.55831,1577093074719,
 11.602817,1577093075737,
 10.815211,1577093076732,
 10.210141,1577093077726,
 9.7104225,1577093078732,
 9.23662,1577093079727,
 8.956619,1577093080733,
 8.594366,1577093081727,
 8.56,1577093082731,
 8.766197,1577093083730,
 9.587042,1577093084731,
 9.723944,1577093085728,
 9.793803,1577093086732,
 9.841126,1577093087729,
 9.786479,1577093088729,
 9.349296,1577093089727,
 8.781972,1577093090725,
 8.258028,1577093091725,
 7.802817,1577093092728,
 6.5859156,1577093093740,
 6.0214086,1577093094736,
 5.9177465,1577093095732,
 6.4676056,1577093096733,
 6.950423,1577093097739,
 7.2467604,1577093098737,
 7.481127,1577093099730,
 7.712113,1577093100727,
 7.4450703,1577093101729,
 7.2467604,1577093102733,
 7.327324,1577093103730,
 7.5819716,1577093104738,
 7.68169,1577093105730,
 7.8732395,1577093106734,
 8.068732,1577093107727,
 8.235493,1577093108730,
 8.011268,1577093109734,
 7.8343663,1577093110738,
 8.01014,1577093111734,
 8.340845,1577093112736,
 8.570704,1577093113733,
 8.584226,1577093114732,
 8.375774,1577093115738,
 8.227042,1577093116739,
 8.005071,1577093117738,
 7.7988734,1577093118734,
 7.6653523,1577093119732,
 7.712676,1577093120737,
 7.6822534,1577093121727,
 7.650141,1577093122738,
 7.7447886,1577093123736,
 7.983662,1577093124741,
 8.147042,1577093125739,
 8.354366,1577093126741,
 8.574084,1577093127738,
 8.682254,1577093128740,
 8.239436,1577093129738,
 7.7312675,1577093130736,
 7.3205633,1577093131735,
 7.0377464,1577093132730,
 6.6411266,1577093133738,
 6.27831,1577093134739,
 5.7092957,1577093135731,
 5.4067607,1577093136734,
 5.2422533,1577093137733,
 4.9442253,1577093138738,
 4.8540845,1577093139740,
 5.072676,1577093140740,
 5.1802816,1577093141737,
 4.7357745,1577093142739,
 4.0850706,1577093143732,
 3.4856339,1577093144736,
 2.950986,1577093145735,
 2.4715493,1577093146736,
 2.4839437,1577093147737,
 2.0997183,1577093148733,
 1.7983098,1577093149734,
 1.8011267,1577093150732,
 2.019155,1577093151731,
 1.7977464,1577093152735,
 1.9267606,1577093153729,
 1.8822535,1577093154725,
 1.5357746,1577093155730,
 2.0197184,1577093156728,
 1.6214085,1577093157722,
 1.1560563,1577093158734,
 0.38816902,1577093159726,
 0.28450704,1577093160728,
 0.05802817,1577093161723,
 0.06760564,1577093162732,
 0.2,1577093163728,
 1.1921127,1577093164732,
 0.86309856,1577093165725,
 0.8191549,1577093166729,
 1.195493,1577093167732,
 0.5673239,1577093168724,
 0.052957747,1577093169725,
 0.08845071,1577093170731,
 0.17690141,1577093171724,
 0.014647887,1577093172723,
 0.046197183,1577093173727,
 0.06422535,1577093174725,
