 0.0050704223,1577067352424,
 0.003943662,1577067353202,
 0.01802817,1577067354158,
 0.009014085,1577067355203,
 0.014084507,1577067356285,
 0.010704225,1577067357138,
 0.027605634,1577067358136,
 0.011830986,1577067359138,
 0.028169014,1577067360139,
 0.009577465,1577067361129,
 0.014647887,1577067362127,
 0.007887324,1577067363124,
 0.028732395,1577067364124,
 0.028169014,1577067365127,
 0.44676057,1577067366135,
 1.0850704,1577067367135,
 1.654648,1577067368133,
 2.0501409,1577067369132,
 2.1222534,1577067370136,
 2.5104225,1577067371138,
 2.7430985,1577067372135,
 2.8377464,1577067373143,
 2.7177465,1577067374139,
 2.7419717,1577067375138,
 2.856338,1577067376140,
 3.054648,1577067377135,
 3.5380282,1577067378135,
 3.7678874,1577067379135,
 3.3622534,1577067380135,
 3.254648,1577067381134,
 3.0501409,1577067382137,
 2.983662,1577067383130,
 2.9267607,1577067384135,
 2.8749297,1577067385133,
 2.7988732,1577067386143,
 2.8461971,1577067387143,
 2.87831,1577067388147,
 2.9988732,1577067389261,
 2.9402816,1577067390141,
 3.155493,1577067391144,
 3.0828168,1577067392139,
 3.0822535,1577067393145,
 3.0478873,1577067394138,
 3.115493,1577067395135,
 3.1419718,1577067396135,
 3.0907042,1577067397137,
 3.3830986,1577067398141,
 3.7712677,1577067399137,
 3.9571831,1577067400140,
 3.9430985,1577067401135,
 3.8692958,1577067402136,
 3.8478873,1577067403141,
 3.04169,1577067404137,
 2.5870423,1577067405132,
 0.049014084,1577067406129,
 0.12,1577067407136,
 0.62591547,1577067408141,
 0.91605633,1577067409138,
 1.1318309,1577067410135,
 0.66366196,1577067411135,
 0.68676054,1577067412144,
 1.0377464,1577067413144,
 1.216338,1577067414152,
 1.4569014,1577067415144,
 1.7121127,1577067416142,
 2.063662,1577067417136,
 2.4738028,1577067418144,
 2.7278874,1577067419142,
 2.9194367,1577067420145,
 3.350986,1577067421143,
 3.7515492,1577067422136,
 3.8659155,1577067423130,
 3.8833802,1577067424137,
 3.884507,1577067425138,
 3.828169,1577067426141,
 3.8174648,1577067427144,
 3.8630986,1577067428138,
 3.9447887,1577067429138,
 4.004507,1577067430134,
 3.517183,1577067431136,
 3.6242254,1577067432144,
 3.5538027,1577067433150,
 3.5577464,1577067434143,
 3.6749296,1577067435153,
 3.7470422,1577067436149,
 3.724507,1577067437148,
 3.7825353,1577067438148,
 3.9059155,1577067439148,
 4.051831,1577067440146,
 4.131831,1577067441149,
 4.28169,1577067442145,
 4.410141,1577067443141,
 4.530704,1577067444143,
 4.5707045,1577067445144,
 4.549859,1577067446149,
 4.5729575,1577067447146,
 4.5487323,1577067448143,
 4.485634,1577067449140,
 4.491831,1577067450141,
 4.490704,1577067451141,
 4.52,1577067452138,
 4.494648,1577067453135,
 4.5960565,1577067454145,
 4.6247888,1577067455145,
 4.7307043,1577067456142,
 4.841127,1577067457147,
 4.969014,1577067458146,
 5.0715494,1577067459143,
 5.109296,1577067460142,
 5.1340847,1577067461145,
 5.1211267,1577067462142,
 5.1712675,1577067463138,
 5.0974646,1577067464142,
 5.016338,1577067465141,
 4.5076056,1577067466148,
 4.2952113,1577067467146,
 4.0569015,1577067468145,
 3.8039436,1577067469147,
 4.113803,1577067470141,
 3.460845,1577067471145,
 3.099155,1577067472141,
 3.4405634,1577067473137,
 3.3188732,1577067474132,
 2.4174647,1577067475137,
 1.7391549,1577067476145,
 1.7988732,1577067477141,
 1.8090141,1577067478140,
 0.8602817,1577067479143,
 0.0067605632,1577067480133,
 0.0073239435,1577067481126,
 0.0011267606,1577067482129,
 0.02028169,1577067483128,
 0.017464789,1577067484128,
 0.01971831,1577067485127,
 0.014647887,1577067486128,
 0.0050704223,1577067487133,
 0.02140845,1577067488128,
 0.0073239435,1577067489127,
 0.015774649,1577067490133,
 0.01859155,1577067491131,
 0.0073239435,1577067492125,
 0.006197183,1577067493131,
 0.021971831,1577067494126,
 0.0056338026,1577067495131,
 0.01859155,1577067496130,
 0.017464789,1577067497129,
 0.028169014,1577067498131,
 0.007887324,1577067499129,
 0.01859155,1577067500130,
 0.003943662,1577067501127,
 0.028732395,1577067502129,
 0.008450705,1577067503126,
 0.01690141,1577067504127,
 0.01802817,1577067505126,
 0.01971831,1577067506126,
 0.4630986,1577067507133,
 1.2011268,1577067508135,
 1.8129578,1577067509134,
 2.303662,1577067510136,
 2.6749296,1577067511138,
 3.2016902,1577067512137,
 3.579155,1577067513136,
 3.9859154,1577067514134,
 4.3504224,1577067515137,
 4.375775,1577067516139,
 4.3160563,1577067517139,
 4.242817,1577067518135,
 4.1307044,1577067519133,
 4.084507,1577067520135,
 3.9504225,1577067521130,
 3.6371832,1577067522134,
 3.2056339,1577067523139,
 2.9605634,1577067524137,
 2.8185916,1577067525136,
 2.8022535,1577067526136,
 2.9622536,1577067527135,
 3.1566198,1577067528133,
 3.2721126,1577067529137,
 3.477183,1577067530135,
 4.039437,1577067531138,
 4.4957747,1577067532130,
 4.894648,1577067533133,
 5.029296,1577067534134,
 4.835493,1577067535133,
 4.5425353,1577067536137,
 4.287887,1577067537136,
 4.0540843,1577067538136,
 3.7915492,1577067539136,
 3.4692957,1577067540139,
 3.2095776,1577067541132,
 2.899155,1577067542133,
 2.613521,1577067543129,
 2.3859155,1577067544127,
 2.2647886,1577067545127,
 1.952676,1577067546134,
 1.8901409,1577067547137,
 2.0957747,1577067548132,
 2.2377465,1577067549129,
 2.1938028,1577067550125,
 2.2614086,1577067551133,
 3.1397183,1577067552133,
 3.853521,1577067553137,
 4.104789,1577067554136,
 5.1921124,1577067555134,
 6.490141,1577067556137,
 6.9047885,1577067557136,
 6.9087324,1577067558138,
 6.87662,1577067559131,
 6.9583097,1577067560140,
 6.969014,1577067561133,
 7.171831,1577067562138,
 7.3076057,1577067563139,
 7.536338,1577067564131,
 7.691831,1577067565137,
 7.903662,1577067566134,
 8.2050705,1577067567136,
 8.665352,1577067568130,
 8.5814085,1577067569131,
 8.420281,1577067570131,
 8.035493,1577067571133,
 7.6861973,1577067572130,
 7.4033804,1577067573135,
 7.4529576,1577067574132,
 7.343662,1577067575135,
 7.2777467,1577067576135,
 7.4878874,1577067577139,
 8.239436,1577067578135,
 8.291267,1577067579135,
 8.187042,1577067580139,
 7.9740844,1577067581138,
 7.7560563,1577067582140,
 7.884507,1577067583138,
 7.8647885,1577067584134,
 7.832676,1577067585135,
 7.675493,1577067586134,
 7.6777463,1577067587139,
 7.8185916,1577067588143,
 7.989859,1577067589139,
 8.157183,1577067590130,
 8.279437,1577067591135,
 8.414084,1577067592147,
 8.656338,1577067593144,
 8.796057,1577067594145,
 8.500845,1577067595148,
 8.317746,1577067596139,
 8.193803,1577067597136,
 7.736338,1577067598135,
 7.764507,1577067599143,
 7.895775,1577067600145,
 7.6123943,1577067601139,
 7.4867606,1577067602142,
 7.2749295,1577067603140,
 6.891268,1577067604143,
 6.654648,1577067605149,
 6.875493,1577067606144,
 6.926197,1577067607154,
 6.6760564,1577067608142,
 6.6016903,1577067609139,
 6.431549,1577067610139,
 6.466479,1577067611137,
 6.5532393,1577067612139,
 6.55831,1577067613155,
 6.544225,1577067614141,
 6.4450703,1577067615141,
 6.2197185,1577067616140,
 5.074366,1577067617141,
 4.553803,1577067618144,
 3.9419718,1577067619137,
 3.4642253,1577067620142,
 3.1346478,1577067621140,
 3.5892959,1577067622139,
 4.3340845,1577067623136,
 5.132958,1577067624139,
 5.842817,1577067625139,
 6.7154927,1577067626145,
 6.6957746,1577067627145,
 6.4766197,1577067628143,
 6.272676,1577067629148,
 6.1076055,1577067630147,
 6.2230988,1577067631144,
 6.252958,1577067632142,
 6.6777463,1577067633141,
 7.1414084,1577067634146,
 7.515493,1577067635142,
 7.4676056,1577067636146,
 7.173521,1577067637137,
 6.687324,1577067638140,
 6.336901,1577067639140,
 5.593803,1577067640138,
 5.020845,1577067641136,
 5.2242255,1577067642147,
 4.850704,1577067643147,
 3.8304226,1577067644150,
 3.2219718,1577067645149,
 3.0304224,1577067646146,
 4.2630987,1577067647139,
 6.3047886,1577067648138,
 7.8343663,1577067649143,
 8.156056,1577067650149,
 8.141409,1577067651140,
 8.4016905,1577067652134,
 9.045071,1577067653142,
 8.670423,1577067654140,
 8.123381,1577067655142,
 7.6997185,1577067656143,
 7.2839437,1577067657145,
 7.090141,1577067658148,
 6.484507,1577067659143,
 5.643944,1577067660142,
 4.8850703,1577067661136,
 4.678873,1577067662137,
 4.2253523,1577067663138,
 5.9425354,1577067664138,
 6.321127,1577067665135,
 6.4614086,1577067666137,
 6.311549,1577067667137,
 6.1661973,1577067668136,
 6.3385916,1577067669140,
 5.7385917,1577067670138,
 5.3430986,1577067671143,
 5.3994365,1577067672141,
 5.2230988,1577067673137,
 5.214648,1577067674133,
 5.68,1577067675128,
 5.816901,1577067676128,
 5.59831,1577067677128,
 5.5233803,1577067678132,
 5.4394364,1577067679135,
 5.124507,1577067680141,
 4.7453523,1577067681133,
 4.668732,1577067682135,
 4.604507,1577067683134,
 3.9346478,1577067684140,
 3.2659154,1577067685147,
 2.952676,1577067686142,
 2.930704,1577067687143,
 4.415211,1577067688135,
 4.625352,1577067689135,
 4.0850706,1577067690135,
 3.4822536,1577067691138,
 3.069296,1577067692134,
 2.6405635,1577067693135,
 1.9121127,1577067694134,
 1.451831,1577067695134,
 1.3492957,1577067696134,
 1.8901409,1577067697134,
 2.8349295,1577067698134,
 3.7030985,1577067699130,
 4.343662,1577067700132,
 4.3740845,1577067701132,
 4.4794364,1577067702137,
 4.871549,1577067703142,
 5.118873,1577067704139,
 5.5757747,1577067705137,
 6.208451,1577067706135,
 6.8484507,1577067707136,
 7.5025353,1577067708136,
 7.9092956,1577067709136,
 8.04,1577067710126,
 8.220282,1577067711134,
 8.443944,1577067712137,
 8.6321125,1577067713138,
 8.75493,1577067714139,
 8.167888,1577067715143,
 7.4569016,1577067716145,
 7.020845,1577067717138,
 6.7943664,1577067718140,
 6.7132397,1577067719141,
 6.622535,1577067720148,
 6.475493,1577067721142,
 6.5549297,1577067722140,
 6.7594366,1577067723138,
 7.187042,1577067724137,
 7.7498593,1577067725136,
 8.299155,1577067726137,
 8.83155,1577067727135,
 9.234366,1577067728129,
 9.020845,1577067729136,
 8.788733,1577067730135,
 8.569577,1577067731137,
 8.343099,1577067732140,
 8.137465,1577067733140,
 8.207888,1577067734142,
 8.305352,1577067735137,
 8.392113,1577067736144,
 8.505916,1577067737137,
 8.590986,1577067738138,
 8.717183,1577067739131,
 8.815211,1577067740141,
 8.9132395,1577067741136,
 8.967324,1577067742138,
 8.952113,1577067743138,
 8.688451,1577067744140,
 8.816901,1577067745141,
 9.086197,1577067746135,
 9.310423,1577067747137,
 9.628733,1577067748140,
 9.820282,1577067749143,
 9.959436,1577067750136,
 9.933521,1577067751134,
 9.87155,1577067752133,
 9.806197,1577067753136,
 9.735211,1577067754141,
 9.737465,1577067755143,
 9.648451,1577067756145,
 9.592113,1577067757140,
 9.555493,1577067758141,
 9.521127,1577067759138,
 9.486197,1577067760136,
 9.562817,1577067761137,
 9.540281,1577067762142,
 9.602817,1577067763135,
 9.63324,1577067764135,
 9.676056,1577067765134,
 9.689577,1577067766133,
 9.757747,1577067767136,
 9.784789,1577067768130,
 9.785915,1577067769137,
 9.795493,1577067770137,
 9.878873,1577067771137,
 9.96,1577067772136,
 10.068169,1577067773135,
 9.682254,1577067774135,
 8.970704,1577067775137,
 8.48676,1577067776139,
 7.9374647,1577067777141,
 7.863662,1577067778140,
 8.188732,1577067779137,
 8.385916,1577067780148,
 8.19662,1577067781143,
 8.066479,1577067782143,
 8.009578,1577067783142,
 7.9977465,1577067784140,
 8.1543665,1577067785141,
 8.383099,1577067786135,
 8.621408,1577067787141,
 8.890141,1577067788136,
 9.167888,1577067789137,
 9.460845,1577067790133,
 9.686197,1577067791135,
 9.8732395,1577067792137,
 10.04,1577067793138,
 10.145915,1577067794137,
 10.286197,1577067795135,
 10.422535,1577067796134,
 10.578591,1577067797131,
 10.769577,1577067798135,
 10.972394,1577067799134,
 11.169014,1577067800136,
 11.351549,1577067801134,
 11.556056,1577067802135,
 11.759437,1577067803133,
 11.975775,1577067804136,
 12.217464,1577067805139,
 12.322817,1577067806140,
 12.180845,1577067807138,
 12.07662,1577067808136,
 12.037746,1577067809136,
 11.994367,1577067810138,
 11.961126,1577067811141,
 11.876057,1577067812141,
 11.789296,1577067813146,
 11.71493,1577067814147,
 11.59662,1577067815142,
 11.397183,1577067816150,
 11.180282,1577067817149,
 11.029296,1577067818142,
 10.889014,1577067819145,
 10.738029,1577067820141,
 10.580281,1577067821144,
 10.39831,1577067822146,
 10.338592,1577067823143,
 10.646197,1577067824142,
 11.005071,1577067825142,
 11.356056,1577067826133,
 11.67493,1577067827138,
 12.018028,1577067828138,
 12.386478,1577067829140,
 12.75831,1577067830137,
 13.104225,1577067831137,
 13.509295,1577067832138,
 13.567887,1577067833141,
 13.509295,1577067834141,
 13.560563,1577067835138,
 13.620845,1577067836137,
 13.689577,1577067837133,
 13.746479,1577067838139,
 13.743662,1577067839140,
 13.7504225,1577067840151,
 13.741408,1577067841141,
 13.765634,1577067842139,
 13.775775,1577067843136,
 13.481127,1577067844134,
 12.826479,1577067845136,
 12.258592,1577067846139,
 11.959436,1577067847136,
 11.75155,1577067848137,
 11.540281,1577067849143,
 11.504226,1577067850140,
 11.566197,1577067851142,
 11.716056,1577067852145,
 11.8732395,1577067853140,
 12.019155,1577067854139,
 12.170704,1577067855138,
 12.3847885,1577067856142,
 12.6,1577067857141,
 12.619155,1577067858145,
 12.421972,1577067859145,
 12.268732,1577067860147,
 12.178028,1577067861142,
 11.953239,1577067862144,
 11.725634,1577067863145,
 11.7673235,1577067864148,
 11.904225,1577067865148,
 11.91831,1577067866141,
 11.955493,1577067867145,
 11.896901,1577067868142,
 11.80169,1577067869139,
 11.459155,1577067870144,
 10.804507,1577067871144,
 9.718309,1577067872145,
 9.116056,1577067873145,
 8.701408,1577067874145,
 8.338592,1577067875146,
 8.468733,1577067876143,
 8.602817,1577067877137,
 8.773521,1577067878142,
 8.948169,1577067879141,
 9.081127,1577067880143,
 9.223099,1577067881142,
 9.296902,1577067882150,
 8.500845,1577067883146,
 6.8743663,1577067884139,
 4.618028,1577067885139,
 2.922817,1577067886141,
 2.1498592,1577067887141,
 0.40957746,1577067888141,
 0.010140845,1577067889140,
 0.0073239435,1577067890133,
 0.23943663,1577067891140,
 0.64056337,1577067892140,
 1.1690141,1577067893140,
 2.1278872,1577067894146,
 3.43831,1577067895137,
 5.177465,1577067896141,
 6.2552114,1577067897142,
 6.455775,1577067898140,
 5.999437,1577067899141,
 5.9577465,1577067900148,
 7.590986,1577067901143,
 8.908169,1577067902142,
 10.210141,1577067903147,
 10.890704,1577067904144,
 11.073803,1577067905147,
 10.756619,1577067906140,
 10.351549,1577067907142,
 10.065915,1577067908142,
 9.982535,1577067909141,
 9.76,1577067910146,
 9.865352,1577067911143,
 10.135211,1577067912148,
 10.383662,1577067913142,
 10.47662,1577067914144,
 10.550986,1577067915147,
 10.623662,1577067916146,
 10.665352,1577067917139,
 10.615775,1577067918146,
 10.541409,1577067919147,
 10.549295,1577067920148,
 10.462535,1577067921144,
 10.423099,1577067922155,
 10.420281,1577067923149,
 10.463662,1577067924147,
 10.521127,1577067925149,
 10.667042,1577067926145,
 10.780282,1577067927149,
 10.893521,1577067928147,
 10.984789,1577067929145,
 11.07662,1577067930147,
 11.224225,1577067931147,
 11.299155,1577067932145,
 11.40676,1577067933144,
 11.096901,1577067934146,
 10.687324,1577067935139,
 10.291831,1577067936145,
 9.914366,1577067937141,
 9.976901,1577067938138,
 10.295774,1577067939143,
 10.597183,1577067940142,
 10.918873,1577067941145,
 11.207324,1577067942148,
 11.535212,1577067943145,
 11.845071,1577067944144,
 12.189296,1577067945140,
 12.402253,1577067946144,
 11.993803,1577067947149,
 11.48676,1577067948148,
 10.984225,1577067949148,
 10.47324,1577067950146,
 9.980282,1577067951145,
 9.630423,1577067952147,
 9.15831,1577067953144,
 8.734648,1577067954150,
 8.372958,1577067955147,
 8.135775,1577067956145,
 7.910986,1577067957141,
 7.788169,1577067958146,
 7.823662,1577067959148,
 7.9250703,1577067960151,
 8.009014,1577067961148,
 8.093521,1577067962147,
 8.169014,1577067963146,
 8.179718,1577067964139,
 8.149296,1577067965145,
 8.101408,1577067966150,
 8.049578,1577067967146,
 8.012394,1577067968143,
 8.024225,1577067969146,
 8.072113,1577067970146,
 8.352676,1577067971145,
 8.79324,1577067972148,
 8.96,1577067973145,
 8.988732,1577067974146,
 9.162253,1577067975140,
 9.393803,1577067976145,
 9.736901,1577067977145,
 10.089578,1577067978149,
 10.457465,1577067979150,
 10.834929,1577067980146,
 11.2,1577067981145,
 11.507606,1577067982142,
 11.841126,1577067983145,
 12.184789,1577067984147,
 12.526197,1577067985147,
 12.824789,1577067986140,
 13.149296,1577067987145,
 13.343099,1577067988147,
 13.190423,1577067989146,
 12.367324,1577067990149,
 11.529014,1577067991148,
 10.935775,1577067992145,
 10.352676,1577067993140,
 9.926197,1577067994144,
 9.627042,1577067995148,
 9.355493,1577067996149,
 9.097465,1577067997142,
 8.945915,1577067998144,
 8.6597185,1577067999147,
 8.39493,1577068000146,
 8.140282,1577068001146,
 7.994366,1577068002149,
 7.9960566,1577068003145,
 8.034367,1577068004137,
 8.169014,1577068005145,
 8.460845,1577068006145,
 8.458591,1577068007144,
 8.416902,1577068008145,
 8.381409,1577068009145,
 8.263662,1577068010146,
 8.176902,1577068011149,
 8.032113,1577068012143,
 7.790986,1577068013142,
 7.5222535,1577068014144,
 7.218028,1577068015135,
 6.782535,1577068016141,
 6.3836617,1577068017139,
 5.6653523,1577068018138,
 6.049014,1577068019142,
 6.8292956,1577068020142,
 7.3690143,1577068021141,
 7.5870423,1577068022136,
 7.7453523,1577068023137,
 7.7785916,1577068024138,
 7.8721128,1577068025138,
 8.019718,1577068026137,
 8.104789,1577068027137,
 8.144225,1577068028135,
 8.1712675,1577068029135,
 8.053521,1577068030134,
 8.012958,1577068031134,
 8.023662,1577068032137,
 8.023662,1577068033132,
 7.990986,1577068034134,
 7.979155,1577068035137,
 7.9374647,1577068036137,
 8.0591545,1577068037137,
 8.889014,1577068038142,
 10.067042,1577068039142,
 10.984225,1577068040143,
 10.866479,1577068041141,
 10.818028,1577068042134,
 10.909859,1577068043139,
 11.033803,1577068044131,
 11.150422,1577068045136,
 11.285634,1577068046134,
 11.289014,1577068047136,
 11.239436,1577068048139,
 11.11831,1577068049142,
 11.006197,1577068050145,
 10.854648,1577068051142,
 10.724507,1577068052142,
 10.72169,1577068053142,
 10.731831,1577068054140,
 10.823662,1577068055137,
 10.914366,1577068056147,
 10.946479,1577068057144,
 10.916619,1577068058142,
 10.970704,1577068059142,
 11.098028,1577068060141,
 11.307606,1577068061142,
 11.539719,1577068062142,
 11.726197,1577068063143,
 12.014085,1577068064142,
 12.28676,1577068065141,
 12.149859,1577068066138,
 11.954366,1577068067141,
 11.810704,1577068068145,
 11.75324,1577068069145,
 11.835493,1577068070141,
 11.92338,1577068071142,
 12.087888,1577068072142,
 12.185352,1577068073135,
 12.361127,1577068074144,
 12.406198,1577068075144,
 11.765634,1577068076141,
 11.292957,1577068077141,
 11.234366,1577068078141,
 11.215775,1577068079142,
 11.290704,1577068080146,
 11.359437,1577068081142,
 11.443944,1577068082142,
 11.578591,1577068083142,
 11.733521,1577068084135,
 11.544788,1577068085141,
 11.261409,1577068086144,
 10.773521,1577068087140,
 10.254085,1577068088141,
 9.656338,1577068089141,
 9.118874,1577068090140,
 8.858028,1577068091138,
 8.658591,1577068092143,
 8.416902,1577068093140,
 7.993803,1577068094140,
 7.5977464,1577068095136,
 7.2349296,1577068096141,
 6.8890142,1577068097138,
 6.68,1577068098143,
 6.4428167,1577068099144,
 5.747042,1577068100141,
 5.8884506,1577068101140,
 5.652958,1577068102134,
 5.131831,1577068103139,
 5.410704,1577068104143,
 6.861408,1577068105141,
 8.08845,1577068106138,
 8.655775,1577068107143,
 8.642254,1577068108141,
 8.816901,1577068109140,
 9.046761,1577068110144,
 9.304789,1577068111142,
 9.560563,1577068112141,
 9.779155,1577068113136,
 9.941408,1577068114140,
 10.109859,1577068115140,
 10.264225,1577068116143,
 10.3402815,1577068117140,
 10.324507,1577068118140,
 10.293521,1577068119141,
 10.224225,1577068120136,
 10.213521,1577068121141,
 10.201127,1577068122143,
 10.169014,1577068123140,
 10.152676,1577068124134,
 10.173521,1577068125139,
 10.216902,1577068126139,
 10.277184,1577068127140,
 10.424226,1577068128142,
 10.556056,1577068129144,
 10.692394,1577068130140,
 10.823662,1577068131135,
 10.957183,1577068132135,
 10.775775,1577068133140,
 10.609577,1577068134142,
 10.452958,1577068135137,
 10.328451,1577068136139,
 10.251267,1577068137139,
 10.16169,1577068138138,
 10.063099,1577068139142,
 9.966761,1577068140142,
 9.857465,1577068141140,
 9.774648,1577068142133,
 9.778591,1577068143139,
 9.837747,1577068144138,
 9.910422,1577068145139,
 9.96,1577068146141,
 10.068732,1577068147139,
 10.164507,1577068148138,
 10.247888,1577068149136,
 10.380281,1577068150138,
 10.450705,1577068151138,
 10.579155,1577068152140,
 10.821408,1577068153133,
 10.975211,1577068154138,
 10.75831,1577068155138,
 10.438873,1577068156136,
 10.156056,1577068157137,
 9.973521,1577068158141,
 9.962254,1577068159140,
 10.112676,1577068160134,
 10.176902,1577068161138,
 10.00338,1577068162137,
 10.176338,1577068163139,
 10.200563,1577068164136,
 10.1436615,1577068165138,
 10.20169,1577068166137,
 10.276056,1577068167137,
 10.27493,1577068168137,
 10.15831,1577068169137,
 10.006761,1577068170138,
 9.876057,1577068171135,
 9.687887,1577068172135,
 9.522254,1577068173134,
 9.453521,1577068174132,
 9.358873,1577068175132,
 9.415774,1577068176139,
 9.586479,1577068177137,
 9.734084,1577068178134,
 9.8794365,1577068179134,
 10.020845,1577068180132,
 10.165071,1577068181132,
 10.027606,1577068182137,
 9.733521,1577068183138,
 9.594366,1577068184140,
 9.676056,1577068185139,
 9.660845,1577068186136,
 9.508733,1577068187137,
 9.204507,1577068188141,
 8.877747,1577068189138,
 8.569015,1577068190136,
 8.242253,1577068191138,
 8.301409,1577068192136,
 8.32338,1577068193131,
 8.085071,1577068194140,
 7.822535,1577068195136,
 7.67831,1577068196138,
 7.8101406,1577068197134,
 8.029296,1577068198136,
 8.040564,1577068199137,
 7.822535,1577068200139,
 7.740845,1577068201138,
 7.905352,1577068202136,
 8.080564,1577068203138,
 8.19831,1577068204133,
 8.222535,1577068205137,
 8.216902,1577068206139,
 8.162253,1577068207136,
 8.099718,1577068208132,
 8.016338,1577068209135,
 8.48507,1577068210135,
 9.227042,1577068211131,
 9.978592,1577068212138,
 10.492394,1577068213136,
 10.896338,1577068214130,
 11.265352,1577068215131,
 11.430985,1577068216133,
 11.664789,1577068217133,
 11.75831,1577068218131,
 11.8011265,1577068219131,
 11.892958,1577068220128,
 12.085634,1577068221128,
 12.287324,1577068222123,
 12.4354925,1577068223131,
 12.611268,1577068224133,
 12.710986,1577068225137,
 12.583098,1577068226137,
 12.368451,1577068227133,
 12.190986,1577068228134,
 12.054647,1577068229133,
 11.850704,1577068230140,
 11.765634,1577068231140,
 11.88169,1577068232136,
 12.043943,1577068233131,
 12.243943,1577068234135,
 12.432676,1577068235131,
 12.604507,1577068236131,
 12.76,1577068237127,
 12.905352,1577068238126,
 12.877747,1577068239130,
 12.776338,1577068240119,
 12.733521,1577068241128,
 12.530141,1577068242129,
 12.19662,1577068243126,
 11.937465,1577068244126,
 11.858591,1577068245129,
 11.909859,1577068246130,
 11.9577465,1577068247131,
 11.998874,1577068248129,
 12.030422,1577068249130,
 11.870986,1577068250126,
 11.580281,1577068251122,
 11.362817,1577068252128,
 11.152113,1577068253129,
 10.954929,1577068254133,
 10.7780285,1577068255129,
 10.52169,1577068256135,
 10.270986,1577068257135,
 10.189296,1577068258132,
 10.245634,1577068259128,
 10.40338,1577068260134,
 10.570704,1577068261129,
 10.631549,1577068262125,
 10.680563,1577068263126,
 10.573521,1577068264127,
 10.405634,1577068265129,
 10.221409,1577068266127,
 10.043381,1577068267125,
 9.902535,1577068268123,
 9.72507,1577068269125,
 9.602817,1577068270134,
 9.67324,1577068271137,
 9.835493,1577068272136,
 10.015211,1577068273131,
 10.15662,1577068274128,
 10.243381,1577068275130,
 10.349859,1577068276129,
 10.411831,1577068277130,
 10.268732,1577068278134,
 9.999436,1577068279135,
 9.780282,1577068280124,
 9.5030985,1577068281129,
 9.292957,1577068282130,
 9.051268,1577068283131,
 8.907605,1577068284136,
 8.575774,1577068285133,
 8.179155,1577068286134,
 7.8484507,1577068287135,
 7.6895776,1577068288131,
 7.71831,1577068289131,
 7.8552113,1577068290139,
 8.105915,1577068291133,
 8.343662,1577068292136,
 8.587605,1577068293133,
 8.99662,1577068294134,
 9.620845,1577068295135,
 10.242817,1577068296138,
 10.71493,1577068297136,
 11.087324,1577068298133,
 11.505916,1577068299138,
 11.96338,1577068300135,
 12.391549,1577068301134,
 12.291831,1577068302131,
 12.235493,1577068303134,
 12.141409,1577068304133,
 11.981972,1577068305131,
 11.5307045,1577068306133,
 11.280563,1577068307134,
 11.081127,1577068308135,
 10.875493,1577068309128,
 10.84338,1577068310132,
 10.754366,1577068311130,
 10.7780285,1577068312129,
 10.779718,1577068313129,
 10.792112,1577068314136,
 10.862535,1577068315133,
 10.926197,1577068316130,
 10.980845,1577068317129,
 10.999436,1577068318132,
 11.074367,1577068319132,
 11.134085,1577068320133,
 11.181972,1577068321133,
 11.225916,1577068322129,
 11.287324,1577068323130,
 11.348169,1577068324129,
 11.339718,1577068325130,
 11.299718,1577068326135,
 11.264225,1577068327127,
 11.193803,1577068328129,
 11.147606,1577068329129,
 11.130704,1577068330127,
 11.110422,1577068331129,
 10.9639435,1577068332133,
 10.799437,1577068333130,
 10.717183,1577068334128,
 10.646197,1577068335132,
 10.580281,1577068336131,
 10.545352,1577068337131,
 10.500845,1577068338131,
 10.493521,1577068339133,
 10.413521,1577068340129,
 10.387042,1577068341128,
 10.391549,1577068342128,
 10.448451,1577068343133,
 10.478873,1577068344134,
 10.580281,1577068345136,
 10.669859,1577068346133,
 10.865915,1577068347131,
 10.984225,1577068348128,
 11.148169,1577068349124,
 11.321691,1577068350133,
 11.494084,1577068351135,
 11.702536,1577068352131,
 11.912676,1577068353131,
 12.098592,1577068354131,
 12.329577,1577068355130,
 12.554366,1577068356133,
 12.790986,1577068357130,
 13.03662,1577068358131,
 13.247888,1577068359131,
 13.463099,1577068360126,
 13.447887,1577068361131,
 13.243943,1577068362136,
 13.117183,1577068363139,
 12.978592,1577068364133,
 12.816901,1577068365132,
 12.568451,1577068366131,
 12.329014,1577068367130,
 12.018592,1577068368133,
 11.529577,1577068369135,
 11.094648,1577068370130,
 10.701408,1577068371126,
 10.264789,1577068372131,
 9.88,1577068373132,
 9.571268,1577068374134,
 9.252957,1577068375132,
 8.983099,1577068376132,
 8.686761,1577068377131,
 8.438873,1577068378125,
 8.20676,1577068379131,
 8.051268,1577068380134,
 8.108732,1577068381131,
 8.678873,1577068382127,
 8.9746475,1577068383131,
 8.76507,1577068384129,
 8.39831,1577068385132,
 8.04,1577068386130,
 7.6614084,1577068387131,
 7.162817,1577068388125,
 6.624225,1577068389121,
 5.8788733,1577068390127,
 5.370704,1577068391126,
 6.9076056,1577068392129,
 7.296338,1577068393124,
 7.242817,1577068394126,
 8.07831,1577068395127,
 8.76507,1577068396124,
 8.794366,1577068397123,
 8.599437,1577068398130,
 8.347042,1577068399130,
 8.233803,1577068400120,
 8.099718,1577068401126,
 8.108169,1577068402124,
 8.1205635,1577068403124,
 8.1205635,1577068404127,
 7.868169,1577068405127,
 7.337465,1577068406128,
 7.090141,1577068407123,
 6.8242254,1577068408129,
 6.545352,1577068409127,
 5.850704,1577068410129,
 4.903662,1577068411124,
 4.137465,1577068412128,
 3.5002816,1577068413131,
 3.0169015,1577068414124,
 2.6569014,1577068415130,
 4.4867606,1577068416130,
 5.163944,1577068417127,
 5.4135213,1577068418121,
 5.863662,1577068419124,
 6.32169,1577068420123,
 6.0895777,1577068421125,
 5.5633802,1577068422128,
 5.064225,1577068423126,
 4.6512675,1577068424125,
 4.2794366,1577068425126,
 3.955493,1577068426126,
 3.586479,1577068427128,
 3.287324,1577068428130,
 3.0264788,1577068429125,
 2.581972,1577068430123,
 2.1284506,1577068431126,
 2.4371831,1577068432126,
 2.9430985,1577068433127,
 3.1898592,1577068434130,
 3.2952113,1577068435127,
 4.55831,1577068436124,
 5.16,1577068437125,
 6.4495773,1577068438129,
 8.72169,1577068439130,
 9.677747,1577068440125,
 10.032113,1577068441125,
 10.213521,1577068442127,
 10.472676,1577068443117,
 10.785915,1577068444119,
 11.110986,1577068445119,
 11.414084,1577068446124,
 11.300282,1577068447117,
 11.033239,1577068448119,
 10.717183,1577068449121,
 10.4523945,1577068450122,
 10.166197,1577068451119,
 9.868169,1577068452122,
 9.688451,1577068453123,
 9.414648,1577068454124,
 8.748733,1577068455129,
 7.920563,1577068456127,
 7.490141,1577068457128,
 7.253521,1577068458125,
 6.1104226,1577068459133,
 4.9583097,1577068460128,
 4.675493,1577068461130,
 4.4332395,1577068462125,
 4.3842254,1577068463125,
 4.7222533,1577068464126,
 4.998873,1577068465123,
 4.935775,1577068466127,
 4.8292956,1577068467127,
 4.9684505,1577068468126,
 5.204507,1577068469121,
 5.4777465,1577068470126,
 5.8388734,1577068471132,
 6.419155,1577068472129,
 7.178028,1577068473128,
 8.122253,1577068474127,
 9.015211,1577068475127,
 9.686197,1577068476124,
 9.992113,1577068477126,
 10.183662,1577068478125,
 10.398873,1577068479127,
 10.599437,1577068480122,
 10.807887,1577068481126,
 11.01014,1577068482128,
 11.229296,1577068483126,
 11.43493,1577068484125,
 11.624226,1577068485125,
 11.809577,1577068486128,
 11.814084,1577068487126,
 11.613522,1577068488129,
 11.541972,1577068489131,
 11.454084,1577068490128,
 11.4969015,1577068491128,
 11.546479,1577068492125,
 11.630986,1577068493126,
 11.660845,1577068494131,
 11.732394,1577068495127,
 11.798873,1577068496127,
 11.852958,1577068497126,
 11.935211,1577068498120,
 11.994367,1577068499127,
 12.067042,1577068500133,
 12.123943,1577068501128,
 12.203943,1577068502126,
 12.282817,1577068503127,
 12.337464,1577068504125,
 12.39493,1577068505125,
 12.475493,1577068506128,
 12.558873,1577068507125,
 12.614648,1577068508127,
 12.6597185,1577068509128,
 12.681127,1577068510128,
 12.55324,1577068511128,
 12.270986,1577068512129,
 11.975775,1577068513126,
 11.654084,1577068514127,
 11.337464,1577068515127,
 11.096901,1577068516120,
 11.043943,1577068517127,
 10.993803,1577068518128,
 10.9915495,1577068519131,
 11.0253525,1577068520125,
 11.172395,1577068521126,
 11.562254,1577068522126,
 11.8794365,1577068523128,
 12.0360565,1577068524131,
 12.068732,1577068525129,
 11.862535,1577068526126,
 11.599437,1577068527126,
 11.336338,1577068528126,
 11.053521,1577068529125,
 10.895211,1577068530129,
 10.771831,1577068531141,
 10.650141,1577068532141,
 10.584226,1577068533137,
 10.474366,1577068534141,
 10.394366,1577068535143,
 10.32676,1577068536131,
 10.284507,1577068537142,
 10.1881695,1577068538120,
 9.953803,1577068539136,
 9.679437,1577068540130,
 9.444507,1577068541132,
 9.207324,1577068542137,
 8.927887,1577068543134,
 8.658029,1577068544141,
 8.31493,1577068545140,
 8.037746,1577068546147,
 7.820845,1577068547140,
 7.3729577,1577068548147,
 6.5549297,1577068549130,
 5.3391547,1577068550140,
 3.9166198,1577068551130,
 2.6039436,1577068552140,
 2.4659154,1577068553142,
 2.1695774,1577068554141,
 1.235493,1577068555135,
 0.81802815,1577068556144,
 0.09915493,1577068557140,
 0.009577465,1577068558130,
 0.028169014,1577068559140,
 0.049577463,1577068560140,
 0.5707042,1577068561136,
 1.0901408,1577068562141,
 1.7233803,1577068563141,
 2.8225353,1577068564137,
 4.197183,1577068565157,
 5.1132393,1577068566157,
 5.491831,1577068567160,
 6.0664787,1577068568157,
 7.1340847,1577068569160,
 8.142535,1577068570150,
 8.349859,1577068571148,
 8.115493,1577068572155,
 7.2642255,1577068573143,
 7.045634,1577068574107,
 6.7887325,1577068575155,
 6.513803,1577068576107,
 6.607324,1577068577149,
 8.037746,1577068578154,
 8.829296,1577068579155,
 8.823662,1577068580157,
 8.91831,1577068581149,
 9.055775,1577068582158,
 9.557747,1577068583156,
 10.098592,1577068584155,
 10.203381,1577068585149,
 10.12845,1577068586149,
 10.043381,1577068587155,
 10.077746,1577068588148,
 10.058592,1577068589150,
 10.117746,1577068590154,
 10.046761,1577068591158,
 10.273239,1577068592149,
 10.505352,1577068593156,
 10.774084,1577068594118,
 11.152676,1577068595158,
 11.645634,1577068596119,
 11.823662,1577068597162,
 12.145915,1577068598148,
 12.419155,1577068599148,
 12.623098,1577068600149,
 12.560563,1577068601149,
 12.291831,1577068602159,
 11.9301405,1577068603154,
 11.60338,1577068604149,
 11.316056,1577068605143,
 11.024789,1577068606149,
 10.997746,1577068607118,
 10.959436,1577068608151,
 11.012958,1577068609125,
 11.174085,1577068610122,
 11.374084,1577068611122,
 11.554366,1577068612124,
 11.788733,1577068613118,
 11.945915,1577068614117,
 12.062535,1577068615117,
 11.900846,1577068616122,
 11.689014,1577068617122,
 11.457465,1577068618117,
 11.312113,1577068619120,
 11.009014,1577068620123,
 10.724507,1577068621117,
 10.393803,1577068622117,
 10.105915,1577068623118,
 9.755493,1577068624117,
 9.44169,1577068625110,
 9.101972,1577068626119,
 8.779155,1577068627117,
 8.415212,1577068628117,
 8.162253,1577068629116,
 8.056338,1577068630116,
 7.7938027,1577068631117,
 7.647887,1577068632119,
 7.411831,1577068633119,
 7.252394,1577068634118,
 7.055211,1577068635118,
 6.9014087,1577068636112,
 7.138028,1577068637118,
 7.3059154,1577068638124,
 7.051831,1577068639124,
 6.7104225,1577068640118,
 6.3340845,1577068641121,
 5.6895776,1577068642119,
 5.8884506,1577068643117,
 5.8185916,1577068644124,
 5.8078876,1577068645123,
 5.812958,1577068646119,
 5.820845,1577068647114,
 5.956056,1577068648116,
 6.270986,1577068649118,
 6.614648,1577068650120,
 6.9594364,1577068651121,
 8.002817,1577068652118,
 9.2,1577068653118,
 9.683944,1577068654112,
 10.243943,1577068655117,
 10.788169,1577068656119,
 11.331267,1577068657116,
 11.759437,1577068658116,
 12.237746,1577068659117,
 12.467606,1577068660115,
 12.381409,1577068661116,
 12.155493,1577068662120,
 11.912112,1577068663116,
 11.683944,1577068664116,
 11.411831,1577068665113,
 11.113803,1577068666116,
 10.632676,1577068667115,
 10.2495775,1577068668117,
 10.28507,1577068669117,
 10.545916,1577068670114,
 10.998874,1577068671116,
 11.252957,1577068672113,
 11.381409,1577068673117,
 11.451831,1577068674116,
 11.52507,1577068675111,
 11.642254,1577068676105,
 11.732394,1577068677110,
 11.810141,1577068678113,
 11.9239435,1577068679111,
 12.113803,1577068680115,
 12.197183,1577068681115,
 12.415774,1577068682113,
 12.490141,1577068683112,
 12.303099,1577068684110,
 11.931268,1577068685109,
 11.517183,1577068686114,
 11.056338,1577068687109,
 10.732958,1577068688112,
 10.541972,1577068689116,
 10.4461975,1577068690114,
 10.470423,1577068691114,
 10.460281,1577068692115,
 10.441127,1577068693113,
 10.534084,1577068694111,
 10.690704,1577068695115,
 10.886761,1577068696112,
 11.074367,1577068697114,
 11.250704,1577068698116,
 11.363944,1577068699116,
 11.520563,1577068700114,
 11.696338,1577068701114,
 11.886761,1577068702114,
 12.096338,1577068703114,
 12.283944,1577068704115,
 12.468733,1577068705111,
 12.72507,1577068706113,
 12.937465,1577068707114,
 13.157746,1577068708113,
 13.236056,1577068709114,
 13.220845,1577068710116,
 13.16,1577068711115,
 12.842817,1577068712115,
 12.43662,1577068713119,
 12.152113,1577068714117,
 11.96338,1577068715120,
 11.7949295,1577068716116,
 11.774648,1577068717115,
 11.805071,1577068718115,
 11.631549,1577068719117,
 11.304225,1577068720116,
 11.280563,1577068721116,
 11.260282,1577068722121,
 11.172957,1577068723111,
 10.988732,1577068724114,
 10.861408,1577068725115,
 10.7166195,1577068726119,
 10.8456335,1577068727115,
 11.049578,1577068728120,
 11.257464,1577068729120,
 11.452958,1577068730118,
 11.669295,1577068731115,
 11.818028,1577068732114,
 12.030422,1577068733115,
 12.299155,1577068734114,
 12.5476055,1577068735116,
 12.463662,1577068736114,
 12.36,1577068737117,
 12.256338,1577068738114,
 12.150986,1577068739116,
 12.113239,1577068740119,
 12.039436,1577068741115,
 12.023099,1577068742111,
 12.045071,1577068743112,
 12.293521,1577068744111,
 12.715493,1577068745108,
 13.157746,1577068746114,
 13.649577,1577068747113,
 14.12169,1577068748114,
 14.504788,1577068749116,
 14.861408,1577068750124,
 15.204507,1577068751117,
 15.571268,1577068752114,
 15.954929,1577068753114,
 16.102535,1577068754114,
 15.8456335,1577068755115,
 15.514366,1577068756112,
 15.186479,1577068757115,
 14.812958,1577068758118,
 14.488451,1577068759121,
 14.134648,1577068760115,
 13.864225,1577068761117,
 13.60507,1577068762114,
 13.505916,1577068763108,
 13.469859,1577068764117,
 13.393803,1577068765117,
 13.371267,1577068766112,
 13.206197,1577068767116,
 12.876619,1577068768114,
 12.75493,1577068769115,
 12.654648,1577068770118,
 12.511549,1577068771117,
 12.407324,1577068772114,
 12.399437,1577068773113,
 12.345916,1577068774110,
 12.105915,1577068775115,
 11.859718,1577068776117,
 11.568451,1577068777116,
 11.291267,1577068778117,
 10.96169,1577068779117,
 10.694648,1577068780114,
 10.501409,1577068781110,
 10.442817,1577068782118,
 10.389296,1577068783116,
 10.268732,1577068784111,
 10.201127,1577068785107,
 10.135211,1577068786106,
 10.089014,1577068787108,
 10.0360565,1577068788113,
 10.170141,1577068789112,
 10.458028,1577068790110,
 10.570704,1577068791111,
 10.577465,1577068792104,
 10.571268,1577068793110,
 10.622535,1577068794112,
 10.7104225,1577068795109,
 10.76,1577068796112,
 10.9639435,1577068797112,
 11.264789,1577068798112,
 11.570704,1577068799113,
 11.828169,1577068800114,
 12.125071,1577068801111,
 12.409577,1577068802111,
 12.717747,1577068803105,
 12.9853525,1577068804109,
 13.117183,1577068805110,
 13.176338,1577068806112,
 13.099154,1577068807111,
 12.915493,1577068808111,
 12.6828165,1577068809111,
 12.467606,1577068810110,
 12.189296,1577068811112,
 11.9639435,1577068812116,
 11.797183,1577068813112,
 11.631549,1577068814106,
 11.592676,1577068815113,
 11.491831,1577068816112,
 11.254648,1577068817112,
 11.023662,1577068818118,
 10.995493,1577068819116,
 11.020282,1577068820112,
 11.034929,1577068821108,
 11.027042,1577068822110,
 10.895211,1577068823112,
 10.615775,1577068824115,
 10.338592,1577068825113,
 10.104225,1577068826112,
 9.9132395,1577068827112,
 9.814084,1577068828113,
 10.006197,1577068829113,
 9.9639435,1577068830116,
 9.96338,1577068831116,
 10.099154,1577068832104,
 9.832676,1577068833111,
 9.44,1577068834111,
 9.150986,1577068835112,
 8.956619,1577068836115,
 8.658591,1577068837111,
 8.292395,1577068838111,
 7.946479,1577068839111,
 8.40507,1577068840111,
 9.31493,1577068841112,
 10.067042,1577068842115,
 10.732394,1577068843110,
 11.180845,1577068844114,
 11.618591,1577068845114,
 11.71493,1577068846112,
 11.561127,1577068847114,
 11.552676,1577068848116,
 11.599437,1577068849115,
 11.618029,1577068850109,
 11.664789,1577068851111,
 11.736338,1577068852112,
 11.80169,1577068853111,
 11.908732,1577068854109,
 12.032113,1577068855111,
 12.218028,1577068856109,
 12.411831,1577068857109,
 12.629295,1577068858108,
 12.860845,1577068859109,
 12.832112,1577068860113,
 12.431549,1577068861105,
 12.200563,1577068862109,
 12.090141,1577068863109,
 11.945915,1577068864108,
 11.827043,1577068865110,
 11.708733,1577068866111,
 11.631549,1577068867109,
 11.753803,1577068868109,
 11.997746,1577068869107,
 12.100282,1577068870106,
 12.004507,1577068871108,
 11.690704,1577068872107,
 11.262535,1577068873108,
 10.842817,1577068874107,
 10.388732,1577068875109,
 10.054647,1577068876106,
 10.086197,1577068877107,
 10.08169,1577068878110,
 9.985915,1577068879109,
 9.848451,1577068880105,
 9.64507,1577068881103,
 9.508733,1577068882102,
 9.585352,1577068883100,
 9.655211,1577068884105,
 9.737465,1577068885105,
 9.75831,1577068886102,
 9.806761,1577068887103,
 9.855775,1577068888099,
 9.877183,1577068889101,
 9.877183,1577068890101,
 9.906479,1577068891105,
 9.891268,1577068892107,
 9.531831,1577068893104,
 9.328451,1577068894098,
 9.339155,1577068895102,
 9.253521,1577068896102,
 9.335774,1577068897099,
 9.362253,1577068898103,
 9.407324,1577068899108,
 9.578028,1577068900113,
 9.745915,1577068901101,
 9.889014,1577068902108,
 10.054085,1577068903106,
 10.204507,1577068904105,
 10.362817,1577068905105,
 10.503662,1577068906101,
 10.718873,1577068907103,
 10.838873,1577068908108,
 11.058028,1577068909113,
 11.176338,1577068910110,
 11.375774,1577068911112,
 11.618029,1577068912104,
 11.917747,1577068913110,
 12.281127,1577068914113,
 12.447887,1577068915110,
 12.550986,1577068916108,
 12.647324,1577068917108,
 12.647887,1577068918110,
 12.284507,1577068919110,
 11.916619,1577068920115,
 11.639437,1577068921113,
 11.458028,1577068922109,
 11.5538025,1577068923104,
 11.699718,1577068924108,
 11.929014,1577068925108,
 12.169578,1577068926114,
 12.409577,1577068927111,
 12.414648,1577068928108,
 12.537465,1577068929108,
 12.730141,1577068930100,
 12.920564,1577068931108,
 12.952676,1577068932111,
 12.825352,1577068933105,
 12.696901,1577068934102,
 12.536338,1577068935114,
 12.393239,1577068936104,
 12.252395,1577068937105,
 12.074367,1577068938107,
 11.906479,1577068939108,
 11.729014,1577068940105,
 11.532958,1577068941100,
 11.303662,1577068942107,
 11.072676,1577068943103,
 11.028732,1577068944105,
 11.2219715,1577068945107,
 11.414648,1577068946107,
 11.840564,1577068947108,
 12.300282,1577068948107,
 12.726761,1577068949105,
 13.183662,1577068950107,
 13.562817,1577068951107,
 13.92169,1577068952102,
 14.214085,1577068953107,
 14.460281,1577068954105,
 14.678309,1577068955105,
 14.900282,1577068956107,
 15.0591545,1577068957104,
 15.031549,1577068958103,
 15.377465,1577068959101,
 16.122253,1577068960104,
 17.061409,1577068961107,
 17.898027,1577068962107,
 17.68338,1577068963105,
 17.286198,1577068964103,
 16.97183,1577068965103,
 16.793802,1577068966105,
 16.369577,1577068967105,
 15.867605,1577068968109,
 15.44338,1577068969107,
 14.978028,1577068970099,
 14.498028,1577068971105,
 14.037183,1577068972099,
 14.043943,1577068973095,
 14.115493,1577068974098,
 14.167324,1577068975096,
 14.186479,1577068976095,
 14.171831,1577068977095,
 14.11831,1577068978095,
 14.122253,1577068979095,
 14.090141,1577068980097,
 14.105352,1577068981092,
 14.169014,1577068982095,
 14.174648,1577068983095,
 14.265916,1577068984093,
 14.361127,1577068985092,
 14.477746,1577068986092,
 16.115494,1577068987085,
 15.810704,1577068988083,
 17.388168,1577068989080,
 19.404507,1577068990076,
 20.535774,1577068991076,
 14.598873,1577069010102,
 13.046761,1577069011088,
 10.780845,1577069012092,
 9.04169,1577069013092,
 7.385352,1577069014091,
 6.4214087,1577069015091,
 5.455211,1577069016093,
 4.736338,1577069017092,
 4.4974647,1577069018091,
 4.321127,1577069019092,
 4.179155,1577069020090,
 5.164507,1577069021085,
 6.4067607,1577069022091,
 6.3538027,1577069023091,
 6.124507,1577069024090,
 6.118873,1577069025090,
 6.285634,1577069026091,
 6.9470425,1577069027093,
 7.906479,1577069028089,
 9.020845,1577069029097,
 10.087324,1577069030092,
 11.063662,1577069031092,
 11.866479,1577069032090,
 12.670986,1577069033092,
 13.528451,1577069034094,
 14.390423,1577069035095,
 15.260282,1577069036098,
 15.976901,1577069037099,
 16.660845,1577069038097,
 17.335775,1577069039097,
 17.770704,1577069040154,
 18.03662,1577069041102,
 18.306479,1577069042100,
 18.572958,1577069043100,
 18.829859,1577069044098,
 19.064789,1577069045099,
 19.341972,1577069046103,
 19.558874,1577069047100,
 19.74479,1577069048098,
 19.585915,1577069049099,
 19.371267,1577069050091,
 19.145916,1577069051094,
 18.90141,1577069052097,
 18.578592,1577069053097,
 18.21183,1577069054095,
 17.740845,1577069055096,
 17.282253,1577069056097,
 16.734085,1577069057096,
 16.194366,1577069058090,
 15.611268,1577069059092,
 15.28507,1577069060077,
 15.687887,1577069061072,
 16.442818,1577069062071,
 9.907605,1577069081076,
 10.479437,1577069082097,
 10.312113,1577069083091,
 10.149296,1577069084101,
 9.948732,1577069085099,
 9.717747,1577069086097,
 9.531831,1577069087098,
 9.59662,1577069088097,
 9.774648,1577069089100,
 9.602817,1577069090088,
 9.600563,1577069091093,
 9.892394,1577069092091,
 10.067606,1577069093091,
 9.875493,1577069094091,
 9.72338,1577069095089,
 9.748733,1577069096094,
 10.132395,1577069097092,
 10.556056,1577069098094,
 10.957183,1577069099098,
 11.419719,1577069100100,
 11.743098,1577069101093,
 11.927324,1577069102090,
 12.101408,1577069103095,
 12.272113,1577069104094,
 12.529577,1577069105096,
 12.758873,1577069106107,
 12.984225,1577069107101,
 13.057465,1577069108093,
 12.9301405,1577069109097,
 12.834929,1577069110101,
 12.700845,1577069111101,
 12.538028,1577069112105,
 12.253521,1577069113102,
 12.24,1577069114099,
 12.308732,1577069115099,
 12.381971,1577069116097,
 12.411831,1577069117099,
 12.28507,1577069118105,
 12.304789,1577069119100,
 12.0867605,1577069120101,
 11.763944,1577069121101,
 11.4523945,1577069122105,
 11.1881695,1577069123106,
 10.916057,1577069124107,
 10.94986,1577069125107,
 11.049014,1577069126101,
 11.201127,1577069127107,
 11.375212,1577069128101,
 11.629295,1577069129101,
 11.934648,1577069130101,
 12.214085,1577069131108,
 12.470986,1577069132105,
 12.826479,1577069133102,
 13.160563,1577069134101,
 13.448451,1577069135102,
 13.742536,1577069136104,
 14.055211,1577069137096,
 14.0760565,1577069138100,
 13.973521,1577069139105,
 13.827605,1577069140101,
 13.683944,1577069141100,
 13.567324,1577069142107,
 13.336902,1577069143106,
 13.105352,1577069144105,
 12.973521,1577069145106,
 12.876057,1577069146101,
 12.967887,1577069147101,
 12.880564,1577069148099,
 12.650704,1577069149104,
 12.459719,1577069150099,
 12.291267,1577069151102,
 12.129578,1577069152100,
 11.920564,1577069153103,
 11.914366,1577069154104,
 11.868169,1577069155100,
 11.9070425,1577069156100,
 11.96338,1577069157098,
 11.979718,1577069158100,
 12.214085,1577069159098,
 12.63324,1577069160134,
 13.092395,1577069161106,
 13.48507,1577069162101,
 13.823662,1577069163103,
 13.935211,1577069164100,
 13.8011265,1577069165099,
 13.646197,1577069166100,
 13.616901,1577069167101,
 13.60338,1577069168100,
 13.562817,1577069169104,
 13.72507,1577069170098,
 13.782536,1577069171100,
 13.660282,1577069172106,
 13.477183,1577069173098,
 13.364507,1577069174098,
 13.24169,1577069175099,
 13.029296,1577069176099,
 12.820845,1577069177091,
 12.621408,1577069178097,
 12.395493,1577069179096,
 12.219155,1577069180094,
 12.235493,1577069181098,
 12.294648,1577069182097,
 12.215775,1577069183097,
 12.143099,1577069184097,
 12.037746,1577069185102,
 11.946479,1577069186103,
 11.814648,1577069187102,
 11.810704,1577069188094,
 12.0253525,1577069189097,
 12.210704,1577069190098,
 12.362253,1577069191097,
 12.379719,1577069192096,
 12.44507,1577069193096,
 12.52169,1577069194095,
 12.647887,1577069195095,
 12.777465,1577069196103,
 12.795493,1577069197098,
 12.63324,1577069198097,
 12.432676,1577069199096,
 12.23831,1577069200100,
 12.068169,1577069201100,
 11.87831,1577069202104,
 11.663662,1577069203100,
 11.454084,1577069204098,
 11.263099,1577069205099,
 11.075493,1577069206096,
 10.898592,1577069207101,
 10.674366,1577069208105,
 10.56507,1577069209104,
 10.634366,1577069210098,
 10.664789,1577069211098,
 10.832112,1577069212098,
 11.133521,1577069213097,
 11.4016905,1577069214103,
 11.682254,1577069215100,
 11.974085,1577069216097,
 12.322817,1577069217093,
 12.650141,1577069218094,
 12.864789,1577069219096,
 12.832112,1577069220100,
 12.878873,1577069221096,
 13.064225,1577069222096,
 13.192113,1577069223096,
 13.372395,1577069224093,
 13.365634,1577069225096,
 13.282817,1577069226098,
 13.171831,1577069227099,
 13.218592,1577069228092,
 13.280563,1577069229096,
 13.376338,1577069230095,
 13.453521,1577069231096,
 13.558873,1577069232097,
 13.610704,1577069233098,
 13.749859,1577069234096,
 13.912676,1577069235095,
 13.905915,1577069236094,
 13.927324,1577069237090,
 13.837747,1577069238093,
 13.700845,1577069239092,
 13.583662,1577069240091,
 13.278873,1577069241089,
 13.239436,1577069242086,
 13.049578,1577069243090,
 12.9239435,1577069244091,
 13.058592,1577069245096,
 13.20676,1577069246082,
 13.298592,1577069247090,
 13.211267,1577069248088,
 13.066479,1577069249091,
 13.018592,1577069250091,
 13.002254,1577069251094,
 12.965071,1577069252093,
 13.129578,1577069253098,
 13.339155,1577069254100,
 13.486197,1577069255095,
 13.740282,1577069256096,
 13.981972,1577069257090,
 14.197183,1577069258094,
 14.318873,1577069259099,
 14.2895775,1577069260104,
 14.23831,1577069261091,
 14.352676,1577069262098,
 14.413521,1577069263093,
 14.601127,1577069264090,
 14.667042,1577069265094,
 14.775211,1577069266093,
 14.931268,1577069267091,
 15.049578,1577069268088,
 15.114367,1577069269094,
 15.021408,1577069270086,
 14.76169,1577069271087,
 14.530141,1577069272090,
 14.274366,1577069273090,
 14.051831,1577069274093,
 13.848451,1577069275085,
 13.692958,1577069276091,
 13.574084,1577069277091,
 13.6,1577069278091,
 13.704789,1577069279091,
 13.947606,1577069280095,
 14.225352,1577069281096,
 14.508169,1577069282090,
 14.703662,1577069283090,
 14.956057,1577069284090,
 15.209578,1577069285090,
 15.017465,1577069286088,
 14.694084,1577069287091,
 14.337464,1577069288089,
 14.059718,1577069289091,
 13.8225355,1577069290090,
 13.919436,1577069291092,
 14.161127,1577069292093,
 14.378028,1577069293088,
 14.566761,1577069294090,
 14.796619,1577069295093,
 14.990422,1577069296089,
 15.12169,1577069297085,
 15.016338,1577069298093,
 15.063099,1577069299099,
 15.342535,1577069300093,
 15.648451,1577069301094,
 15.925633,1577069302095,
 16.137465,1577069303095,
 16.34817,1577069304094,
 16.47155,1577069305098,
 16.31155,1577069306094,
 16.11662,1577069307094,
 15.916057,1577069308091,
 15.76169,1577069309097,
 15.529014,1577069310098,
 15.367324,1577069311095,
 15.253521,1577069312086,
 15.091268,1577069313086,
 14.980845,1577069314086,
 14.896338,1577069315081,
 14.774084,1577069316088,
 14.654084,1577069317085,
 14.52676,1577069318087,
 14.473803,1577069319087,
 14.369577,1577069320091,
 14.223662,1577069321091,
 14.134085,1577069322090,
 14.026479,1577069323091,
 13.945353,1577069324089,
 13.852394,1577069325090,
 13.670986,1577069326083,
 13.538028,1577069327089,
 13.428732,1577069328090,
 13.27493,1577069329091,
 13.474366,1577069330089,
 13.651268,1577069331089,
 13.818591,1577069332088,
 13.94986,1577069333087,
 14.086197,1577069334091,
 14.190423,1577069335089,
 14.1267605,1577069336089,
 13.947042,1577069337087,
 13.7104225,1577069338090,
 13.602254,1577069339090,
 13.467606,1577069340093,
 13.389296,1577069341091,
 13.508733,1577069342086,
 13.587042,1577069343087,
 13.3616905,1577069344083,
 13.132957,1577069345088,
 13.142535,1577069346090,
 13.294085,1577069347092,
 13.294085,1577069348087,
 13.149859,1577069349090,
 13.077746,1577069350087,
 13.002254,1577069351089,
 12.964507,1577069352091,
 13.181972,1577069353088,
 13.035493,1577069354089,
 12.805071,1577069355085,
 12.8287325,1577069356088,
 12.975211,1577069357086,
 13.155493,1577069358088,
 13.165071,1577069359091,
 13.009578,1577069360084,
 12.943662,1577069361085,
 12.856901,1577069362082,
 12.766761,1577069363085,
 12.784225,1577069364087,
 12.888451,1577069365086,
 13.104225,1577069366079,
 13.392676,1577069367085,
 13.64507,1577069368084,
 13.98986,1577069369085,
 14.329014,1577069370087,
 14.48507,1577069371084,
 14.601127,1577069372086,
 14.780282,1577069373082,
 14.890704,1577069374086,
 15.0591545,1577069375078,
 15.207888,1577069376078,
 15.2895775,1577069377076,
 15.388169,1577069378079,
 15.463662,1577069379078,
 15.535212,1577069380078,
 15.649577,1577069381078,
 15.776338,1577069382080,
 15.824789,1577069383077,
 15.914929,1577069384076,
 16.005634,1577069385078,
 15.99831,1577069386077,
 16.03493,1577069387080,
 16.07662,1577069388080,
 16.10986,1577069389079,
 16.100845,1577069390077,
 16.097466,1577069391078,
 16.07831,1577069392092,
 16.04845,1577069393078,
 15.9577465,1577069394080,
 15.922254,1577069395077,
 15.812958,1577069396077,
 15.718309,1577069397077,
 15.5814085,1577069398080,
 15.545916,1577069399083,
 15.436056,1577069400086,
 15.380281,1577069401087,
 15.23831,1577069402081,
 15.163943,1577069403083,
 15.049014,1577069404086,
 14.97014,1577069405083,
 14.877747,1577069406084,
 14.833803,1577069407085,
 14.743098,1577069408083,
 14.647324,1577069409084,
 14.515493,1577069410088,
 14.427042,1577069411085,
 14.3340845,1577069412086,
 14.23662,1577069413079,
 14.160563,1577069414081,
 14.064225,1577069415083,
 14.000564,1577069416083,
 13.898028,1577069417082,
 13.76,1577069418085,
 13.68338,1577069419088,
 13.562254,1577069420085,
 13.359437,1577069421084,
 13.210141,1577069422084,
 12.672112,1577069423082,
 12.060282,1577069424080,
 11.569015,1577069425087,
 11.226479,1577069426088,
 10.876057,1577069427087,
 10.458028,1577069428086,
 10.112113,1577069429089,
 9.741972,1577069430088,
 9.5030985,1577069431086,
 9.305352,1577069432087,
 9.083381,1577069433087,
 8.883944,1577069434089,
 8.635493,1577069435082,
 8.327888,1577069436092,
 8.32507,1577069437091,
 8.545352,1577069438089,
 8.730704,1577069439091,
 8.678309,1577069440084,
 8.579719,1577069441091,
 8.480563,1577069442084,
 8.357746,1577069443086,
 8.169578,1577069444084,
 8.011831,1577069445084,
 8.0422535,1577069446083,
 8.471549,1577069447085,
 9.152113,1577069448086,
 9.835493,1577069449087,
 10.460845,1577069450083,
 10.896338,1577069451084,
 11.350986,1577069452081,
 11.756619,1577069453075,
 12.219155,1577069454081,
 12.770704,1577069455078,
 13.305916,1577069456078,
 13.785352,1577069457078,
 14.122253,1577069458083,
 14.251831,1577069459082,
 14.251831,1577069460084,
 14.184789,1577069461082,
 13.999436,1577069462080,
 13.664789,1577069463080,
 13.354366,1577069464078,
 13.1267605,1577069465082,
 12.9408455,1577069466086,
 12.731831,1577069467081,
 12.502535,1577069468082,
 12.180282,1577069469082,
 11.931268,1577069470081,
 11.652394,1577069471079,
 11.273803,1577069472082,
 10.706479,1577069473079,
 9.685634,1577069474080,
 8.682254,1577069475077,
 7.6067605,1577069476083,
 7.0985913,1577069477084,
 6.6523943,1577069478086,
 6.0687323,1577069479085,
 5.1842256,1577069480079,
 4.446197,1577069481080,
 3.329014,1577069482073,
 2.1307042,1577069483080,
 0.83211267,1577069484082,
 0.046197183,1577069485076,
 0.0022535212,1577069486074,
 0.01971831,1577069487076,
 0.01859155,1577069488074,
 0.007887324,1577069489075,
 0.008450705,1577069490080,
 0.010140845,1577069491078,
 0.0067605632,1577069492074,
 0.008450705,1577069493070,
 0.008450705,1577069494075,
 0.016338028,1577069495076,
 0.0028169013,1577069496079,
 0.009014085,1577069497076,
 0.0011267606,1577069498075,
 0.0022535212,1577069499075,
 0.0073239435,1577069500077,
 0.02028169,1577069501075,
 0.017464789,1577069502080,
 0.014084507,1577069503076,
 0.0028169013,1577069504069,
 0.023661971,1577069505075,
 0.0028169013,1577069506074,
 0.01802817,1577069507073,
 0.014647887,1577069508078,
 0.0073239435,1577069509075,
 0.0056338026,1577069510075,
 0.012394366,1577069511071,
 0.011267605,1577069512074,
 0.015774649,1577069513071,
 0.01802817,1577069514073,
 0.02253521,1577069515070,
 0.0028169013,1577069516073,
 0.0067605632,1577069517073,
 0.007887324,1577069518072,
 0.015774649,1577069519074,
 0.010704225,1577069520075,
 0.0135211265,1577069521073,
 0.012394366,1577069522066,
 0.012957746,1577069523070,
 0.0050704223,1577069524070,
 0.006197183,1577069525071,
 0.012957746,1577069526075,
 0.009014085,1577069527070,
 0.006197183,1577069528073,
 0.015211267,1577069529071,
 0.011830986,1577069530070,
 0.0033802816,1577069531069,
 0.0056338026,1577069532072,
 0.010140845,1577069533064,
 0.011267605,1577069534068,
 0.009577465,1577069535070,
 0.012394366,1577069536070,
 0.27380282,1577069537078,
 1.8529577,1577069538077,
 3.8292959,1577069539080,
 5.20338,1577069540072,
 6.72169,1577069541079,
 8.183662,1577069542077,
 9.444507,1577069543078,
 10.125071,1577069544074,
 10.763944,1577069545084,
 11.385916,1577069546081,
 12.067042,1577069547085,
 12.767887,1577069548081,
 13.430985,1577069549083,
 13.810141,1577069550087,
 14.160563,1577069551079,
 14.427606,1577069552080,
 14.729014,1577069553080,
 15.064789,1577069554080,
 15.327324,1577069555081,
 15.585916,1577069556085,
 15.432676,1577069557081,
 15.064789,1577069558080,
 14.64169,1577069559080,
 14.236056,1577069560080,
 13.950422,1577069561080,
 13.746479,1577069562078,
 13.656901,1577069563080,
 13.734084,1577069564083,
 13.851831,1577069565093,
 14.013521,1577069566081,
 14.1712675,1577069567081,
 14.430423,1577069568085,
 14.72169,1577069569079,
 14.971268,1577069570082,
 15.269296,1577069571081,
 15.502535,1577069572081,
 15.696338,1577069573077,
 15.895775,1577069574083,
 15.790986,1577069575081,
 15.722254,1577069576075,
 15.747605,1577069577077,
 15.771268,1577069578076,
 15.766761,1577069579080,
 15.814648,1577069580078,
 15.878873,1577069581078,
 15.886197,1577069582076,
 15.869296,1577069583076,
 15.677183,1577069584074,
 15.322253,1577069585077,
 14.964507,1577069586080,
 14.56,1577069587076,
 14.299718,1577069588074,
 14.183099,1577069589075,
 14.016901,1577069590077,
 13.786479,1577069591072,
 13.652394,1577069592079,
 13.561127,1577069593077,
 13.534648,1577069594078,
 13.545352,1577069595077,
 13.975211,1577069596076,
 14.259155,1577069597074,
 14.118874,1577069598080,
 13.854648,1577069599081,
 13.607324,1577069600076,
 13.347606,1577069601076,
 13.136902,1577069602071,
 12.940282,1577069603076,
 13.092395,1577069604078,
 13.317746,1577069605078,
 13.4969015,1577069606075,
 13.651268,1577069607076,
 13.772958,1577069608074,
 13.774084,1577069609073,
 13.755493,1577069610078,
 13.743098,1577069611080,
 13.6935215,1577069612078,
 13.630986,1577069613075,
 13.590423,1577069614077,
 13.512676,1577069615075,
 13.460845,1577069616078,
 13.407887,1577069617075,
 13.379719,1577069618074,
 13.511549,1577069619077,
 13.713803,1577069620071,
 13.910986,1577069621076,
 14.012394,1577069622078,
 13.941408,1577069623077,
 13.975775,1577069624073,
 14.003943,1577069625075,
 13.998874,1577069626076,
 13.96338,1577069627076,
 13.890704,1577069628076,
 13.812394,1577069629079,
 13.652394,1577069630076,
 13.502535,1577069631071,
 13.311549,1577069632075,
 13.03662,1577069633077,
 13.030986,1577069634077,
 13.146479,1577069635077,
 13.187606,1577069636075,
 13.20676,1577069637073,
 13.229296,1577069638073,
 13.195493,1577069639076,
 13.0422535,1577069640079,
 12.901972,1577069641080,
 12.800564,1577069642072,
 12.715493,1577069643078,
 12.448451,1577069644074,
 12.116056,1577069645076,
 11.947606,1577069646077,
 11.886197,1577069647075,
 11.83831,1577069648074,
 11.858591,1577069649072,
 11.885071,1577069650075,
 11.903099,1577069651074,
 11.965071,1577069652077,
 11.990986,1577069653072,
 12.018028,1577069654071,
 12.073239,1577069655073,
 12.140282,1577069656071,
 12.202253,1577069657073,
 12.39662,1577069658076,
 12.379155,1577069659075,
 12.100282,1577069660069,
 11.845071,1577069661074,
 11.779155,1577069662073,
 11.787605,1577069663074,
 11.786479,1577069664073,
 11.779718,1577069665074,
 11.829859,1577069666073,
 11.924507,1577069667073,
 11.942535,1577069668073,
 11.975775,1577069669074,
 12.0360565,1577069670076,
 12.099718,1577069671070,
 12.163943,1577069672073,
 12.251831,1577069673074,
 12.332958,1577069674074,
 12.454648,1577069675075,
 12.527887,1577069676076,
 12.660845,1577069677071,
 12.747043,1577069678069,
 12.772958,1577069679073,
 12.565634,1577069680071,
 12.48338,1577069681071,
 12.225916,1577069682071,
 11.994929,1577069683072,
 11.792112,1577069684070,
 11.531831,1577069685071,
 11.340845,1577069686072,
 11.540281,1577069687072,
 12.0,1577069688070,
 12.440563,1577069689066,
 12.935775,1577069690069,
 13.460845,1577069691067,
 14.011268,1577069692068,
 14.273239,1577069693065,
 14.146479,1577069694070,
 13.977465,1577069695069,
 13.714366,1577069696067,
 13.448451,1577069697070,
 13.150422,1577069698067,
 12.784225,1577069699069,
 12.529577,1577069700067,
 12.307042,1577069701073,
 12.127324,1577069702066,
 12.106479,1577069703066,
 12.101408,1577069704068,
 12.107042,1577069705067,
 12.137465,1577069706068,
 11.948732,1577069707068,
 11.646197,1577069708068,
 11.416338,1577069709072,
 11.2219715,1577069710067,
 11.022535,1577069711064,
 10.838873,1577069712069,
 10.678309,1577069713067,
 10.409577,1577069714069,
 9.962254,1577069715068,
 9.555493,1577069716074,
 9.2388735,1577069717069,
 8.945353,1577069718072,
 8.620845,1577069719071,
 8.256338,1577069720068,
 8.070986,1577069721067,
 7.9859157,1577069722068,
 8.027042,1577069723064,
 8.072676,1577069724069,
 7.9087324,1577069725065,
 7.6202817,1577069726067,
 7.0405636,1577069727071,
 5.4839435,1577069728080,
 3.9261973,1577069729075,
 2.395493,1577069730069,
 1.7216902,1577069731074,
 1.6354929,1577069732068,
 1.475493,1577069733076,
 1.2540845,1577069734075,
 1.4332395,1577069735064,
 1.7543662,1577069736074,
 1.2659155,1577069737070,
 1.5723944,1577069738075,
 1.3521127,1577069739063,
 1.2146479,1577069740069,
 2.1661973,1577069741069,
 2.9476056,1577069742075,
 3.2878873,1577069743068,
 3.2078874,1577069744074,
 1.9278873,1577069745082,
 1.8535211,1577069746067,
 1.2647887,1577069747074,
 0.5301408,1577069748068,
 1.0788733,1577069749067,
 1.3915493,1577069750067,
 0.8484507,1577069751068,
 1.0614084,1577069752073,
 0.93295777,1577069753073,
 0.49859154,1577069754066,
 0.24901408,1577069755071,
 0.047887325,1577069756068,
 0.021971831,1577069757068,
 0.01859155,1577069758062,
 0.015211267,1577069759074,
 0.0050704223,1577069760080,
 0.0073239435,1577069761064,
 0.011830986,1577069762090,
 0.0056338026,1577069763083,
 0.009014085,1577069764090,
 0.01859155,1577069765091,
 0.027605634,1577069766091,
 0.5966197,1577069767090,
 1.2309859,1577069768090,
 1.3628169,1577069769086,
 1.7442254,1577069770086,
 1.5859154,1577069771080,
 2.12,1577069772092,
 3.2636619,1577069773086,
 3.740845,1577069774072,
 3.970141,1577069775090,
 5.075493,1577069776090,
 6.790986,1577069777090,
 7.9740844,1577069778091,
 8.090704,1577069779086,
 8.116056,1577069780086,
 8.497465,1577069781097,
 9.116056,1577069782090,
 9.673802,1577069783080,
 10.139155,1577069784083,
 10.533521,1577069785087,
 10.836619,1577069786091,
 11.172395,1577069787086,
 11.461409,1577069788087,
 11.668169,1577069789081,
 11.966761,1577069790087,
 12.002254,1577069791086,
 11.562817,1577069792093,
 11.106479,1577069793086,
 10.612958,1577069794086,
 10.144225,1577069795096,
 9.678309,1577069796086,
 9.273239,1577069797086,
 8.985915,1577069798093,
 8.810141,1577069799090,
 8.366198,1577069800070,
 8.022535,1577069801090,
 8.110986,1577069802091,
 8.389296,1577069803092,
 8.510423,1577069804090,
 8.545916,1577069805083,
 8.868732,1577069806082,
 8.7166195,1577069807090,
 8.56169,1577069808099,
 8.409014,1577069809100,
 8.315493,1577069810098,
 8.414648,1577069811105,
 8.819718,1577069812106,
 9.028169,1577069813106,
 9.018592,1577069814093,
 8.976901,1577069815114,
 8.939155,1577069816099,
 8.952676,1577069817106,
 9.045634,1577069818105,
 9.244507,1577069819106,
 9.491831,1577069820088,
 9.760564,1577069821099,
 10.004507,1577069822107,
 10.252957,1577069823107,
 10.512113,1577069824098,
 10.778591,1577069825087,
 11.002254,1577069826109,
 11.235493,1577069827061,
 11.485634,1577069828062,
 11.739155,1577069829063,
 11.983099,1577069830099,
 12.226479,1577069831098,
 12.407324,1577069832098,
 12.403944,1577069833099,
 12.406198,1577069834107,
 12.423662,1577069835099,
 12.470986,1577069836066,
 12.519437,1577069837107,
 12.574084,1577069838068,
 12.636056,1577069839104,
 12.705915,1577069840066,
 12.734648,1577069841066,
 12.823098,1577069842099,
 12.885633,1577069843066,
 12.952676,1577069844069,
 13.006761,1577069845064,
 13.082253,1577069846065,
 13.16845,1577069847066,
 13.195493,1577069848065,
 13.265352,1577069849062,
 13.309859,1577069850068,
 13.397183,1577069851068,
 13.409577,1577069852068,
 13.44338,1577069853068,
 13.491831,1577069854066,
 13.386478,1577069855068,
 13.4016905,1577069856065,
 13.43662,1577069857065,
 13.485634,1577069858066,
 13.535212,1577069859066,
 13.575774,1577069860064,
 13.631549,1577069861066,
 13.636056,1577069862071,
 13.683944,1577069863066,
 13.612394,1577069864065,
 13.547042,1577069865067,
 13.507606,1577069866066,
 13.575774,1577069867063,
 13.646761,1577069868068,
 13.707043,1577069869065,
 13.729577,1577069870062,
 13.754366,1577069871065,
 13.779718,1577069872063,
 13.622535,1577069873064,
 13.23493,1577069874067,
 13.48,1577069875065,
 13.909859,1577069876064,
 14.169014,1577069877066,
 14.374084,1577069878060,
 14.407887,1577069879066,
 14.20169,1577069880068,
 13.87831,1577069881068,
 13.552676,1577069882064,
 13.377465,1577069883065,
 13.205634,1577069884064,
 13.094085,1577069885062,
 13.035493,1577069886066,
 12.9915495,1577069887063,
 12.953239,1577069888063,
 12.925071,1577069889059,
 12.889578,1577069890059,
 12.836057,1577069891059,
 12.832676,1577069892063,
 12.807324,1577069893061,
 12.7780285,1577069894061,
 12.725634,1577069895062,
 12.678309,1577069896055,
 12.642817,1577069897061,
 12.491267,1577069898061,
 12.704789,1577069899066,
 13.11831,1577069900060,
 13.55831,1577069901061,
 13.947042,1577069902061,
 14.016338,1577069903061,
 14.07831,1577069904061,
 14.145352,1577069905060,
 14.218592,1577069906061,
 14.305916,1577069907056,
 14.327324,1577069908061,
 14.332395,1577069909062,
 14.261409,1577069910065,
 14.165071,1577069911062,
 14.1205635,1577069912061,
 14.003943,1577069913062,
 14.056338,1577069914060,
 14.214648,1577069915060,
 14.336338,1577069916061,
 14.407324,1577069917062,
 14.478873,1577069918057,
 14.5645075,1577069919064,
 14.624788,1577069920062,
 14.588733,1577069921064,
 14.371831,1577069922065,
 14.029296,1577069923063,
 13.881126,1577069924063,
 13.79155,1577069925059,
 13.678873,1577069926063,
 13.5538025,1577069927063,
 13.429296,1577069928064,
 13.2326765,1577069929062,
 13.141972,1577069930064,
 13.217464,1577069931063,
 13.368451,1577069932063,
 13.484507,1577069933065,
 13.610704,1577069934067,
 13.739718,1577069935064,
 13.867043,1577069936057,
 13.988169,1577069937064,
 14.092395,1577069938063,
 14.237746,1577069939063,
 14.375774,1577069940097,
 14.488451,1577069941066,
 14.590423,1577069942062,
 14.690141,1577069943061,
 14.797183,1577069944062,
 14.850141,1577069945063,
 14.546479,1577069946065,
 14.427606,1577069947058,
 14.450141,1577069948066,
 14.462535,1577069949065,
 14.464226,1577069950064,
 14.332958,1577069951067,
 14.001126,1577069952066,
 13.621408,1577069953062,
 13.527887,1577069954060,
 13.619719,1577069955064,
 13.766197,1577069956062,
 13.964507,1577069957063,
 13.987042,1577069958063,
 13.596056,1577069959066,
 13.181972,1577069960062,
 12.667042,1577069961063,
 11.794366,1577069962062,
 10.672676,1577069963064,
 9.976901,1577069964065,
 9.414084,1577069965057,
 8.92338,1577069966062,
 8.350423,1577069967063,
 7.8647885,1577069968061,
 7.3994365,1577069969060,
 7.0912676,1577069970066,
 7.4,1577069971064,
 7.2642255,1577069972061,
 7.127324,1577069973060,
 7.060845,1577069974064,
 7.0411267,1577069975062,
 6.821972,1577069976058,
 7.232676,1577069977062,
 8.468733,1577069978061,
 9.810141,1577069979059,
 11.04845,1577069980062,
 11.870986,1577069981060,
 12.562254,1577069982066,
 12.735211,1577069983061,
 12.867043,1577069984060,
 13.129014,1577069985059,
 13.48338,1577069986061,
 13.914366,1577069987055,
 14.2388735,1577069988062,
 14.368451,1577069989061,
 14.543662,1577069990061,
 14.766197,1577069991061,
 14.91831,1577069992059,
 15.103099,1577069993058,
 15.297464,1577069994057,
 15.474366,1577069995058,
 15.389296,1577069996059,
 15.064225,1577069997059,
 14.689014,1577069998056,
 14.326198,1577069999057,
 13.9301405,1577070000058,
 13.552676,1577070001065,
 13.269859,1577070002055,
 12.87831,1577070003060,
 12.644507,1577070004059,
 12.290704,1577070005055,
 11.864225,1577070006060,
 11.439437,1577070007061,
 11.043943,1577070008061,
 10.656338,1577070009063,
 10.325634,1577070010060,
 10.100845,1577070011062,
 9.829859,1577070012060,
 8.937465,1577070013054,
 8.533521,1577070014056,
 8.112113,1577070015058,
 7.6512675,1577070016052,
 7.2230988,1577070017060,
 6.930704,1577070018059,
 6.761127,1577070019058,
 6.772958,1577070020056,
 7.3391547,1577070021058,
 7.9960566,1577070022059,
 8.611268,1577070023057,
 9.270986,1577070024060,
 9.618029,1577070025059,
 9.47831,1577070026059,
 9.47831,1577070027058,
 9.494084,1577070028059,
 9.542535,1577070029059,
 9.64507,1577070030062,
 9.338592,1577070031061,
 9.052394,1577070032059,
 9.254085,1577070033063,
 9.545352,1577070034055,
 9.910986,1577070035061,
 10.241127,1577070036068,
 10.51324,1577070037061,
 10.820282,1577070038060,
 11.092395,1577070039061,
 11.373521,1577070040061,
 11.608451,1577070041061,
 11.876057,1577070042066,
 12.123943,1577070043061,
 12.3847885,1577070044072,
 12.696901,1577070045057,
 12.977465,1577070046061,
 13.347606,1577070047062,
 13.643944,1577070048063,
 13.987606,1577070049062,
 14.350423,1577070050069,
 14.16169,1577070051062,
 13.562254,1577070052060,
 13.186479,1577070053062,
 13.00338,1577070054066,
 12.942535,1577070055061,
 12.900282,1577070056055,
 12.910986,1577070057062,
 12.924507,1577070058061,
 12.872112,1577070059064,
 12.867043,1577070060134,
 12.880564,1577070061062,
 12.910986,1577070062054,
 12.964507,1577070063056,
 12.9915495,1577070064054,
 13.039436,1577070065054,
 13.098028,1577070066058,
 13.131831,1577070067053,
 13.169578,1577070068053,
 13.176338,1577070069055,
 13.153239,1577070070052,
 13.159436,1577070071057,
 13.147042,1577070072058,
 13.154929,1577070073058,
 13.065352,1577070074050,
 13.005071,1577070075055,
 12.935775,1577070076052,
 12.877183,1577070077051,
 12.780845,1577070078055,
 12.695775,1577070079058,
 12.620281,1577070080053,
 12.473803,1577070081053,
 12.547042,1577070082054,
 12.620845,1577070083053,
 12.663098,1577070084057,
 12.764507,1577070085049,
 12.825915,1577070086058,
 12.948732,1577070087057,
 12.585916,1577070088055,
 12.2895775,1577070089059,
 12.20845,1577070090058,
 12.159436,1577070091060,
 12.135775,1577070092055,
 12.08845,1577070093058,
 12.129014,1577070094058,
 12.147042,1577070095063,
 12.16845,1577070096060,
 12.2219715,1577070097060,
 12.303099,1577070098062,
 12.36507,1577070099057,
 12.412958,1577070100055,
 12.509859,1577070101056,
 12.635493,1577070102058,
 12.812394,1577070103052,
 12.965071,1577070104057,
 13.1881695,1577070105059,
 13.422535,1577070106060,
 13.664226,1577070107056,
 13.250141,1577070108058,
 12.972394,1577070109059,
 12.850141,1577070110057,
 12.737465,1577070111062,
 12.483944,1577070112059,
 12.234366,1577070113059,
 12.045634,1577070114054,
 12.058028,1577070115058,
 12.260282,1577070116060,
 12.461972,1577070117061,
 12.721127,1577070118062,
 12.910986,1577070119064,
 12.92169,1577070120076,
 12.684507,1577070121065,
 12.477183,1577070122061,
 12.23493,1577070123063,
 11.947042,1577070124062,
 11.712112,1577070125058,
 11.579155,1577070126067,
 11.40676,1577070127062,
 11.336902,1577070128060,
 11.305352,1577070129061,
 11.278873,1577070130060,
 11.531267,1577070131059,
 11.730141,1577070132059,
 11.836057,1577070133056,
 11.885071,1577070134060,
 11.888451,1577070135061,
 11.859155,1577070136058,
 11.864789,1577070137061,
 11.900282,1577070138063,
 11.909859,1577070139062,
 11.905915,1577070140061,
 11.890141,1577070141061,
 11.869859,1577070142061,
 11.800564,1577070143053,
 11.737465,1577070144058,
 11.71155,1577070145056,
 11.574084,1577070146056,
 11.444507,1577070147055,
 11.410705,1577070148056,
 11.456338,1577070149056,
 11.637183,1577070150059,
 11.847324,1577070151058,
 12.055775,1577070152059,
 12.20169,1577070153058,
 12.401127,1577070154051,
 12.589859,1577070155058,
 12.855211,1577070156059,
 13.114367,1577070157056,
 13.357183,1577070158054,
 13.569577,1577070159057,
 13.756057,1577070160055,
 13.762254,1577070161053,
 13.774084,1577070162058,
 13.752112,1577070163056,
 13.374084,1577070164055,
 13.167888,1577070165051,
 13.04169,1577070166057,
 13.065915,1577070167059,
 13.114367,1577070168063,
 13.155493,1577070169063,
 13.24676,1577070170060,
 13.32507,1577070171059,
 13.44338,1577070172055,
 13.52676,1577070173058,
 13.646197,1577070174062,
 13.789296,1577070175059,
 13.912676,1577070176053,
 13.865915,1577070177054,
 13.637183,1577070178053,
 13.468169,1577070179055,
 13.303662,1577070180057,
 13.214085,1577070181056,
 13.130141,1577070182054,
 13.123943,1577070183049,
 13.185916,1577070184053,
 13.214648,1577070185054,
 13.216338,1577070186057,
 13.298028,1577070187057,
 13.330705,1577070188064,
 13.377465,1577070189055,
 13.381409,1577070190054,
 13.52169,1577070191055,
 13.575774,1577070192056,
 13.647887,1577070193053,
 13.802817,1577070194050,
 13.919436,1577070195055,
 14.056901,1577070196054,
 14.240563,1577070197054,
 14.378028,1577070198057,
 14.462535,1577070199058,
 14.496338,1577070200055,
 14.479437,1577070201051,
 14.509859,1577070202054,
 14.532394,1577070203053,
 14.463662,1577070204056,
 14.407887,1577070205051,
 14.056338,1577070206053,
 13.543098,1577070207054,
 13.08,1577070208053,
 12.726761,1577070209054,
 12.734084,1577070210054,
 12.600563,1577070211056,
 12.349296,1577070212048,
 12.130141,1577070213052,
 11.932958,1577070214054,
 11.745915,1577070215055,
 11.726761,1577070216055,
 11.681127,1577070217054,
 11.655775,1577070218057,
 11.636056,1577070219061,
 11.6152115,1577070220058,
 11.575212,1577070221058,
 11.576901,1577070222062,
 11.621972,1577070223054,
 11.360563,1577070224057,
 11.3847885,1577070225058,
 11.702536,1577070226057,
 11.969578,1577070227057,
 12.189859,1577070228059,
 12.507606,1577070229058,
 12.522817,1577070230050,
 12.298592,1577070231055,
 12.014085,1577070232051,
 11.956057,1577070233053,
 12.013521,1577070234050,
 12.209014,1577070235052,
 12.122253,1577070236054,
 11.967887,1577070237053,
 12.029296,1577070238052,
 12.114929,1577070239054,
 12.186479,1577070240052,
 12.223662,1577070241046,
 12.262535,1577070242049,
 12.343662,1577070243050,
 12.467606,1577070244049,
 12.529014,1577070245050,
 12.622535,1577070246052,
 12.673802,1577070247050,
 12.726197,1577070248063,
 12.740845,1577070249057,
 12.752676,1577070250059,
 12.747043,1577070251061,
 12.770704,1577070252057,
 12.851831,1577070253058,
 12.908169,1577070254057,
 13.002254,1577070255060,
 13.071549,1577070256057,
 13.141972,1577070257058,
 13.210141,1577070258060,
 13.336338,1577070259059,
 13.423099,1577070260057,
 13.499155,1577070261057,
 13.542535,1577070262057,
 13.641127,1577070263051,
 13.682254,1577070264058,
 13.689014,1577070265057,
 13.712112,1577070266058,
 13.35493,1577070267055,
 12.656901,1577070268058,
 12.181972,1577070269056,
 12.083381,1577070270056,
 12.125634,1577070271058,
 12.135775,1577070272054,
 12.143099,1577070273056,
 12.215211,1577070274054,
 12.254648,1577070275056,
 12.40676,1577070276060,
 12.64338,1577070277056,
 12.677747,1577070278056,
 12.729577,1577070279058,
 12.787605,1577070280056,
 12.895211,1577070281052,
 12.954366,1577070282054,
 12.979155,1577070283053,
 13.066479,1577070284052,
 13.023099,1577070285057,
 12.888451,1577070286056,
 12.699718,1577070287051,
 12.606197,1577070288051,
 12.622535,1577070289052,
 12.690141,1577070290051,
 12.75324,1577070291056,
 12.872676,1577070292046,
 12.948169,1577070293053,
 13.049578,1577070294054,
 13.119436,1577070295056,
 13.23493,1577070296053,
 13.295211,1577070297053,
 13.370705,1577070298053,
 13.457465,1577070299049,
 13.548169,1577070300067,
 13.638873,1577070301058,
 13.585352,1577070302054,
 13.607887,1577070303054,
 13.647887,1577070304056,
 13.619155,1577070305056,
 13.097465,1577070306057,
 12.428169,1577070307056,
 11.753803,1577070308054,
 11.159436,1577070309056,
 10.863662,1577070310052,
 10.718873,1577070311058,
 10.832676,1577070312062,
 11.087888,1577070313058,
 11.323944,1577070314055,
 11.631549,1577070315063,
 11.996057,1577070316058,
 12.39831,1577070317057,
 12.8287325,1577070318059,
 13.282253,1577070319060,
 13.756057,1577070320055,
 14.101972,1577070321050,
 14.257464,1577070322057,
 14.345352,1577070323049,
 14.414648,1577070324053,
 14.473803,1577070325048,
 14.24845,1577070326048,
 13.915493,1577070327049,
 13.608451,1577070328046,
 13.373521,1577070329051,
 13.16,1577070330056,
 12.895211,1577070331050,
 12.588733,1577070332045,
 12.372395,1577070333049,
 12.569577,1577070334048,
 12.414648,1577070335054,
 12.36507,1577070336050,
 12.345916,1577070337048,
 12.174085,1577070338047,
 11.994367,1577070339051,
 11.569015,1577070340053,
 11.406198,1577070341054,
 11.203381,1577070342058,
 10.941972,1577070343052,
 10.843944,1577070344053,
 10.931831,1577070345054,
 11.151549,1577070346053,
 11.372958,1577070347056,
 11.59493,1577070348057,
 11.786479,1577070349054,
 12.015775,1577070350047,
 11.960564,1577070351058,
 11.396056,1577070352054,
 10.780282,1577070353054,
 10.187606,1577070354058,
 9.723944,1577070355059,
 9.537465,1577070356052,
 9.476056,1577070357052,
 9.523944,1577070358053,
 9.638873,1577070359055,
 9.757183,1577070360059,
 9.777465,1577070361052,
 9.516056,1577070362053,
 9.286197,1577070363051,
 9.049578,1577070364048,
 9.061972,1577070365051,
 9.134085,1577070366051,
 9.258592,1577070367052,
 9.398873,1577070368048,
 9.474366,1577070369051,
 9.292957,1577070370052,
 8.967887,1577070371047,
 8.536901,1577070372044,
 8.125071,1577070373049,
 7.5678873,1577070374050,
 7.1211267,1577070375053,
 6.3740845,1577070376051,
 4.950423,1577070377051,
 2.5560563,1577070378054,
 1.6867605,1577070379054,
 1.348169,1577070380051,
 1.4298592,1577070381054,
 1.4585916,1577070382049,
 2.0456338,1577070383050,
 2.63831,1577070384055,
 3.548169,1577070385051,
 4.4270425,1577070386054,
 5.2805634,1577070387050,
 7.217465,1577070388054,
 8.929014,1577070389051,
 10.23831,1577070390051,
 10.677747,1577070391055,
 10.468733,1577070392052,
 10.103099,1577070393055,
 9.609577,1577070394053,
 9.173521,1577070395051,
 9.054085,1577070396057,
 9.280563,1577070397049,
 9.319437,1577070398050,
 9.089578,1577070399052,
 8.418028,1577070400052,
 7.303662,1577070401049,
 6.2540846,1577070402055,
 5.67831,1577070403053,
 5.2630987,1577070404054,
 5.1921124,1577070405053,
 5.3538027,1577070406053,
 5.9092956,1577070407054,
 6.4214087,1577070408052,
 6.925634,1577070409055,
 7.1977463,1577070410053,
 8.069296,1577070411058,
 8.92338,1577070412050,
 9.544226,1577070413051,
 9.852394,1577070414056,
 9.858591,1577070415053,
 9.9070425,1577070416051,
 10.085071,1577070417051,
 10.425916,1577070418051,
 10.383099,1577070419048,
 10.194929,1577070420086,
 10.021408,1577070421054,
 9.860282,1577070422055,
 9.643944,1577070423051,
 9.544788,1577070424050,
 9.612958,1577070425052,
 9.773521,1577070426055,
 10.153239,1577070427051,
 10.548733,1577070428053,
 10.748169,1577070429054,
 11.0253525,1577070430047,
 11.135775,1577070431052,
 11.376338,1577070432055,
 11.531267,1577070433051,
 11.691268,1577070434051,
 11.872676,1577070435052,
 12.060845,1577070436051,
 12.31831,1577070437049,
 12.378028,1577070438055,
 12.537465,1577070439058,
 12.6321125,1577070440053,
 12.625352,1577070441047,
 12.6152115,1577070442050,
 12.605634,1577070443052,
 12.394366,1577070444056,
 12.15831,1577070445049,
 11.858028,1577070446050,
 11.67324,1577070447050,
 11.421972,1577070448046,
 11.122817,1577070449053,
 10.941408,1577070450055,
 10.995493,1577070451053,
 11.011831,1577070452047,
 11.005071,1577070453050,
 11.047324,1577070454050,
 11.148169,1577070455049,
 11.272676,1577070456053,
 11.487887,1577070457053,
 11.658029,1577070458053,
 11.743098,1577070459045,
 11.834929,1577070460046,
 11.841126,1577070461048,
 12.086197,1577070462050,
 11.968451,1577070463048,
 11.816901,1577070464049,
 11.662536,1577070465048,
 11.522254,1577070466044,
 11.215211,1577070467045,
 10.949296,1577070468047,
 10.858591,1577070469049,
 10.838873,1577070470040,
 10.639437,1577070471048,
 10.0867605,1577070472049,
 9.493521,1577070473049,
 8.611831,1577070474052,
 7.493521,1577070475052,
 6.52507,1577070476049,
 5.6760564,1577070477046,
 4.7988734,1577070478048,
 4.2107043,1577070479052,
 4.141972,1577070480051,
 4.2411265,1577070481046,
 5.035493,1577070482046,
 6.5414085,1577070483048,
 7.92169,1577070484047,
 8.87831,1577070485048,
 9.265916,1577070486050,
 9.7949295,1577070487048,
 10.254085,1577070488046,
 10.458028,1577070489050,
 10.385916,1577070490048,
 10.234366,1577070491045,
 10.099154,1577070492050,
 9.938592,1577070493046,
 9.810141,1577070494046,
 9.606197,1577070495047,
 9.52169,1577070496048,
 9.562817,1577070497050,
 9.76338,1577070498049,
 9.83155,1577070499046,
 10.026479,1577070500047,
 9.998874,1577070501047,
 9.726197,1577070502048,
 9.35831,1577070503051,
 9.44338,1577070504051,
 9.256338,1577070505048,
 8.618029,1577070506039,
 8.343099,1577070507047,
 8.379719,1577070508044,
 8.283944,1577070509047,
 8.119436,1577070510045,
 8.054085,1577070511044,
 8.209578,1577070512041,
 8.165071,1577070513043,
 8.134085,1577070514043,
 8.064789,1577070515040,
 8.007887,1577070516042,
 7.771831,1577070517040,
 7.7166195,1577070518042,
 7.5070424,1577070519046,
 7.5830984,1577070520047,
 7.579718,1577070521046,
 7.48507,1577070522049,
 7.3667607,1577070523048,
 7.263662,1577070524049,
 7.1847887,1577070525048,
 7.065352,1577070526049,
 6.995493,1577070527049,
 6.8985915,1577070528042,
 6.752676,1577070529046,
 6.663662,1577070530043,
 6.602817,1577070531048,
 6.2197185,1577070532038,
 5.8687325,1577070533039,
 5.831549,1577070534041,
 6.091831,1577070535041,
 6.5087323,1577070536042,
 7.123944,1577070537041,
 7.5430984,1577070538041,
 7.8146477,1577070539042,
 8.056901,1577070540046,
 8.308169,1577070541043,
 8.44169,1577070542040,
 8.592113,1577070543038,
 8.7780285,1577070544038,
 8.96,1577070545038,
 9.43493,1577070546036,
 10.068169,1577070547038,
 10.624226,1577070548035,
 11.220845,1577070549036,
 11.670423,1577070550035,
 11.965633,1577070551038,
 12.291267,1577070552039,
 12.646761,1577070553038,
 12.859718,1577070554037,
 13.056338,1577070555036,
 13.218028,1577070556037,
 13.379719,1577070557035,
 13.47662,1577070558040,
 13.604507,1577070559041,
 13.48169,1577070560038,
 12.896338,1577070561037,
 12.569577,1577070562038,
 12.032113,1577070563042,
 11.334648,1577070564037,
 10.48,1577070565040,
 10.112676,1577070566041,
 9.709296,1577070567037,
 8.900846,1577070568034,
 8.4523945,1577070569042,
 8.100282,1577070570041,
 7.882817,1577070571043,
 7.3723946,1577070572041,
 7.870986,1577070573041,
 7.619155,1577070574039,
 6.787042,1577070575039,
 5.3983097,1577070576035,
 3.7915492,1577070577036,
 3.1611269,1577070578035,
 2.5408452,1577070579037,
 2.1053522,1577070580034,
 1.654648,1577070581040,
 1.7825352,1577070582040,
 1.534648,1577070583035,
 1.4005634,1577070584032,
 1.2332394,1577070585037,
 1.3160564,1577070586030,
 1.5374647,1577070587036,
 1.3797183,1577070588033,
 1.3729577,1577070589033,
 1.3605634,1577070590031,
 1.4501408,1577070591033,
 1.1921127,1577070592028,
 1.5611267,1577070593031,
 1.9329578,1577070594033,
 2.131831,1577070595032,
 2.432676,1577070596032,
 3.3470423,1577070597028,
 4.402817,1577070598034,
 5.219155,1577070599032,
 6.0321126,1577070600040,
 6.9780283,1577070601044,
 7.6839437,1577070602032,
 8.2326765,1577070603035,
 8.735211,1577070604033,
 8.755493,1577070605033,
 8.545916,1577070606035,
 8.481127,1577070607031,
 8.506479,1577070608029,
 8.5476055,1577070609032,
 8.591549,1577070610029,
 8.401127,1577070611032,
 8.020845,1577070612032,
 7.5459156,1577070613032,
 7.138592,1577070614031,
 6.7656336,1577070615027,
 6.3532395,1577070616031,
 5.6653523,1577070617034,
 5.0467606,1577070618033,
 4.8935213,1577070619035,
 5.009014,1577070620031,
 5.1414084,1577070621033,
 5.3059154,1577070622031,
 5.555493,1577070623033,
 5.6416903,1577070624031,
 4.782535,1577070625027,
 3.9566197,1577070626027,
 2.7070422,1577070627030,
 1.7256339,1577070628030,
 1.4338028,1577070629030,
 1.1002817,1577070630031,
 1.2321126,1577070631031,
 1.3842254,1577070632030,
 1.4146479,1577070633030,
 1.752676,1577070634034,
 1.819155,1577070635037,
 1.6698592,1577070636035,
 1.9194366,1577070637028,
 1.9442253,1577070638032,
 2.3070424,1577070639033,
 2.762817,1577070640034,
 2.9757748,1577070641032,
 2.983662,1577070642033,
 3.0923944,1577070643033,
 3.3622534,1577070644030,
 3.4794366,1577070645034,
 3.5954928,1577070646033,
 3.7391548,1577070647035,
 3.8569014,1577070648031,
 4.028169,1577070649036,
 4.222535,1577070650036,
 4.3047886,1577070651036,
 4.35662,1577070652034,
 4.366197,1577070653036,
 4.702535,1577070654035,
 5.1340847,1577070655029,
 5.23662,1577070656030,
 5.1842256,1577070657032,
 5.331268,1577070658034,
 5.4929576,1577070659033,
 5.499718,1577070660036,
 5.4422536,1577070661036,
 5.3391547,1577070662033,
 4.989859,1577070663037,
 4.60338,1577070664032,
 3.4540844,1577070665033,
 3.0016901,1577070666029,
 3.3870423,1577070667035,
 3.9667606,1577070668033,
 4.753803,1577070669033,
 5.5661974,1577070670033,
 6.6766195,1577070671035,
 7.761127,1577070672032,
 8.67324,1577070673027,
 9.305352,1577070674030,
 9.762816,1577070675030,
 9.778591,1577070676028,
 9.8732395,1577070677025,
 9.742536,1577070678026,
 9.352113,1577070679030,
 8.8732395,1577070680030,
 8.437183,1577070681030,
 7.88169,1577070682031,
 7.1802816,1577070683033,
 6.5712676,1577070684027,
 6.1695776,1577070685031,
 5.9374647,1577070686025,
 5.970141,1577070687025,
 6.011831,1577070688023,
 5.87662,1577070689028,
 5.935211,1577070690026,
 5.9284506,1577070691027,
 6.5414085,1577070692021,
 6.490704,1577070693022,
 6.011831,1577070694025,
 6.23831,1577070695023,
 6.766197,1577070696025,
 7.3030987,1577070697025,
 7.949859,1577070698025,
 8.529577,1577070699029,
 8.584788,1577070700025,
 8.052394,1577070701028,
 7.5042253,1577070702029,
 6.9932394,1577070703028,
 6.499718,1577070704026,
 5.9087324,1577070705028,
 5.410704,1577070706022,
 4.687324,1577070707025,
 4.051831,1577070708025,
 3.1645072,1577070709027,
 2.0794365,1577070710025,
 1.0647887,1577070711029,
 0.7707042,1577070712025,
 1.2405634,1577070713022,
 1.9301409,1577070714026,
 2.7977464,1577070715033,
 3.380845,1577070716027,
 3.9284508,1577070717025,
 3.6619718,1577070718027,
 3.8056338,1577070719027,
 3.9605634,1577070720055,
 4.0129576,1577070721029,
 3.945352,1577070722025,
 3.8298593,1577070723026,
 3.5842254,1577070724021,
 3.2416902,1577070725026,
 2.8366196,1577070726025,
 2.5301409,1577070727027,
 2.228169,1577070728023,
 2.792676,1577070729028,
 2.007324,1577070730022,
 1.5802817,1577070731025,
 1.5442253,1577070732025,
 1.3842254,1577070733021,
 1.2078873,1577070734022,
 0.40112677,1577070735017,
 0.029859155,1577070736015,
 0.012394366,1577070737015,
 0.014647887,1577070738018,
 0.0022535212,1577070739020,
 0.023098592,1577070740013,
 0.015211267,1577070741014,
 0.045633804,1577070742015,
 0.034366198,1577070743016,
 0.01859155,1577070744015,
 0.024788732,1577070745019,
 0.053521127,1577070746015,
 0.02028169,1577070747016,
 0.027605634,1577070748015,
 0.0135211265,1577070749017,
 0.045633804,1577070750018,
 0.03380282,1577070751018,
