 0.014647887,1577071583954,
 0.012957746,1577071585068,
 0.02028169,1577071586083,
 0.010140845,1577071587089,
 0.025915492,1577071588075,
 0.02253521,1577071589102,
 0.0033802816,1577071590106,
 0.0022535212,1577071591087,
 0.017464789,1577071592072,
 0.012957746,1577071593100,
 0.006197183,1577071594084,
 0.52056336,1577071595277,
 1.171831,1577071596039,
 1.5735211,1577071597036,
 1.6152112,1577071598043,
 1.7583098,1577071599032,
 1.8805634,1577071600036,
 1.8794366,1577071601030,
 2.0456338,1577071602030,
 2.1819718,1577071603033,
 2.306479,1577071604029,
 2.7994366,1577071605031,
 3.60169,1577071606030,
 4.5532393,1577071607034,
 5.0878873,1577071608031,
 5.340845,1577071609033,
 5.5323944,1577071610029,
 5.684507,1577071611031,
 5.83831,1577071612034,
 6.0969014,1577071613031,
 6.4630985,1577071614030,
 6.5323944,1577071615029,
 6.1757746,1577071616027,
 5.625352,1577071617024,
 5.2940845,1577071618028,
 5.436056,1577071619027,
 5.693521,1577071620047,
 6.0270424,1577071621028,
 6.3983097,1577071622029,
 6.84,1577071623032,
 7.0315495,1577071624037,
 6.881127,1577071625030,
 6.620845,1577071626037,
 5.7261972,1577071627035,
 5.078873,1577071628032,
 4.238873,1577071629034,
 3.6169014,1577071630037,
 2.6687324,1577071631037,
 1.7171831,1577071632038,
 1.1352112,1577071633040,
 1.3059155,1577071634040,
 1.2405634,1577071635036,
 1.1661972,1577071636038,
 0.9504225,1577071637041,
 1.023662,1577071638045,
 1.4140846,1577071639038,
 2.2664788,1577071640041,
 2.3030987,1577071641037,
 2.3369014,1577071642038,
 2.4185915,1577071643036,
 3.059155,1577071644034,
 3.3447888,1577071645033,
 3.9707043,1577071646027,
 4.2056336,1577071647031,
 4.1594367,1577071648033,
 4.2214084,1577071649037,
 4.0157747,1577071650030,
 3.9340844,1577071651031,
 4.013521,1577071652033,
 4.4642253,1577071653032,
 4.7430987,1577071654032,
 4.8478875,1577071655033,
 4.8276057,1577071656035,
 4.653521,1577071657029,
 5.1340847,1577071658033,
 5.6315494,1577071659036,
 5.948169,1577071660036,
 5.6822534,1577071661036,
 5.4450703,1577071662033,
 5.5695777,1577071663035,
 5.435493,1577071664035,
 5.301972,1577071665030,
 5.0861974,1577071666029,
 4.817465,1577071667029,
 4.51831,1577071668025,
 4.1954927,1577071669035,
 4.218028,1577071670028,
 4.355493,1577071671029,
 4.589859,1577071672032,
 4.672676,1577071673028,
 4.554366,1577071674035,
 4.618592,1577071675031,
 5.16338,1577071676029,
 6.0676055,1577071677030,
 6.2653522,1577071678029,
 6.128451,1577071679027,
 6.32,1577071680037,
 6.499718,1577071681029,
 6.7802815,1577071682029,
 6.7560563,1577071683029,
 6.797183,1577071684031,
 7.011831,1577071685028,
 7.16338,1577071686027,
 7.301972,1577071687033,
 7.47493,1577071688028,
 7.2901406,1577071689032,
 7.113803,1577071690033,
 6.957183,1577071691030,
 7.0957747,1577071692030,
 7.2833805,1577071693037,
 7.3633804,1577071694032,
 7.4292955,1577071695031,
 7.1594367,1577071696039,
 6.728451,1577071697031,
 5.536338,1577071698033,
 4.7250705,1577071699029,
 4.2653522,1577071700032,
 3.8501408,1577071701030,
 3.6050704,1577071702032,
 3.257465,1577071703031,
 3.2169013,1577071704029,
 3.4692957,1577071705031,
 3.992676,1577071706030,
 4.9633803,1577071707030,
 5.2952113,1577071708025,
 5.718873,1577071709031,
 6.3323946,1577071710029,
 6.4478874,1577071711029,
 6.3729577,1577071712029,
 6.6602817,1577071713030,
 8.021972,1577071714029,
 8.08169,1577071715028,
 8.852958,1577071716030,
 9.183099,1577071717035,
 9.385916,1577071718039,
 9.303099,1577071719034,
 9.531267,1577071720039,
 9.472113,1577071721036,
 9.469859,1577071722037,
 9.582535,1577071723040,
 9.6,1577071724036,
 9.630423,1577071725035,
 9.68,1577071726029,
 9.685634,1577071727034,
 9.687324,1577071728038,
 9.678309,1577071729036,
 9.643944,1577071730034,
 9.448451,1577071731031,
 9.130704,1577071732030,
 8.83831,1577071733033,
 8.590986,1577071734030,
 8.250704,1577071735032,
 8.129014,1577071736033,
 8.354366,1577071737025,
 8.757747,1577071738027,
 8.997183,1577071739027,
 8.588733,1577071740060,
 8.270423,1577071741032,
 8.228732,1577071742026,
 8.249014,1577071743027,
 8.344789,1577071744026,
 8.339155,1577071745028,
 8.339718,1577071746032,
 8.419155,1577071747031,
 8.498028,1577071748024,
 8.352113,1577071749029,
 7.9188733,1577071750030,
 7.832113,1577071751030,
 7.9915495,1577071752029,
 8.007324,1577071753034,
 7.816338,1577071754029,
 7.486197,1577071755024,
 6.6822534,1577071756027,
 5.6760564,1577071757028,
 5.415775,1577071758029,
 5.35662,1577071759029,
 5.387042,1577071760035,
 5.441127,1577071761032,
 5.1904225,1577071762032,
 5.2507043,1577071763033,
 6.0985913,1577071764031,
 6.9876056,1577071765034,
 7.562817,1577071766028,
 7.8523946,1577071767031,
 7.6952114,1577071768034,
 7.6642256,1577071769031,
 7.703099,1577071770033,
 7.795493,1577071771041,
 7.7014084,1577071772036,
 7.552676,1577071773035,
 7.327324,1577071774035,
 7.154366,1577071775033,
 7.267606,1577071776036,
 7.4529576,1577071777032,
 7.5915494,1577071778035,
 7.609014,1577071779033,
 7.563944,1577071780032,
 7.489014,1577071781034,
 7.386479,1577071782039,
 7.3329577,1577071783034,
 7.2292957,1577071784030,
 7.3104224,1577071785035,
 7.5425353,1577071786033,
 7.854648,1577071787033,
 7.6895776,1577071788031,
 7.3583097,1577071789047,
 7.693521,1577071790031,
 8.091831,1577071791034,
 8.410141,1577071792037,
 8.792112,1577071793035,
 9.139718,1577071794038,
 9.380281,1577071795029,
 9.6828165,1577071796032,
 9.941408,1577071797034,
 10.192113,1577071798035,
 10.444507,1577071799034,
 10.731268,1577071800042,
 10.441127,1577071801036,
 9.606197,1577071802033,
 8.978592,1577071803033,
 8.700845,1577071804033,
 8.56169,1577071805035,
 8.497465,1577071806029,
 8.359437,1577071807034,
 8.52338,1577071808034,
 8.450141,1577071809032,
 7.8585916,1577071810033,
 7.36169,1577071811036,
 7.192676,1577071812036,
 6.870986,1577071813034,
 6.3729577,1577071814034,
 5.5814085,1577071815035,
 5.034366,1577071816036,
 4.6721125,1577071817033,
 4.6022534,1577071818039,
 4.589859,1577071819036,
 4.703099,1577071820034,
 4.908169,1577071821037,
 6.000563,1577071822039,
 7.604507,1577071823045,
 8.808451,1577071824044,
 8.860845,1577071825042,
 8.702536,1577071826041,
 9.278873,1577071827041,
 9.855775,1577071828040,
 10.413521,1577071829044,
 10.698591,1577071830054,
 10.614084,1577071831050,
 10.451831,1577071832044,
 10.510986,1577071833044,
 10.571268,1577071834042,
 10.743662,1577071835036,
 10.868169,1577071836044,
 10.712112,1577071837043,
 10.704789,1577071838046,
 10.712676,1577071839047,
 10.875493,1577071840044,
 11.151549,1577071841045,
 11.284507,1577071842050,
 11.43831,1577071843050,
 11.480563,1577071844044,
 11.507042,1577071845047,
 11.571831,1577071846040,
 11.592676,1577071847045,
 11.611268,1577071848049,
 11.552676,1577071849047,
 11.570141,1577071850048,
 11.51662,1577071851047,
 11.251267,1577071852047,
 10.777465,1577071853041,
 10.587605,1577071854048,
 10.303099,1577071855045,
 10.020282,1577071856047,
 9.795493,1577071857045,
 9.627042,1577071858049,
 9.576901,1577071859047,
 9.490141,1577071860054,
 9.28676,1577071861044,
 9.127888,1577071862044,
 8.98986,1577071863049,
 8.867605,1577071864042,
 8.728451,1577071865048,
 8.690704,1577071866051,
 8.590423,1577071867052,
 8.591549,1577071868045,
 8.621972,1577071869044,
 8.590986,1577071870045,
 8.649577,1577071871046,
 8.762254,1577071872050,
 8.856901,1577071873052,
 8.5476055,1577071874045,
 7.911549,1577071875040,
 7.3459153,1577071876045,
 6.7859154,1577071877046,
 6.484507,1577071878049,
 6.292394,1577071879044,
 6.158873,1577071880045,
 6.887324,1577071881045,
 8.304225,1577071882043,
 9.494084,1577071883048,
 9.704789,1577071884047,
 9.976901,1577071885043,
 10.1774645,1577071886040,
 9.8732395,1577071887044,
 9.498028,1577071888048,
 9.24169,1577071889046,
 8.987606,1577071890049,
 8.44169,1577071891054,
 7.7008452,1577071892048,
 6.844507,1577071893044,
 5.7684507,1577071894049,
 4.5904226,1577071895049,
 3.7447886,1577071896059,
 3.5036619,1577071897047,
 3.6225352,1577071898045,
 4.375775,1577071899047,
 5.15831,1577071900045,
 5.8822536,1577071901048,
 6.628732,1577071902053,
 7.477183,1577071903051,
 8.347042,1577071904042,
 9.398873,1577071905047,
 10.484507,1577071906047,
 11.775211,1577071907044,
 12.848451,1577071908048,
 13.775211,1577071909049,
 14.709296,1577071910048,
 15.624226,1577071911045,
 16.445633,1577071912045,
 16.44676,1577071913046,
 16.232676,1577071914049,
 16.027605,1577071915049,
 15.956619,1577071916048,
 16.013521,1577071917049,
 16.081127,1577071918048,
 16.23324,1577071919048,
 16.36169,1577071920055,
 16.521128,1577071921046,
 16.699156,1577071922043,
 16.934084,1577071923046,
 17.138592,1577071924044,
 17.361126,1577071925046,
 17.567324,1577071926048,
 17.643944,1577071927047,
 17.552675,1577071928046,
 17.480564,1577071929042,
 17.388733,1577071930043,
 17.299719,1577071931047,
 17.212957,1577071932047,
 17.072113,1577071933039,
 16.858028,1577071934032,
 16.793802,1577071935025,
 16.056337,1577071936026,
 16.03155,1577071937012,
 15.971831,1577071938013,
 16.9031,1577071952087,
 17.212395,1577071953032,
 17.118309,1577071954033,
 16.947042,1577071955033,
 16.684507,1577071956039,
 16.402817,1577071957041,
 16.099718,1577071958041,
 15.717183,1577071959041,
 15.372395,1577071960042,
 15.049014,1577071961042,
 14.734648,1577071962037,
 14.399437,1577071963043,
 14.117746,1577071964041,
 13.847324,1577071965038,
 13.577465,1577071966039,
 13.338028,1577071967040,
 13.129014,1577071968042,
 13.285634,1577071969045,
 13.529014,1577071970041,
 13.757183,1577071971041,
 14.04,1577071972043,
 14.284507,1577071973038,
 14.04169,1577071974045,
 13.64507,1577071975043,
 13.404507,1577071976038,
 13.286197,1577071977038,
 13.20169,1577071978036,
 13.117183,1577071979037,
 13.05014,1577071980043,
 12.961126,1577071981034,
 12.902535,1577071982035,
 12.821408,1577071983034,
 12.781972,1577071984031,
 12.748733,1577071985030,
 12.664789,1577071986034,
 12.548169,1577071987042,
 12.525634,1577071988034,
 12.458591,1577071989034,
 12.424226,1577071990034,
 12.261409,1577071991031,
 12.307606,1577071992034,
 12.175775,1577071993027,
 11.649577,1577071994023,
 10.96338,1577071995016,
 10.701408,1577071996018,
 10.68169,1577071997016,
 10.467042,1577071998013,
 32.480564,1577072018053,
 7.6405635,1577072032028,
 8.352676,1577072033028,
 9.154929,1577072034028,
 9.875493,1577072035030,
 10.529577,1577072036028,
 11.055775,1577072037028,
 11.56507,1577072038025,
 11.776338,1577072039027,
 11.748733,1577072040033,
 11.908169,1577072041026,
 12.005633,1577072042021,
 11.969578,1577072043025,
 11.898592,1577072044026,
 12.017465,1577072045026,
 12.163381,1577072046030,
 12.228732,1577072047030,
 11.927324,1577072048029,
 11.540281,1577072049030,
 11.166197,1577072050031,
 10.958873,1577072051030,
 11.100282,1577072052030,
 11.323944,1577072053025,
 11.579719,1577072054030,
 11.863662,1577072055030,
 12.109859,1577072056035,
 12.355493,1577072057034,
 12.594366,1577072058036,
 12.860282,1577072059034,
 13.110422,1577072060032,
 13.352676,1577072061037,
 13.430423,1577072062037,
 13.372395,1577072063035,
 13.480563,1577072064036,
 13.635493,1577072065034,
 13.805071,1577072066034,
 13.969578,1577072067032,
 14.145352,1577072068030,
 14.305916,1577072069030,
 14.4692955,1577072070034,
 14.632676,1577072071027,
 14.797747,1577072072030,
 14.987606,1577072073031,
 15.141409,1577072074030,
 15.237746,1577072075031,
 15.274366,1577072076032,
 15.330705,1577072077031,
 15.304225,1577072078031,
 15.322253,1577072079030,
 15.28845,1577072080037,
 15.278873,1577072081033,
 15.234366,1577072082034,
 15.213521,1577072083038,
 15.180845,1577072084034,
 15.164507,1577072085032,
 15.130704,1577072086033,
 14.874929,1577072087034,
 14.308169,1577072088038,
 14.007324,1577072089032,
 13.861408,1577072090032,
 13.749859,1577072091034,
 13.647887,1577072092034,
 13.56169,1577072093031,
 13.527887,1577072094037,
 13.520563,1577072095035,
 13.683944,1577072096033,
 13.874366,1577072097034,
 14.096901,1577072098035,
 14.397183,1577072099037,
 14.749859,1577072100040,
 15.111549,1577072101041,
 15.383099,1577072102035,
 15.330705,1577072103037,
 15.16845,1577072104034,
 15.032113,1577072105033,
 14.921126,1577072106036,
 14.823098,1577072107034,
 14.804507,1577072108037,
 14.787605,1577072109035,
 14.852394,1577072110032,
 14.877183,1577072111032,
 14.867043,1577072112039,
 14.947042,1577072113032,
 14.962254,1577072114034,
 15.032113,1577072115030,
 15.101972,1577072116029,
 15.245634,1577072117029,
 15.473803,1577072118031,
 15.633802,1577072119030,
 15.829296,1577072120029,
 15.974085,1577072121031,
 15.961126,1577072122026,
 15.899155,1577072123031,
 15.752676,1577072124032,
 15.618591,1577072125027,
 15.455774,1577072126028,
 15.293521,1577072127027,
 15.096901,1577072128027,
 14.925071,1577072129025,
 14.724507,1577072130031,
 14.508733,1577072131030,
 14.287888,1577072132028,
 14.067606,1577072133030,
 13.8,1577072134027,
 13.698029,1577072135027,
 13.7780285,1577072136034,
 13.88,1577072137034,
 14.002254,1577072138035,
 14.11831,1577072139034,
 14.274366,1577072140032,
 14.420845,1577072141042,
 14.586479,1577072142043,
 14.741972,1577072143042,
 14.903662,1577072144040,
 15.058028,1577072145038,
 15.225916,1577072146034,
 15.389859,1577072147034,
 15.547042,1577072148038,
 15.708733,1577072149035,
 15.878873,1577072150033,
 16.024788,1577072151033,
 16.037184,1577072152033,
 15.884507,1577072153033,
 15.752676,1577072154034,
 15.67493,1577072155037,
 15.629859,1577072156035,
 15.425352,1577072157033,
 15.252957,1577072158032,
 15.131268,1577072159033,
 15.057465,1577072160043,
 15.020845,1577072161038,
 14.966761,1577072162030,
 14.889014,1577072163034,
 14.784225,1577072164040,
 14.705352,1577072165038,
 14.515493,1577072166041,
 14.151549,1577072167039,
 13.809014,1577072168038,
 13.856901,1577072169030,
 13.965633,1577072170033,
 14.073239,1577072171035,
 14.178592,1577072172038,
 14.291831,1577072173029,
 14.397746,1577072174029,
 14.507606,1577072175030,
 14.619719,1577072176035,
 14.776901,1577072177032,
 14.861972,1577072178037,
 14.975211,1577072179032,
 15.069296,1577072180027,
 15.143099,1577072181042,
 15.291267,1577072182033,
 15.309859,1577072183032,
 15.282253,1577072184045,
 15.246197,1577072185036,
 15.184789,1577072186032,
 15.134085,1577072187034,
 15.102535,1577072188046,
 15.12,1577072189033,
 14.960564,1577072190043,
 14.514366,1577072191033,
 13.960564,1577072192041,
 13.422535,1577072193036,
 12.858591,1577072194034,
 12.350423,1577072195033,
 12.212957,1577072196039,
 12.094085,1577072197041,
 12.081127,1577072198033,
 12.228732,1577072199034,
 12.407887,1577072200038,
 12.549295,1577072201042,
 12.646761,1577072202039,
 12.816901,1577072203033,
 13.000564,1577072204028,
 13.224789,1577072205044,
 13.464788,1577072206028,
 13.699718,1577072207039,
 13.475493,1577072208036,
 12.9132395,1577072209043,
 12.825915,1577072210046,
 12.855211,1577072211045,
 12.883944,1577072212038,
 12.975775,1577072213048,
 13.046761,1577072214039,
 13.138592,1577072215047,
 13.229296,1577072216042,
 13.266479,1577072217050,
 13.344225,1577072218049,
 13.035493,1577072219027,
 12.549859,1577072220053,
 12.221409,1577072221049,
 11.904225,1577072222031,
 11.534084,1577072223046,
 11.343099,1577072224042,
 11.361127,1577072225049,
 11.461409,1577072226044,
 11.610704,1577072227042,
 11.701408,1577072228032,
 11.770704,1577072229052,
 11.79831,1577072230044,
 11.842817,1577072231051,
 11.986479,1577072232059,
 12.143099,1577072233045,
 12.32507,1577072234067,
 12.492958,1577072235052,
 12.6152115,1577072236060,
 12.815211,1577072237060,
 12.709296,1577072238057,
 12.312676,1577072239051,
 12.020845,1577072240051,
 12.027606,1577072241059,
 12.0698595,1577072242051,
 11.999436,1577072243063,
 11.587605,1577072244050,
 11.350986,1577072245051,
 11.32,1577072246047,
 11.349859,1577072247056,
 11.397746,1577072248059,
 11.431549,1577072249057,
 11.52507,1577072250060,
 11.55831,1577072251045,
 11.569015,1577072252059,
 11.372958,1577072253056,
 10.9577465,1577072254057,
 10.667042,1577072255064,
 10.247324,1577072256051,
 8.779155,1577072257058,
 7.4332395,1577072258051,
 7.043944,1577072259050,
 6.871549,1577072260057,
 6.6850705,1577072261048,
 6.3290143,1577072262058,
 6.049014,1577072263051,
 7.2022533,1577072264059,
 7.480563,1577072265037,
 7.5380282,1577072266062,
 7.669859,1577072267051,
 8.147606,1577072268053,
 8.836619,1577072269057,
 9.819155,1577072270058,
 10.684507,1577072271057,
 11.083943,1577072272065,
 11.362253,1577072273060,
 11.6321125,1577072274050,
 11.944789,1577072275057,
 12.138028,1577072276059,
 12.221409,1577072277062,
 12.384225,1577072278057,
 12.630986,1577072279057,
 12.745352,1577072280054,
 12.890704,1577072281061,
 13.1205635,1577072282058,
 13.322253,1577072283073,
 13.468733,1577072284075,
 13.590986,1577072285069,
 13.336902,1577072286073,
 12.866479,1577072287066,
 12.494084,1577072288069,
 12.358873,1577072289072,
 12.534084,1577072290074,
 12.72507,1577072291069,
 12.777465,1577072292069,
 12.798873,1577072293073,
 12.657465,1577072294075,
 12.321691,1577072295070,
 11.937465,1577072296074,
 11.282253,1577072297071,
 10.0,1577072298063,
 8.272113,1577072299070,
 6.4112678,1577072300028,
 4.8940845,1577072301030,
 4.5532393,1577072302065,
 4.3295774,1577072303070,
 4.142535,1577072304070,
 3.940845,1577072305073,
 3.642817,1577072306030,
 3.2552114,1577072307026,
 2.9098592,1577072308029,
 1.04,1577072309030,
 0.012957746,1577072310027,
 0.011267605,1577072311020,
 0.42591548,1577072312030,
 0.9357746,1577072313028,
 1.3425353,1577072314031,
 1.472676,1577072315031,
 1.3678874,1577072316072,
 1.2749295,1577072317032,
 1.355493,1577072318028,
 1.5149295,1577072319033,
 0.029295774,1577072320025,
 0.01859155,1577072321026,
 0.003943662,1577072322030,
 0.112676054,1577072323028,
 0.0033802816,1577072324024,
 0.010704225,1577072325024,
 0.015211267,1577072326027,
 0.4005634,1577072327030,
 0.6952113,1577072328034,
 1.1025352,1577072329029,
 1.2907043,1577072330033,
 1.8597183,1577072331033,
 2.126197,1577072332030,
 2.133521,1577072333030,
 2.5611267,1577072334033,
 2.2608452,1577072335032,
 1.9847888,1577072336030,
 1.8033803,1577072337031,
 1.5814085,1577072338030,
 1.6253521,1577072339030,
 1.5216901,1577072340071,
 1.543662,1577072341031,
 1.9047887,1577072342029,
 2.4388733,1577072343032,
 2.3943663,1577072344029,
 2.2952113,1577072345029,
 2.5374649,1577072346033,
 3.0174649,1577072347024,
 3.6028168,1577072348029,
 4.108732,1577072349031,
 4.7087326,1577072350032,
 5.2901406,1577072351029,
 5.678873,1577072352033,
 6.0433803,1577072353029,
 6.4366198,1577072354030,
 6.8591547,1577072355030,
 7.1577463,1577072356029,
 7.3752112,1577072357029,
 7.5233803,1577072358027,
 7.747606,1577072359030,
 7.9487324,1577072360035,
 8.134648,1577072361033,
 8.210141,1577072362032,
 8.409014,1577072363033,
 8.742536,1577072364038,
 9.060845,1577072365030,
 9.354366,1577072366034,
 9.501409,1577072367031,
 9.569577,1577072368037,
 9.534648,1577072369028,
 9.546479,1577072370037,
 9.650141,1577072371035,
 9.700845,1577072372032,
 9.753803,1577072373033,
 9.785352,1577072374031,
 9.798873,1577072375031,
 9.956619,1577072376029,
 9.9639435,1577072377031,
 9.9639435,1577072378031,
 9.965071,1577072379030,
 9.680563,1577072380030,
 9.247888,1577072381030,
 8.772394,1577072382034,
 8.399437,1577072383032,
 8.438873,1577072384030,
 8.445634,1577072385030,
 8.48,1577072386029,
 8.501972,1577072387025,
 8.514366,1577072388033,
 8.629859,1577072389031,
 8.703098,1577072390032,
 8.600563,1577072391032,
 8.263662,1577072392031,
 7.842817,1577072393030,
 7.4670424,1577072394032,
 7.105352,1577072395032,
 6.7701406,1577072396030,
 6.712113,1577072397027,
 7.023662,1577072398024,
 7.233803,1577072399028,
 7.5205636,1577072400088,
 7.7261972,1577072401030,
 8.011268,1577072402027,
 8.40676,1577072403028,
 9.32507,1577072404028,
 10.3402815,1577072405023,
 10.962817,1577072406029,
 9.480563,1577072407027,
 7.722817,1577072408029,
 6.406197,1577072409025,
 5.4985914,1577072410026,
 5.0157747,1577072411030,
 4.76338,1577072412032,
 5.233803,1577072413027,
 5.9594364,1577072414028,
 6.7154927,1577072415028,
 7.362817,1577072416024,
 7.8659153,1577072417029,
 8.4523945,1577072418031,
 9.491831,1577072419027,
 10.499155,1577072420027,
 11.029296,1577072421029,
 11.265352,1577072422029,
 11.428169,1577072423029,
 11.657465,1577072424031,
 11.8287325,1577072425029,
 11.988732,1577072426030,
 11.910422,1577072427021,
 11.600563,1577072428022,
 11.616338,1577072429026,
 11.64169,1577072430030,
 11.769014,1577072431026,
 11.846761,1577072432037,
 12.019718,1577072433027,
 12.138592,1577072434025,
 12.246197,1577072435025,
 12.350986,1577072436029,
 12.409014,1577072437029,
 12.536901,1577072438025,
 12.689014,1577072439026,
 12.790986,1577072440028,
 12.811268,1577072441022,
 12.64169,1577072442028,
 12.330141,1577072443028,
 12.107042,1577072444022,
 11.760564,1577072445018,
 11.728451,1577072446027,
 11.685634,1577072447027,
 11.648451,1577072448029,
 11.606197,1577072449023,
 11.576901,1577072450021,
 11.576338,1577072451027,
 11.500845,1577072452022,
 11.522254,1577072453028,
 11.613522,1577072454031,
 11.72,1577072455024,
 11.7673235,1577072456019,
 11.683944,1577072457022,
 11.676056,1577072458023,
 11.646197,1577072459027,
 11.587605,1577072460076,
 11.566197,1577072461026,
 11.423662,1577072462022,
 11.36,1577072463022,
 11.136902,1577072464028,
 10.885633,1577072465022,
 10.632676,1577072466025,
 10.363944,1577072467021,
 10.3064785,1577072468024,
 10.434366,1577072469026,
 10.52169,1577072470019,
 10.443944,1577072471021,
 10.188732,1577072472027,
 9.900846,1577072473021,
 9.570704,1577072474022,
 9.261971,1577072475024,
 8.95831,1577072476027,
 8.895211,1577072477027,
 8.987606,1577072478024,
 8.904789,1577072479026,
 9.043943,1577072480028,
 9.119436,1577072481027,
 9.307606,1577072482032,
 9.370141,1577072483031,
 9.500281,1577072484031,
 9.766197,1577072485024,
 10.020282,1577072486027,
 10.260845,1577072487026,
 10.455212,1577072488024,
 10.638873,1577072489022,
 10.846197,1577072490032,
 11.033803,1577072491028,
 11.172395,1577072492027,
 11.383662,1577072493029,
 11.602254,1577072494024,
 11.8563385,1577072495027,
 12.1436615,1577072496029,
 12.455212,1577072497027,
 12.896338,1577072498025,
 13.321691,1577072499023,
 13.752676,1577072500025,
 14.240563,1577072501021,
 14.371831,1577072502028,
 14.281127,1577072503021,
 14.192676,1577072504025,
 14.16845,1577072505023,
 14.142535,1577072506023,
 14.110986,1577072507022,
 14.224225,1577072508024,
 14.40338,1577072509026,
 14.633802,1577072510025,
 14.525634,1577072511025,
 14.038874,1577072512024,
 13.608451,1577072513024,
 13.139155,1577072514021,
 12.473803,1577072515027,
 12.025915,1577072516024,
 11.459719,1577072517019,
 10.876619,1577072518026,
 10.282817,1577072519024,
 9.717183,1577072520120,
 9.157183,1577072521023,
 8.630423,1577072522024,
 8.189296,1577072523025,
 8.184225,1577072524021,
 8.183099,1577072525019,
 8.202253,1577072526029,
 8.2557745,1577072527019,
 8.121127,1577072528027,
 7.714366,1577072529024,
 7.172958,1577072530023,
 6.6805634,1577072531020,
 5.844507,1577072532026,
 4.4349294,1577072533020,
 2.364507,1577072534025,
 0.03887324,1577072535015,
 0.009014085,1577072536012,
 0.006197183,1577072537020,
 0.006197183,1577072538024,
 0.006197183,1577072539022,
 0.009577465,1577072540015,
 0.006197183,1577072541018,
 0.0067605632,1577072542023,
 0.010140845,1577072543012,
 0.011267605,1577072544020,
 0.008450705,1577072545019,
 0.024788732,1577072546017,
 0.015774649,1577072547013,
 0.003943662,1577072548014,
 0.015211267,1577072549019,
 0.010140845,1577072550020,
 0.006197183,1577072551020,
 0.0016901408,1577072552027,
 0.006197183,1577072553017,
 0.0067605632,1577072554012,
 0.0067605632,1577072555019,
 0.008450705,1577072556022,
 0.012394366,1577072557016,
 0.0045070425,1577072558019,
 0.0028169013,1577072559019,
 0.10366197,1577072560020,
 1.0805634,1577072561021,
 2.5509858,1577072562022,
 3.9667606,1577072563024,
 5.5014086,1577072564021,
 6.9577465,1577072565015,
 8.108169,1577072566017,
 8.88338,1577072567013,
 9.410141,1577072568012,
 9.855211,1577072569015,
 10.242817,1577072570019,
 10.614084,1577072571019,
 10.967887,1577072572017,
 11.316056,1577072573022,
 11.680563,1577072574026,
 12.108732,1577072575027,
 12.586479,1577072576019,
 13.086197,1577072577026,
 13.630986,1577072578030,
 14.129578,1577072579029,
 14.677747,1577072580051,
 15.140845,1577072581030,
 15.469859,1577072582019,
 15.546479,1577072583014,
 15.184789,1577072584021,
 15.056338,1577072585021,
 15.064225,1577072586026,
 15.224789,1577072587022,
 15.399437,1577072588019,
 15.552113,1577072589024,
 15.7104225,1577072590020,
 15.872676,1577072591022,
 16.07831,1577072592030,
 16.247324,1577072593020,
 16.375774,1577072594016,
 16.56845,1577072595023,
 16.460846,1577072596024,
 16.319437,1577072597019,
 16.309296,1577072598024,
 16.35324,1577072599020,
 16.392675,1577072600020,
 16.447887,1577072601020,
 16.466478,1577072602023,
 16.47155,1577072603022,
 16.4,1577072604025,
 16.329014,1577072605018,
 16.286198,1577072606021,
 16.265352,1577072607019,
 16.225351,1577072608023,
 16.197184,1577072609023,
 16.189297,1577072610024,
 16.20676,1577072611025,
 15.918873,1577072612019,
 15.393239,1577072613019,
 14.846761,1577072614022,
 14.301971,1577072615023,
 13.784789,1577072616021,
 13.470423,1577072617022,
 13.132957,1577072618022,
 12.699155,1577072619020,
 12.411267,1577072620023,
 12.023662,1577072621020,
 11.692394,1577072622025,
 11.381971,1577072623019,
 10.971268,1577072624022,
 10.35831,1577072625025,
 9.726197,1577072626024,
 9.0929575,1577072627020,
 8.516056,1577072628027,
 7.890141,1577072629018,
 7.307042,1577072630018,
 6.673239,1577072631023,
 5.6614084,1577072632020,
 4.8298593,1577072633019,
 3.5492957,1577072634022,
 1.9476056,1577072635023,
 1.0033803,1577072636018,
 0.7492958,1577072637021,
 0.003943662,1577072638016,
 0.0005633803,1577072639013,
 0.009577465,1577072640027,
 0.0033802816,1577072641015,
 0.015211267,1577072642014,
 0.006197183,1577072643012,
 0.030985916,1577072644011,
 1.091831,1577072645013,
 3.124507,1577072646024,
 4.4321127,1577072647019,
 6.576338,1577072648020,
 8.070422,1577072649019,
 8.895211,1577072650021,
 9.718309,1577072651021,
 10.219718,1577072652019,
 10.132957,1577072653021,
 9.672112,1577072654018,
 9.461972,1577072655024,
 9.445634,1577072656022,
 9.424226,1577072657018,
 9.313239,1577072658025,
 9.269859,1577072659020,
 9.420845,1577072660021,
 9.7611265,1577072661018,
 10.620845,1577072662018,
 11.788169,1577072663014,
 12.749296,1577072664019,
 13.568451,1577072665020,
 14.305916,1577072666020,
 15.051268,1577072667021,
 15.825915,1577072668020,
 16.572958,1577072669020,
 17.209015,1577072670021,
 17.030987,1577072671022,
 16.961126,1577072672021,
 17.024788,1577072673021,
 17.188732,1577072674016,
 17.301409,1577072675020,
 17.410141,1577072676027,
 17.540846,1577072677033,
 17.571268,1577072678019,
 17.639437,1577072679021,
 17.72507,1577072680020,
 17.807888,1577072681016,
 17.919437,1577072682025,
 18.01859,1577072683022,
 18.126198,1577072684014,
 18.199436,1577072685014,
 18.149296,1577072686015,
 17.97014,1577072687015,
 17.75662,1577072688024,
 17.587042,1577072689015,
 17.28845,1577072690015,
 17.03155,1577072691016,
 16.827606,1577072692010,
 16.662535,1577072693015,
 16.472113,1577072694022,
 16.349297,1577072695019,
 16.180845,1577072696016,
 16.041126,1577072697016,
 15.87831,1577072698017,
 15.837183,1577072699018,
 15.781408,1577072700057,
 15.611268,1577072701017,
 15.310986,1577072702016,
 14.979155,1577072703011,
 15.087324,1577072704019,
 15.217464,1577072705016,
 14.96,1577072706020,
 14.579155,1577072707014,
 14.218028,1577072708015,
 13.901972,1577072709016,
 13.94986,1577072710015,
 13.88338,1577072711016,
 13.586479,1577072712021,
 13.207324,1577072713018,
 12.846197,1577072714012,
 12.598873,1577072715016,
 12.2,1577072716013,
 11.775211,1577072717015,
 11.369577,1577072718019,
 10.933521,1577072719016,
 10.493521,1577072720023,
 10.056338,1577072721011,
 9.7673235,1577072722014,
 9.904225,1577072723014,
 9.79155,1577072724019,
 9.427606,1577072725013,
 8.576338,1577072726015,
 6.536338,1577072727016,
 4.3633804,1577072728014,
 3.8298593,1577072729014,
 3.5954928,1577072730018,
 3.925634,1577072731012,
 5.292958,1577072732005,
 6.7002816,1577072733012,
 7.162817,1577072734009,
 8.051268,1577072735011,
 8.83324,1577072736015,
 9.623098,1577072737012,
 10.320563,1577072738009,
 10.896338,1577072739009,
 11.415212,1577072740011,
 11.927324,1577072741015,
 12.457465,1577072742021,
 13.043381,1577072743011,
 13.253521,1577072744013,
 13.385352,1577072745015,
 13.8456335,1577072746016,
 14.300845,1577072747015,
 14.649577,1577072748016,
 15.026479,1577072749015,
 15.3678875,1577072750008,
 15.252957,1577072751015,
 15.321691,1577072752017,
 15.48,1577072753013,
 15.608451,1577072754015,
 15.736338,1577072755016,
 15.915493,1577072756012,
 15.9070425,1577072757014,
 15.947606,1577072758016,
 15.821972,1577072759012,
 15.529014,1577072760026,
 15.532394,1577072761011,
 15.668733,1577072762012,
 15.680563,1577072763014,
 15.610141,1577072764014,
 15.378592,1577072765012,
 15.218028,1577072766020,
 15.207324,1577072767016,
 15.209578,1577072768015,
 15.224789,1577072769014,
 14.32338,1577072770012,
 12.313803,1577072771014,
 10.631549,1577072772013,
 9.962817,1577072773015,
 9.841126,1577072774011,
 10.52169,1577072775010,
 11.253521,1577072776010,
 11.967887,1577072777010,
 12.7442255,1577072778012,
 13.588169,1577072779010,
 14.44169,1577072780011,
 15.140845,1577072781010,
 15.810141,1577072782012,
 16.47155,1577072783009,
 17.093521,1577072784019,
 17.183662,1577072785011,
 17.16338,1577072786012,
 17.251268,1577072787013,
 17.33859,1577072788012,
 17.464788,1577072789010,
 17.598873,1577072790011,
 17.726196,1577072791015,
 17.625916,1577072792011,
 17.576338,1577072793012,
 17.44507,1577072794012,
 17.292957,1577072795009,
 17.100845,1577072796017,
 16.906479,1577072797014,
 16.708733,1577072798010,
 16.538029,1577072799012,
 15.649577,1577072800010,
 14.559437,1577072801008,
 12.372395,1577072802012,
 10.68,1577072803009,
 10.588169,1577072804009,
 11.544226,1577072805006,
 12.576901,1577072806007,
 13.652958,1577072807006,
 14.675493,1577072808008,
 15.690141,1577072809007,
 16.563944,1577072810007,
 17.28338,1577072811006,
 17.405071,1577072812001,
 17.463099,1577072813006,
 17.516056,1577072814011,
 17.579155,1577072815008,
 17.66141,1577072816009,
 17.610704,1577072817005,
 17.537464,1577072818004,
 17.42479,1577072818999,
 17.32169,1577072820013,
 17.277746,1577072821008,
 17.284508,1577072822006,
 17.295774,1577072823004,
 17.229296,1577072824007,
 16.790422,1577072825007,
 16.430986,1577072826010,
 15.989296,1577072827007,
 15.860282,1577072828017,
 15.526197,1577072829004,
 14.167888,1577072830002,
 12.783662,1577072831005,
 11.27831,1577072832006,
 10.732394,1577072833003,
 10.709296,1577072834003,
 10.738591,1577072835008,
 10.749296,1577072836006,
 10.813521,1577072837007,
 10.904225,1577072838007,
 11.262535,1577072839005,
 11.685634,1577072840007,
 12.1881695,1577072841002,
 12.6659155,1577072842004,
 13.020845,1577072843003,
 13.159436,1577072844008,
 13.211831,1577072845004,
 13.299718,1577072846006,
 13.324507,1577072847004,
 12.635493,1577072848008,
 12.247888,1577072849006,
 12.219155,1577072850008,
 12.046197,1577072851008,
 11.929014,1577072852001,
 11.702536,1577072853005,
 11.695775,1577072854005,
 11.527324,1577072855005,
 11.334648,1577072856007,
 11.24169,1577072857005,
 11.013521,1577072858005,
 10.790986,1577072858999,
 10.549859,1577072860004,
 10.225352,1577072861005,
 9.628169,1577072862009,
 9.356056,1577072863004,
 9.0084505,1577072864003,
 8.735211,1577072865005,
 8.468733,1577072866005,
 8.109859,1577072867005,
 7.7943664,1577072868008,
 7.4630985,1577072869005,
 6.9138026,1577072869999,
 5.75662,1577072871003,
 4.3442254,1577072872001,
 3.9690142,1577072873005,
 3.5211267,1577072874004,
 3.0411267,1577072875004,
 2.6033802,1577072876002,
 2.0732393,1577072877000,
 1.3256338,1577072878004,
 1.0450704,1577072879006,
 0.6050704,1577072880031,
 0.0073239435,1577072880992,
 0.0135211265,1577072881998,
 0.003943662,1577072882998,
 0.10366197,1577072883996,
 0.7476056,1577072885002,
 1.3408451,1577072886003,
 2.355493,1577072886999,
 4.2112675,1577072887998,
 5.9250703,1577072889002,
 6.213521,1577072890001,
 6.1656337,1577072891002,
 6.979155,1577072892001,
 7.856338,1577072893006,
 7.357183,1577072894003,
 7.0028167,1577072895003,
 6.7487326,1577072896002,
 6.510986,1577072897002,
 6.1160564,1577072898004,
 5.732958,1577072898996,
 5.381972,1577072899998,
 6.6614084,1577072900998,
 7.4687324,1577072901998,
 7.341972,1577072902999,
 6.949296,1577072904000,
 6.410704,1577072905000,
 5.5830984,1577072905995,
 5.20338,1577072906998,
 5.894648,1577072907997,
 7.1532393,1577072908994,
 7.407324,1577072909994,
 6.6230984,1577072910997,
 4.935775,1577072911992,
 3.2405634,1577072912991,
 2.7464788,1577072913985,
 2.1757746,1577072914988,
 2.1921127,1577072915985,
 2.2039437,1577072916985,
 2.183662,1577072917988,
 2.169014,1577072918991,
 2.3740845,1577072919988,
 3.037183,1577072920985,
 4.1605635,1577072921988,
 5.2692957,1577072922989,
 6.402817,1577072923992,
 7.079437,1577072924995,
 7.23831,1577072925994,
 6.256338,1577072926997,
 5.2687325,1577072927997,
 5.158873,1577072928996,
 4.5616903,1577072929994,
 4.3239436,1577072930995,
 4.233803,1577072931994,
 3.9205635,1577072932995,
 3.9104226,1577072933999,
 5.2214084,1577072934999,
 6.176338,1577072935998,
 5.8822536,1577072936999,
 6.2467604,1577072938001,
 7.2957745,1577072938998,
 8.24,1577072940010,
 8.815211,1577072941003,
 8.641127,1577072942002,
 7.624225,1577072943002,
 7.1104226,1577072944000,
 6.8191547,1577072944993,
 6.5414085,1577072945992,
 5.986479,1577072946994,
 5.496338,1577072947994,
 5.6957746,1577072948999,
 7.070986,1577072949992,
 7.692958,1577072950994,
 7.9149294,1577072951999,
 8.256902,1577072952994,
 8.1774645,1577072953992,
 7.9825354,1577072954994,
 7.2360563,1577072955996,
 6.699155,1577072956992,
 6.4112678,1577072957998,
 5.7346478,1577072958997,
 6.108169,1577072960000,
 6.4878874,1577072961000,
 6.797183,1577072962000,
 6.6614084,1577072962998,
 5.4535213,1577072963999,
 5.016338,1577072964999,
 4.536338,1577072965994,
 4.272113,1577072966996,
 3.5898592,1577072967991,
 2.8974648,1577072968996,
 2.5340846,1577072969994,
 2.6152112,1577072971000,
 2.789859,1577072971995,
 4.237183,1577072972993,
 5.543662,1577072973994,
 6.807324,1577072974998,
 7.777465,1577072976000,
 8.726761,1577072976996,
 9.458028,1577072977996,
 10.259718,1577072978994,
 10.386478,1577072979998,
 10.197183,1577072980997,
 10.900846,1577072981998,
 10.538591,1577072983001,
 10.119436,1577072984000,
 9.724507,1577072984998,
 8.630423,1577072985996,
 8.701972,1577072986998,
 8.031549,1577072987995,
 8.586479,1577072988993,
 8.776901,1577072989992,
 8.609577,1577072990994,
 9.340845,1577072991989,
 9.576901,1577072992993,
 9.718873,1577072993993,
 9.979718,1577072994990,
 9.893521,1577072995994,
 9.576338,1577072996990,
 9.090704,1577072997993,
 8.612394,1577072998995,
 8.413521,1577073000003,
 7.8388734,1577073000994,
 7.4822536,1577073001992,
 7.1177464,1577073002994,
 5.8230987,1577073003993,
 5.0360565,1577073004991,
 4.623662,1577073005995,
 4.096338,1577073006994,
 2.9250705,1577073007993,
 1.8360564,1577073008995,
 2.0388732,1577073009993,
 3.250141,1577073010995,
 3.08169,1577073011998,
 2.7932394,1577073012995,
 2.3847888,1577073013997,
 1.7149296,1577073014995,
 1.6056339,1577073015995,
 1.5402817,1577073016995,
 2.0022535,1577073017999,
 3.0039437,1577073018989,
 3.1859155,1577073019994,
 2.6112676,1577073020993,
 2.5132394,1577073021994,
 2.5076056,1577073022993,
 2.5723944,1577073023997,
 2.5002816,1577073024996,
 2.4349296,1577073025991,
 2.5678873,1577073026994,
 2.5323944,1577073027991,
 2.2957747,1577073028991,
 2.1622536,1577073029990,
 2.2585917,1577073030993,
 2.2478874,1577073031991,
 2.0997183,1577073032992,
 1.832676,1577073033990,
 1.4676056,1577073034988,
 1.2969015,1577073035989,
 1.4264789,1577073036984,
 0.86309856,1577073037991,
 0.7943662,1577073038988,
 0.28957745,1577073039991,
 0.014647887,1577073040983,
 0.067042254,1577073041984,
 0.5830986,1577073042991,
 0.9228169,1577073043990,
 1.1250705,1577073044989,
 1.0867605,1577073045990,
 1.1205634,1577073046988,
 1.3064789,1577073047983,
 1.3188733,1577073048988,
 1.2670423,1577073049988,
 1.127324,1577073050989,
 0.5887324,1577073051987,
 0.16676056,1577073052985,
 0.14704226,1577073053988,
 0.024225352,1577073054982,
 0.011267605,1577073055984,
 0.011830986,1577073056983,
 0.0056338026,1577073057983,
 0.0033802816,1577073058976,
 0.0005633803,1577073059989,
 0.0033802816,1577073060981,
 0.007887324,1577073062117,
