 0.0067605632,1577087758012,
 0.0045070425,1577087759417,
 0.007887324,1577087760368,
 0.0028169013,1577087761368,
 0.0033802816,1577087762393,
 0.007887324,1577087763393,
 0.008450705,1577087764387,
 0.02140845,1577087765373,
 0.0073239435,1577087766429,
 0.006197183,1577087767338,
 0.0016901408,1577087768335,
 0.0011267606,1577087769331,
 0.19211267,1577087770342,
 0.6208451,1577087771346,
 0.6738028,1577087772349,
 0.788169,1577087773345,
 0.87774646,1577087774346,
 0.86704224,1577087775345,
 0.7447887,1577087776348,
 0.99098593,1577087777348,
 1.1909859,1577087778348,
 1.1318309,1577087779347,
 0.976338,1577087780343,
 1.0107043,1577087781346,
 0.8428169,1577087782346,
 0.6123944,1577087783349,
 0.55098593,1577087784348,
 0.84732395,1577087785348,
 0.7938028,1577087786348,
 0.9228169,1577087787347,
 0.8264789,1577087788347,
 0.623662,1577087789349,
 0.5380282,1577087790346,
 0.6884507,1577087791340,
 0.2343662,1577087792345,
 0.32169014,1577087793348,
 0.5802817,1577087794345,
 0.17352113,1577087795350,
 0.027605634,1577087796345,
 1.0726761,1577087797348,
 0.6011268,1577087798345,
 0.5138028,1577087799348,
 0.023098592,1577087800338,
 0.0073239435,1577087801343,
 0.23549296,1577087802347,
 0.43267605,1577087803345,
 0.072676055,1577087804339,
 0.010140845,1577087805339,
 0.009014085,1577087806339,
 0.011267605,1577087807345,
 0.0022535212,1577087808347,
 0.010704225,1577087809336,
 0.011267605,1577087810339,
 0.0056338026,1577087811338,
 0.41070423,1577087812343,
 0.856338,1577087813344,
 1.0028169,1577087814344,
 1.0721127,1577087815346,
 1.1515493,1577087816345,
 1.1656338,1577087817344,
 1.3492957,1577087818346,
 1.4394367,1577087819362,
 1.7769014,1577087820341,
 2.2766197,1577087821344,
 2.4619718,1577087822346,
 2.588169,1577087823344,
 2.734648,1577087824345,
 2.9014084,1577087825352,
 3.1284506,1577087826348,
 3.7487323,1577087827344,
 3.762817,1577087828344,
 3.3656337,1577087829343,
 2.9729578,1577087830344,
 2.9521127,1577087831344,
 3.3701408,1577087832352,
 3.211831,1577087833345,
 3.616338,1577087834345,
 3.9470422,1577087835344,
 3.995493,1577087836343,
 3.7802818,1577087837347,
 3.4045072,1577087838344,
 3.2816901,1577087839344,
 3.2907043,1577087840344,
 3.348169,1577087841344,
 3.2,1577087842342,
 3.0850704,1577087843348,
 3.675493,1577087844345,
 4.3346477,1577087845343,
 4.917183,1577087846343,
 4.979155,1577087847343,
 5.060845,1577087848341,
 5.148169,1577087849340,
 5.112676,1577087850342,
 5.0856338,1577087851343,
 4.989859,1577087852344,
 4.8197184,1577087853342,
 4.7859154,1577087854342,
 4.6450706,1577087855344,
 4.611831,1577087856339,
 4.5205636,1577087857345,
 4.5115495,1577087858344,
 4.549859,1577087859343,
 4.6895776,1577087860336,
 5.0467606,1577087861344,
 5.4957747,1577087862345,
 5.8292956,1577087863344,
 5.805634,1577087864343,
 5.8935213,1577087865342,
 6.1954927,1577087866343,
 6.5177464,1577087867341,
 6.331268,1577087868339,
 5.5014086,1577087869342,
 5.7492957,1577087870340,
 5.4619718,1577087871335,
 4.866479,1577087872338,
 4.610141,1577087873341,
 4.4878874,1577087874337,
 4.7369013,1577087875340,
 5.246197,1577087876338,
 5.747042,1577087877342,
 5.6050706,1577087878335,
 5.5425353,1577087879354,
 5.583662,1577087880339,
 5.750986,1577087881338,
 5.895211,1577087882338,
 6.065352,1577087883339,
 6.181972,1577087884340,
 6.2253523,1577087885343,
 6.23662,1577087886338,
 6.132958,1577087887338,
 6.0529575,1577087888337,
 5.927324,1577087889331,
 5.867042,1577087890332,
 5.7149296,1577087891336,
 5.691831,1577087892340,
 5.500282,1577087893335,
 6.258028,1577087894330,
 6.130141,1577087895331,
 5.806197,1577087896337,
 5.449014,1577087897338,
 5.36,1577087898340,
 5.337465,1577087899340,
 5.4783096,1577087900332,
 5.595493,1577087901337,
 5.895775,1577087902342,
 6.2377467,1577087903343,
 6.584789,1577087904342,
 6.901972,1577087905339,
 7.244507,1577087906339,
 7.583662,1577087907336,
 7.644507,1577087908338,
 7.221972,1577087909341,
 6.954366,1577087910344,
 6.651831,1577087911338,
 6.1194367,1577087912340,
 5.7560563,1577087913341,
 5.5070424,1577087914340,
 5.1994367,1577087915345,
 5.131831,1577087916344,
 5.4614086,1577087917341,
 6.176338,1577087918339,
 6.544789,1577087919342,
 6.6985917,1577087920343,
 6.876056,1577087921352,
 7.380282,1577087922348,
 7.632676,1577087923346,
 7.970141,1577087924344,
 8.247324,1577087925340,
 8.325634,1577087926344,
 8.431549,1577087927348,
 8.282253,1577087928346,
 8.096901,1577087929341,
 7.7498593,1577087930343,
 7.420845,1577087931344,
 7.0585914,1577087932345,
 6.731831,1577087933342,
 6.176338,1577087934342,
 5.436056,1577087935342,
 5.382535,1577087936341,
 5.927324,1577087937344,
 6.52,1577087938343,
 7.032676,1577087939363,
 7.435493,1577087940340,
 7.858028,1577087941344,
 8.132395,1577087942343,
 7.8895774,1577087943343,
 7.6839437,1577087944342,
 7.376338,1577087945344,
 7.1521125,1577087946342,
 6.973521,1577087947342,
 6.989296,1577087948345,
 7.0123944,1577087949345,
 7.092958,1577087950344,
 7.2292957,1577087951347,
 7.347042,1577087952347,
 7.578028,1577087953344,
 7.8185916,1577087954341,
 7.658028,1577087955341,
 7.4050703,1577087956344,
 7.1476054,1577087957345,
 6.850704,1577087958340,
 6.579718,1577087959341,
 6.574648,1577087960340,
 6.642817,1577087961340,
 6.7447886,1577087962339,
 6.870986,1577087963342,
 6.964507,1577087964340,
 7.1019716,1577087965338,
 7.27662,1577087966341,
 7.397183,1577087967342,
 7.44169,1577087968342,
 7.267606,1577087969339,
 7.059155,1577087970339,
 7.098028,1577087971341,
 6.9695773,1577087972341,
 6.565634,1577087973339,
 5.9042253,1577087974337,
 5.3847885,1577087975335,
 5.8878875,1577087976330,
 6.3239436,1577087977334,
 6.5295773,1577087978335,
 6.3030987,1577087979336,
 5.7211266,1577087980339,
 5.6715493,1577087981343,
 5.8090143,1577087982342,
 5.9487324,1577087983334,
 6.1904225,1577087984338,
 6.6360564,1577087985344,
 7.0664787,1577087986339,
 7.303662,1577087987341,
 7.588169,1577087988343,
 7.885634,1577087989343,
 8.152113,1577087990346,
 8.292395,1577087991348,
 8.350423,1577087992344,
 8.309859,1577087993346,
 8.311549,1577087994343,
 8.028169,1577087995343,
 7.2760563,1577087996345,
 6.747606,1577087997344,
 6.2512674,1577087998341,
 5.552676,1577087999371,
 5.2005634,1577088000347,
 5.4259157,1577088001342,
 5.84169,1577088002342,
 6.3059154,1577088003345,
 6.8540845,1577088004344,
 7.256338,1577088005343,
 7.7447886,1577088006344,
 7.9842253,1577088007343,
 8.085634,1577088008344,
 8.072676,1577088009340,
 7.2011266,1577088010342,
 6.436056,1577088011345,
 5.386479,1577088012345,
 4.733521,1577088013340,
 4.352113,1577088014343,
 3.976338,1577088015342,
 3.0495775,1577088016336,
 1.8135211,1577088017347,
 0.39887324,1577088018342,
 0.016338028,1577088019336,
 0.051830985,1577088020338,
 0.017464789,1577088021332,
 0.0045070425,1577088022332,
 0.015211267,1577088023335,
 0.011830986,1577088024333,
 0.0067605632,1577088025332,
 0.003943662,1577088026335,
 0.007887324,1577088027331,
 0.011267605,1577088028338,
 0.008450705,1577088029343,
 0.029859155,1577088030341,
 0.009014085,1577088031335,
 0.086760566,1577088032340,
 0.0073239435,1577088033335,
 0.015774649,1577088034335,
 0.014084507,1577088035339,
 0.07605634,1577088036339,
 0.0022535212,1577088037334,
 0.0056338026,1577088038331,
 0.0033802816,1577088039335,
 0.011267605,1577088040336,
 0.007887324,1577088041340,
 0.016338028,1577088042337,
 0.007887324,1577088043336,
 0.02140845,1577088044333,
 0.014084507,1577088045328,
 0.023098592,1577088046332,
 0.016338028,1577088047340,
 0.04225352,1577088048338,
 0.02253521,1577088049334,
 0.08450704,1577088050332,
 0.012394366,1577088051330,
 0.023098592,1577088052329,
 0.03380282,1577088053333,
 0.026478874,1577088054335,
 0.003943662,1577088055329,
 0.02028169,1577088056327,
 0.024225352,1577088057329,
 0.016338028,1577088058330,
 0.01915493,1577088059335,
 0.012957746,1577088060328,
 0.01690141,1577088061329,
 0.007887324,1577088062330,
 0.0050704223,1577088063326,
 0.0016901408,1577088064327,
 0.0067605632,1577088065334,
 0.014084507,1577088066327,
 0.008450705,1577088067319,
 0.0045070425,1577088068328,
 0.0056338026,1577088069330,
 0.016338028,1577088070329,
 0.028169014,1577088071330,
 0.030985916,1577088072331,
 0.027042253,1577088073327,
 0.01690141,1577088074325,
 0.012957746,1577088075323,
 0.009014085,1577088076326,
 0.01971831,1577088077331,
 0.0073239435,1577088078327,
 0.01971831,1577088079328,
 0.010704225,1577088080325,
 0.003943662,1577088081329,
 0.003943662,1577088082327,
 0.026478874,1577088083331,
 0.011830986,1577088084326,
 0.04450704,1577088085319,
 0.014647887,1577088086325,
 0.047887325,1577088087328,
 0.034366198,1577088088326,
 0.0135211265,1577088089330,
 0.011267605,1577088090327,
 0.015211267,1577088091329,
 0.08,1577088092332,
 0.0073239435,1577088093329,
 0.007887324,1577088094327,
 0.009577465,1577088095334,
 0.010140845,1577088096336,
 0.009014085,1577088097331,
 0.025352113,1577088098331,
 0.0135211265,1577088099325,
 0.03605634,1577088100325,
 0.0135211265,1577088101328,
 0.024788732,1577088102341,
 0.012957746,1577088103325,
 0.015774649,1577088104326,
 0.009014085,1577088105326,
 0.007887324,1577088106329,
 0.0011267606,1577088107328,
 0.007887324,1577088108328,
 0.0005633803,1577088109328,
 0.0028169013,1577088110329,
 0.01915493,1577088111330,
 0.0045070425,1577088112332,
 0.0073239435,1577088113333,
 0.02028169,1577088114324,
 0.0067605632,1577088115326,
 0.010704225,1577088116322,
 0.0067605632,1577088117322,
 0.012394366,1577088118322,
 0.0045070425,1577088119329,
 0.0135211265,1577088120323,
 0.0067605632,1577088121325,
 0.0050704223,1577088122324,
 0.009577465,1577088123326,
 0.012957746,1577088124331,
 0.010140845,1577088125330,
 0.007887324,1577088126330,
 0.0028169013,1577088127330,
 0.006197183,1577088128327,
 0.024788732,1577088129329,
 0.009014085,1577088130325,
 0.02084507,1577088131331,
 0.010704225,1577088132332,
 0.012957746,1577088133323,
 0.0067605632,1577088134326,
 0.0050704223,1577088135325,
 0.006197183,1577088136319,
 0.0073239435,1577088137324,
 0.003943662,1577088138320,
 0.014647887,1577088139322,
 0.01971831,1577088140323,
 0.010140845,1577088141326,
 0.012394366,1577088142325,
 0.006197183,1577088143322,
 0.003943662,1577088144322,
 0.0056338026,1577088145330,
 0.0050704223,1577088146327,
 0.011267605,1577088147322,
 0.0033802816,1577088148326,
 0.011267605,1577088149330,
 0.02084507,1577088150327,
 0.028732395,1577088151324,
 0.016338028,1577088152326,
 0.016338028,1577088153324,
 0.007887324,1577088154318,
 0.014084507,1577088155325,
 0.010140845,1577088156332,
 0.010140845,1577088157325,
 0.0067605632,1577088158322,
 0.009014085,1577088159322,
 0.006197183,1577088160324,
 0.01971831,1577088161329,
 0.003943662,1577088162328,
 0.0067605632,1577088163326,
 0.009014085,1577088164323,
 0.010704225,1577088165319,
 0.023661971,1577088166326,
 0.44957745,1577088167334,
 1.0546479,1577088168334,
 1.9278873,1577088169338,
 2.4912677,1577088170334,
 2.940845,1577088171331,
 3.392676,1577088172331,
 3.8557746,1577088173333,
 3.7774649,1577088174334,
 3.783662,1577088175333,
 3.9019718,1577088176330,
 4.089014,1577088177333,
 4.1752114,1577088178332,
 4.4394364,1577088179333,
 4.886197,1577088180329,
 5.3233805,1577088181330,
 5.654648,1577088182335,
 5.3194366,1577088183325,
 4.9538026,1577088184331,
 4.9059153,1577088185331,
 4.869859,1577088186338,
 4.9228168,1577088187329,
 5.064789,1577088188328,
 5.3622537,1577088189329,
 5.504789,1577088190328,
 5.697465,1577088191336,
 6.108169,1577088192334,
 6.590986,1577088193328,
 6.99831,1577088194330,
 7.0861974,1577088195331,
 7.1166196,1577088196332,
 7.0957747,1577088197333,
 7.065352,1577088198331,
 7.0805635,1577088199331,
 7.1211267,1577088200329,
 7.1853523,1577088201333,
 7.3690143,1577088202333,
 7.669296,1577088203337,
 7.9430985,1577088204333,
 8.105915,1577088205324,
 7.830986,1577088206329,
 7.573521,1577088207330,
 7.530704,1577088208327,
 7.530704,1577088209333,
 7.72338,1577088210329,
 7.9092956,1577088211329,
 8.031549,1577088212327,
 8.203381,1577088213331,
 8.371831,1577088214329,
 8.335211,1577088215332,
 7.9295774,1577088216336,
 7.6152115,1577088217331,
 7.361127,1577088218335,
 7.1132393,1577088219334,
 6.9188733,1577088220335,
 6.7357745,1577088221336,
 6.610141,1577088222333,
 6.634366,1577088223328,
 6.396056,1577088224332,
 6.3346477,1577088225332,
 6.60338,1577088226331,
 6.663099,1577088227330,
 6.3239436,1577088228331,
 6.1509857,1577088229328,
 6.260845,1577088230330,
 6.3188734,1577088231329,
 6.3667607,1577088232340,
 6.6169014,1577088233332,
 6.8732395,1577088234337,
 7.07831,1577088235334,
 7.2884507,1577088236332,
 7.5369015,1577088237334,
 7.6895776,1577088238338,
 7.7194366,1577088239335,
 7.79662,1577088240340,
 7.850704,1577088241330,
 7.9729576,1577088242336,
 8.117183,1577088243334,
 7.9222536,1577088244334,
 7.9442253,1577088245326,
 7.495211,1577088246338,
 7.292394,1577088247331,
 6.960563,1577088248334,
 6.697465,1577088249339,
 6.340845,1577088250341,
 5.6957746,1577088251340,
 5.330141,1577088252343,
 5.404507,1577088253338,
 5.365634,1577088254343,
 5.271549,1577088255344,
 5.3138027,1577088256340,
 5.529014,1577088257340,
 5.7504225,1577088258342,
 6.182535,1577088259350,
 6.6507044,1577088260340,
 7.216338,1577088261355,
 7.575211,1577088262348,
 7.810704,1577088263348,
 8.220845,1577088264343,
 8.673802,1577088265339,
 9.028169,1577088266342,
 9.066479,1577088267353,
 9.053521,1577088268352,
 8.313239,1577088269340,
 7.7132397,1577088270363,
 7.045634,1577088271346,
 6.529014,1577088272338,
 5.934648,1577088273360,
 5.955493,1577088274363,
 5.957183,1577088275360,
 6.099718,1577088276363,
 6.2540846,1577088277346,
 6.380845,1577088278361,
 6.533521,1577088279361,
 6.714366,1577088280361,
 6.7859154,1577088281361,
 6.7932396,1577088282353,
 6.817465,1577088283354,
 7.0822535,1577088284359,
 7.5239434,1577088285362,
 8.292957,1577088286355,
 8.204507,1577088287368,
 7.8630986,1577088288360,
 7.530704,1577088289354,
 7.5025353,1577088290353,
 7.441127,1577088291360,
 7.2140846,1577088292352,
 7.035493,1577088293359,
 6.9740844,1577088294372,
 6.724507,1577088295352,
 6.5025353,1577088296376,
 6.272113,1577088297378,
 6.342535,1577088298368,
 6.444507,1577088299370,
 6.533521,1577088300373,
 6.579718,1577088301371,
 6.4929576,1577088302374,
 6.534648,1577088303374,
 6.6523943,1577088304371,
 6.8230987,1577088305365,
 6.6952114,1577088306366,
 6.8433805,1577088307365,
 6.9149294,1577088308366,
 6.9633803,1577088309364,
 7.07831,1577088310371,
 7.197183,1577088311375,
 7.155493,1577088312364,
 7.1109858,1577088313370,
 7.039437,1577088314329,
 7.035493,1577088315374,
 6.8377466,1577088316370,
 6.597183,1577088317355,
 6.2850704,1577088318366,
 6.03831,1577088319359,
 5.7938027,1577088320332,
 5.783662,1577088321331,
 5.8146477,1577088322332,
 5.9380283,1577088323334,
 6.3002815,1577088324335,
 6.669859,1577088325331,
 7.1752114,1577088326332,
 7.1797185,1577088327333,
 7.064225,1577088328337,
 6.302535,1577088329335,
 5.336901,1577088330330,
 4.9335213,1577088331332,
 4.5994368,1577088332325,
 4.830986,1577088333332,
 5.173521,1577088334334,
 5.518873,1577088335337,
 5.64338,1577088336334,
 5.8523946,1577088337334,
 5.956056,1577088338332,
 5.9295774,1577088339331,
 5.6895776,1577088340331,
 5.3397183,1577088341336,
 4.99493,1577088342333,
 4.779155,1577088343329,
 4.405634,1577088344330,
 4.1605635,1577088345330,
 3.7222536,1577088346328,
 3.580845,1577088347333,
 3.7864788,1577088348330,
 3.8704226,1577088349330,
 3.9447887,1577088350326,
 3.9543662,1577088351329,
 4.056338,1577088352327,
 4.1397185,1577088353329,
 4.1447887,1577088354325,
 4.228169,1577088355327,
 4.2692957,1577088356328,
 4.3138027,1577088357328,
 4.917183,1577088358330,
 5.27662,1577088359331,
 5.5025353,1577088360327,
 5.727324,1577088361324,
 5.6940846,1577088362328,
 5.732958,1577088363328,
 6.1909857,1577088364325,
 6.4833803,1577088365322,
 6.367324,1577088366324,
 6.179155,1577088367322,
 6.2456336,1577088368326,
 6.0816903,1577088369332,
 5.979155,1577088370325,
 6.1887326,1577088371332,
 6.3487325,1577088372320,
 6.2777467,1577088373327,
 5.887324,1577088374323,
 5.6614084,1577088375323,
 5.380845,1577088376322,
 5.1504226,1577088377326,
 5.0422535,1577088378324,
 4.9566197,1577088379329,
 4.7892957,1577088380329,
 4.549296,1577088381330,
 4.214648,1577088382329,
 3.8388731,1577088383324,
 3.5605633,1577088384330,
 3.460845,1577088385329,
 3.6484506,1577088386329,
 3.72,1577088387331,
 4.1430984,1577088388330,
 4.9476056,1577088389335,
 5.6912675,1577088390330,
 5.816901,1577088391332,
 5.9188733,1577088392332,
 6.174648,1577088393331,
 6.522817,1577088394327,
 7.0084505,1577088395334,
 7.051831,1577088396331,
 6.8974648,1577088397329,
 6.7098594,1577088398334,
 6.419155,1577088399331,
 5.836056,1577088400329,
 5.6721125,1577088401333,
 5.8749294,1577088402330,
 5.8895774,1577088403321,
 5.555493,1577088404320,
 5.2450705,1577088405318,
 4.930141,1577088406321,
 4.691831,1577088407323,
 4.4512677,1577088408316,
 4.1994367,1577088409325,
 3.922817,1577088410323,
 3.6918309,1577088411324,
 3.696338,1577088412320,
 3.63831,1577088413328,
 3.5476058,1577088414333,
 4.029296,1577088415329,
 4.68169,1577088416326,
 5.173521,1577088417326,
 5.6642256,1577088418326,
 6.1076055,1577088419318,
 6.4873238,1577088420321,
 6.961127,1577088421320,
 7.20169,1577088422321,
 7.550986,1577088423317,
 7.8478875,1577088424320,
 7.891831,1577088425322,
 7.64338,1577088426323,
 7.340845,1577088427320,
 7.11831,1577088428326,
 6.8467607,1577088429321,
 6.6366196,1577088430314,
 6.1853523,1577088431327,
 5.5177464,1577088432320,
 4.9966197,1577088433320,
 4.579155,1577088434320,
 4.9121127,1577088435315,
 5.331268,1577088436314,
 5.706479,1577088437323,
 6.2067604,1577088438318,
 6.534648,1577088439317,
 6.7053523,1577088440316,
 6.6202817,1577088441314,
 6.0028167,1577088442312,
 5.5949297,1577088443319,
 5.5532393,1577088444319,
 5.575211,1577088445318,
 5.559437,1577088446324,
 5.673803,1577088447321,
 5.773521,1577088448320,
 5.8935213,1577088449317,
 6.0405636,1577088450317,
 6.0856338,1577088451319,
 6.0861974,1577088452309,
 5.916056,1577088453322,
 5.449014,1577088454323,
 5.1121125,1577088455326,
 5.238873,1577088456325,
 5.1532393,1577088457326,
 5.12338,1577088458325,
 5.0670424,1577088459325,
 5.0270424,1577088460330,
 5.336338,1577088461329,
 5.5729575,1577088462327,
 5.8405633,1577088463324,
 5.816338,1577088464326,
 5.9380283,1577088465328,
 6.490141,1577088466326,
 6.891268,1577088467324,
 7.3059154,1577088468320,
 7.6895776,1577088469321,
 8.04169,1577088470313,
 8.152676,1577088471323,
 8.229859,1577088472320,
 8.420281,1577088473323,
 8.60338,1577088474323,
 8.778591,1577088475323,
 8.980282,1577088476321,
 9.081127,1577088477323,
 9.096338,1577088478320,
 9.228169,1577088479329,
 9.144789,1577088480321,
 9.32507,1577088481321,
 9.590423,1577088482327,
 9.722816,1577088483328,
 9.826479,1577088484328,
 9.885071,1577088485333,
 9.820845,1577088486329,
 9.644507,1577088487329,
 9.678873,1577088488327,
 9.661972,1577088489327,
 9.71493,1577088490326,
 9.725634,1577088491332,
 9.810704,1577088492325,
 9.816901,1577088493325,
 9.714366,1577088494325,
 9.174648,1577088495327,
 8.667042,1577088496327,
 8.298028,1577088497332,
 8.170704,1577088498327,
 8.15662,1577088499321,
 8.211267,1577088500321,
 8.4354925,1577088501330,
 8.631549,1577088502328,
 8.908732,1577088503329,
 9.266479,1577088504329,
 9.627042,1577088505328,
 9.487887,1577088506325,
 8.892958,1577088507329,
 8.349296,1577088508329,
 7.887324,1577088509326,
 7.365634,1577088510323,
 6.24,1577088511326,
 4.84169,1577088512325,
 4.5076056,1577088513326,
 4.1267605,1577088514322,
 3.8112676,1577088515324,
 3.1278872,1577088516322,
 2.67831,1577088517323,
 2.4805634,1577088518321,
 0.6,1577088519324,
 0.011267605,1577088520321,
 0.011830986,1577088521313,
 0.009014085,1577088522319,
 0.015211267,1577088523319,
 0.015211267,1577088524320,
 0.023661971,1577088525323,
 0.49859154,1577088526325,
 1.1842253,1577088527327,
 1.7391549,1577088528322,
 2.6704226,1577088529326,
 3.5233803,1577088530324,
 4.825352,1577088531324,
 5.855775,1577088532321,
 6.070986,1577088533327,
 6.539155,1577088534330,
 7.187606,1577088535328,
 7.401127,1577088536328,
 7.450704,1577088537322,
 7.312113,1577088538323,
 7.1256337,1577088539322,
 7.1909857,1577088540323,
 7.2157745,1577088541321,
 7.261972,1577088542320,
 7.341972,1577088543322,
 7.3859153,1577088544322,
 7.4535213,1577088545327,
 7.509296,1577088546339,
 7.540282,1577088547322,
 7.6349297,1577088548323,
 7.609014,1577088549323,
 7.493521,1577088550318,
 7.050141,1577088551327,
 6.395493,1577088552321,
 5.5966196,1577088553321,
 5.04,1577088554316,
 4.7059155,1577088555319,
 4.260845,1577088556319,
 4.2259154,1577088557315,
 4.343662,1577088558315,
 4.687324,1577088559325,
 5.1521125,1577088560321,
 5.5560565,1577088561315,
 6.044507,1577088562316,
 6.563944,1577088563318,
 7.0039434,1577088564316,
 6.7239437,1577088565321,
 6.5707045,1577088566321,
 6.651831,1577088567321,
 6.2692957,1577088568314,
 5.783662,1577088569318,
 5.666479,1577088570315,
 5.509859,1577088571317,
 5.7008452,1577088572318,
 6.0073237,1577088573316,
 6.266479,1577088574317,
 6.568451,1577088575318,
 6.7115493,1577088576316,
 6.7194366,1577088577316,
 6.7295775,1577088578315,
 6.7453523,1577088579311,
 6.816338,1577088580320,
 6.8732395,1577088581327,
 6.9819717,1577088582320,
 6.946479,1577088583321,
 7.042817,1577088584320,
 6.989859,1577088585318,
 6.7047887,1577088586315,
 6.3921127,1577088587320,
 5.701972,1577088588316,
 5.4670424,1577088589314,
 5.5419717,1577088590309,
 5.129014,1577088591315,
 4.727324,1577088592315,
 4.485634,1577088593318,
 4.058028,1577088594316,
 3.659155,1577088595316,
 4.029296,1577088596318,
 4.64,1577088597312,
 4.935211,1577088598314,
 5.4884505,1577088599319,
 6.16,1577088600312,
 6.7656336,1577088601312,
 7.32169,1577088602312,
 7.782535,1577088603312,
 8.081127,1577088604314,
 8.453521,1577088605315,
 8.825352,1577088606318,
 9.021972,1577088607314,
 8.994367,1577088608311,
 8.938592,1577088609317,
 8.79831,1577088610311,
 8.475493,1577088611313,
 7.900845,1577088612315,
 7.466479,1577088613315,
 7.0371833,1577088614318,
 6.8045073,1577088615317,
 6.6112676,1577088616318,
 6.5487323,1577088617320,
 6.52507,1577088618314,
 6.7712674,1577088619313,
 7.1194367,1577088620313,
 7.033803,1577088621315,
 6.8569016,1577088622314,
 6.7385917,1577088623317,
 6.7695775,1577088624310,
 6.6760564,1577088625314,
 6.4625354,1577088626308,
 6.401127,1577088627314,
 6.4760566,1577088628314,
 6.2630987,1577088629316,
 5.747042,1577088630316,
 5.9825354,1577088631314,
 6.356056,1577088632316,
 6.764507,1577088633313,
 6.806761,1577088634313,
 6.64,1577088635321,
 6.1256337,1577088636315,
 5.781972,1577088637312,
 5.6642256,1577088638315,
 5.6856337,1577088639314,
 5.8033805,1577088640317,
 6.415775,1577088641316,
 6.787606,1577088642318,
 7.2214084,1577088643319,
 7.4230986,1577088644318,
 7.536338,1577088645316,
 6.881127,1577088646318,
 6.3143663,1577088647318,
 5.769014,1577088648309,
 5.2061973,1577088649317,
 5.32,1577088650315,
 5.6,1577088651317,
 5.4715495,1577088652314,
 5.6332393,1577088653318,
 5.983662,1577088654314,
 6.612958,1577088655314,
 7.0276055,1577088656315,
 7.3397183,1577088657314,
 7.6557746,1577088658311,
 7.64338,1577088659308,
 7.4225354,1577088660310,
 7.1752114,1577088661315,
 6.5042253,1577088662314,
 5.450141,1577088663315,
 4.813521,1577088664309,
 4.702535,1577088665310,
 4.5819716,1577088666307,
 4.2394366,1577088667307,
 4.1904225,1577088668308,
 3.814648,1577088669305,
 3.8276057,1577088670307,
 3.8574648,1577088671316,
 3.2416902,1577088672313,
 2.717183,1577088673310,
 2.8354928,1577088674310,
 1.8709859,1577088675313,
 1.1757747,1577088676310,
 0.05746479,1577088677307,
 0.01859155,1577088678310,
 0.0056338026,1577088679309,
 0.0045070425,1577088680306,
 0.0056338026,1577088681306,
 0.0067605632,1577088682304,
 0.02028169,1577088683306,
 0.017464789,1577088684305,
 0.010140845,1577088685302,
 0.0067605632,1577088686302,
 0.0067605632,1577088687307,
 0.0028169013,1577088688303,
 0.014647887,1577088689314,
 0.012394366,1577088690304,
 0.0073239435,1577088691304,
 0.010140845,1577088692304,
 0.010704225,1577088693304,
 0.006197183,1577088694304,
 0.0033802816,1577088695308,
 0.015211267,1577088696304,
 0.0135211265,1577088697303,
 0.006197183,1577088698305,
 0.009014085,1577088699302,
 0.0033802816,1577088700305,
 0.0011267606,1577088701309,
 0.010704225,1577088702307,
 0.011267605,1577088703305,
 0.007887324,1577088704303,
 0.0033802816,1577088705305,
 0.016338028,1577088706299,
 0.0022535212,1577088707305,
 0.0016901408,1577088708312,
 0.0073239435,1577088709304,
 0.008450705,1577088710301,
 0.010704225,1577088711303,
 0.010704225,1577088712304,
 0.0016901408,1577088713308,
 0.009014085,1577088714305,
 0.003943662,1577088715303,
 0.0135211265,1577088716302,
 0.0135211265,1577088717297,
 0.006197183,1577088718301,
 0.007887324,1577088719306,
 0.014084507,1577088720303,
 0.008450705,1577088721304,
 0.015774649,1577088722302,
 0.0050704223,1577088723303,
 0.014084507,1577088724301,
 0.025352113,1577088725308,
 0.011267605,1577088726304,
 0.0056338026,1577088727303,
 0.015211267,1577088728299,
 0.010140845,1577088729307,
 0.012394366,1577088730302,
 0.0028169013,1577088731310,
 0.009577465,1577088732304,
 0.0050704223,1577088733303,
 0.0073239435,1577088734304,
 0.003943662,1577088735301,
 0.003943662,1577088736304,
 0.0033802816,1577088737309,
 0.0033802816,1577088738304,
 0.012394366,1577088739302,
 0.0067605632,1577088740303,
 0.0022535212,1577088741306,
 0.003943662,1577088742305,
 0.007887324,1577088743311,
 0.0045070425,1577088744302,
 0.007887324,1577088745304,
 0.0045070425,1577088746297,
 0.007887324,1577088747303,
 0.02028169,1577088748306,
 0.010704225,1577088749309,
 0.49577466,1577088750307,
 1.1447887,1577088751308,
 1.5143661,1577088752308,
 2.1385915,1577088753308,
 3.5284507,1577088754305,
 4.7757745,1577088755309,
 5.625352,1577088756308,
 6.4484506,1577088757304,
 7.16169,1577088758306,
 7.950423,1577088759309,
 8.580845,1577088760308,
 9.098028,1577088761312,
 9.495774,1577088762307,
 9.895775,1577088763309,
 10.11662,1577088764304,
 10.378028,1577088765306,
 10.615775,1577088766311,
 10.861972,1577088767309,
 11.068732,1577088768306,
 11.251267,1577088769304,
 11.388732,1577088770308,
 11.525634,1577088771308,
 11.645634,1577088772301,
 11.730704,1577088773308,
 11.964507,1577088774309,
 12.187606,1577088775301,
 12.385916,1577088776305,
 12.506479,1577088777302,
 12.6,1577088778301,
 12.661972,1577088779309,
 12.756619,1577088780310,
 12.865915,1577088781310,
 12.874929,1577088782309,
 12.910422,1577088783309,
 12.896901,1577088784308,
 12.878873,1577088785312,
 12.8794365,1577088786302,
 12.813521,1577088787306,
 12.771831,1577088788301,
 12.700282,1577088789306,
 12.484507,1577088790305,
 11.972958,1577088791313,
 11.48338,1577088792305,
 11.0253525,1577088793305,
 10.554366,1577088794307,
 10.134085,1577088795308,
 9.781408,1577088796308,
 9.614084,1577088797306,
 9.507042,1577088798308,
 9.431549,1577088799308,
 9.36507,1577088800307,
 9.233239,1577088801310,
 9.140282,1577088802304,
 9.089578,1577088803308,
 9.062535,1577088804301,
 9.014085,1577088805303,
 8.96,1577088806302,
 8.948169,1577088807304,
 8.8794365,1577088808302,
 8.830986,1577088809308,
 8.784789,1577088810306,
 8.6659155,1577088811305,
 8.642817,1577088812304,
 8.580281,1577088813302,
 8.5307045,1577088814308,
 8.4185915,1577088815305,
 8.620845,1577088816308,
 9.146479,1577088817311,
 9.670986,1577088818307,
 10.07831,1577088819309,
 10.404507,1577088820307,
 10.554366,1577088821311,
 10.597183,1577088822310,
 10.349296,1577088823310,
 9.980845,1577088824310,
 9.653522,1577088825306,
 9.310986,1577088826300,
 8.941408,1577088827308,
 8.504788,1577088828310,
 7.9340844,1577088829306,
 7.88,1577088830307,
 7.985352,1577088831307,
 8.194929,1577088832309,
 8.303099,1577088833305,
 8.473803,1577088834312,
 8.630986,1577088835307,
 8.756057,1577088836306,
 8.912112,1577088837303,
 9.025915,1577088838308,
 9.165634,1577088839311,
 9.289014,1577088840306,
 9.428169,1577088841306,
 9.451267,1577088842306,
 9.43662,1577088843307,
 9.389859,1577088844302,
 9.417465,1577088845309,
 9.388732,1577088846306,
 9.312113,1577088847306,
 9.324507,1577088848306,
 9.3064785,1577088849311,
 9.301971,1577088850305,
 9.35662,1577088851312,
 9.497465,1577088852306,
 9.732958,1577088853306,
 10.021972,1577088854306,
 10.331267,1577088855304,
 10.644507,1577088856306,
 10.981408,1577088857310,
 11.346478,1577088858306,
 11.775211,1577088859306,
 12.140845,1577088860306,
 12.512676,1577088861308,
 12.854085,1577088862306,
 13.070422,1577088863312,
 13.190986,1577088864308,
 13.16,1577088865306,
 12.877183,1577088866303,
 12.637747,1577088867309,
 12.432113,1577088868308,
 12.286197,1577088869313,
 12.072113,1577088870310,
 11.887324,1577088871309,
 11.727887,1577088872308,
 11.610704,1577088873303,
 11.459155,1577088874304,
 11.312113,1577088875313,
 11.196056,1577088876309,
 11.075493,1577088877305,
 10.912112,1577088878309,
 10.788169,1577088879314,
 10.816338,1577088880311,
 10.972958,1577088881318,
 11.104225,1577088882308,
 11.270986,1577088883310,
 11.392676,1577088884309,
 11.569577,1577088885309,
 11.712112,1577088886310,
 11.892394,1577088887313,
 12.0867605,1577088888310,
 12.326198,1577088889309,
 12.55662,1577088890309,
 12.686197,1577088891309,
 12.813521,1577088892311,
 12.950986,1577088893314,
 13.139155,1577088894313,
 13.308732,1577088895303,
 13.482253,1577088896309,
 13.652394,1577088897309,
 13.837747,1577088898307,
 14.028732,1577088899311,
 14.250704,1577088900308,
 14.449014,1577088901308,
 14.71493,1577088902305,
 14.936901,1577088903307,
 15.170704,1577088904307,
 15.407324,1577088905310,
 15.662536,1577088906304,
 15.921126,1577088907307,
 16.218029,1577088908308,
 16.41183,1577088909309,
 16.287323,1577088910307,
 15.933521,1577088911314,
 15.259155,1577088912308,
 14.677183,1577088913304,
 14.440563,1577088914307,
 14.2219715,1577088915307,
 14.0084505,1577088916307,
 13.788169,1577088917311,
 13.64169,1577088918310,
 13.393803,1577088919314,
 13.182535,1577088920307,
 13.135211,1577088921310,
 12.939718,1577088922307,
 12.679437,1577088923312,
 12.76338,1577088924303,
 13.116056,1577088925307,
 13.371831,1577088926308,
 13.664789,1577088927311,
 13.984789,1577088928311,
 14.32338,1577088929312,
 14.570141,1577088930310,
 15.006761,1577088931303,
 15.209578,1577088932303,
 15.459155,1577088933306,
 15.661408,1577088934307,
 15.863098,1577088935306,
 16.014084,1577088936303,
 16.091831,1577088937305,
 16.00169,1577088938303,
 15.572958,1577088939306,
 15.100845,1577088940308,
 14.638873,1577088941309,
 14.138592,1577088942301,
 13.594366,1577088943307,
 12.99831,1577088944306,
 12.470423,1577088945309,
 12.018592,1577088946302,
 12.150986,1577088947310,
 12.213521,1577088948308,
 12.174085,1577088949306,
 12.183099,1577088950304,
 12.136902,1577088951306,
 12.138028,1577088952306,
 12.109859,1577088953303,
 12.099718,1577088954306,
 12.035493,1577088955305,
 11.997746,1577088956304,
 11.966761,1577088957302,
 11.9239435,1577088958303,
 11.893521,1577088959308,
 11.846761,1577088960306,
 11.832112,1577088961304,
 11.7949295,1577088962309,
 11.746479,1577088963305,
 11.692958,1577088964298,
 11.642817,1577088965310,
 11.612958,1577088966308,
 11.597747,1577088967307,
 11.586479,1577088968309,
 11.531831,1577088969305,
 11.519437,1577088970306,
 11.508169,1577088971311,
 11.576901,1577088972306,
 11.664789,1577088973304,
 11.793803,1577088974305,
 12.083943,1577088975302,
 12.4016905,1577088976305,
 12.739718,1577088977312,
 13.08,1577088978306,
 13.381971,1577088979305,
 13.739155,1577088980304,
 14.063662,1577088981307,
 14.428169,1577088982301,
 14.737465,1577088983310,
 15.0422535,1577088984306,
 15.380281,1577088985305,
 15.717747,1577088986304,
 15.825352,1577088987306,
 15.752112,1577088988307,
 15.664789,1577088989311,
 15.627042,1577088990306,
 15.584226,1577088991304,
 15.585916,1577088992304,
 15.498591,1577088993301,
 15.432113,1577088994304,
 15.24845,1577088995308,
 14.68,1577088996305,
 14.141409,1577088997306,
 13.590423,1577088998304,
 13.012958,1577088999305,
 12.608451,1577089000303,
 12.233803,1577089001307,
 12.412958,1577089002301,
 12.747605,1577089003304,
 13.105915,1577089004301,
 13.477746,1577089005303,
 13.691831,1577089006307,
 13.797183,1577089007307,
 13.900846,1577089008304,
 13.996057,1577089009305,
 14.129578,1577089010302,
 14.270423,1577089011301,
 14.425352,1577089012305,
 14.515493,1577089013314,
 14.72169,1577089014312,
 14.861972,1577089015306,
 15.029296,1577089016307,
 15.154929,1577089017306,
 15.291267,1577089018305,
 15.431549,1577089019310,
 15.587605,1577089020308,
 15.68338,1577089021306,
 15.779718,1577089022302,
 15.864225,1577089023308,
 15.9639435,1577089024307,
 15.954366,1577089025314,
 15.901972,1577089026308,
 15.764507,1577089027307,
 15.502535,1577089028306,
 15.219155,1577089029308,
 14.96338,1577089030306,
 14.745352,1577089031314,
 14.565634,1577089032304,
 14.3678875,1577089033298,
 14.180282,1577089034304,
 14.103099,1577089035306,
 14.176338,1577089036309,
 14.276056,1577089037309,
 14.369014,1577089038304,
 14.418028,1577089039305,
 14.332395,1577089040301,
 14.180282,1577089041309,
 14.028732,1577089042304,
 13.836619,1577089043313,
 13.684507,1577089044304,
 13.495212,1577089045305,
 13.287888,1577089046304,
 13.144225,1577089047307,
 13.006197,1577089048304,
 12.749859,1577089049308,
 12.332395,1577089050304,
 11.864789,1577089051300,
 11.420281,1577089052303,
 11.000564,1577089053303,
 10.578028,1577089054304,
 10.691268,1577089055308,
 11.044507,1577089056303,
 11.36,1577089057303,
 10.978592,1577089058301,
 10.489577,1577089059301,
 10.109859,1577089060304,
 10.009014,1577089061307,
 9.91155,1577089062299,
 9.830986,1577089063302,
 9.925071,1577089064303,
 9.774084,1577089065299,
 9.432113,1577089066299,
 9.256902,1577089067305,
 9.009578,1577089068303,
 8.865352,1577089069299,
 8.664226,1577089070301,
 8.567887,1577089071301,
 8.428169,1577089072302,
 8.339718,1577089073304,
 8.428732,1577089074304,
 8.660845,1577089075302,
 9.668733,1577089076301,
 10.253521,1577089077302,
 10.485634,1577089078302,
 10.671549,1577089079309,
 10.880564,1577089080297,
 11.095211,1577089081302,
 11.281691,1577089082300,
 11.559437,1577089083302,
 11.91831,1577089084300,
 12.356056,1577089085307,
 12.771831,1577089086303,
 13.1436615,1577089087302,
 13.40507,1577089088301,
 13.512676,1577089089303,
 13.63324,1577089090301,
 13.72,1577089091303,
 13.419155,1577089092302,
 12.9239435,1577089093301,
 12.463662,1577089094300,
 12.0146475,1577089095303,
 12.109296,1577089096303,
 12.162817,1577089097305,
 12.073239,1577089098301,
 11.953803,1577089099301,
 11.841126,1577089100301,
 11.766761,1577089101302,
 11.766761,1577089102296,
 11.802254,1577089103305,
 11.851831,1577089104301,
 11.837747,1577089105302,
 11.799437,1577089106301,
 11.72507,1577089107301,
 11.539719,1577089108302,
 11.380845,1577089109305,
 11.08169,1577089110304,
 10.512676,1577089111303,
 9.990986,1577089112302,
 9.415212,1577089113297,
 9.195493,1577089114301,
 9.201127,1577089115305,
 9.348169,1577089116301,
 9.767887,1577089117299,
 10.344225,1577089118299,
 10.904225,1577089119301,
 11.490141,1577089120297,
 12.106479,1577089121305,
 12.743098,1577089122300,
 13.230986,1577089123302,
 13.31831,1577089124302,
 13.268169,1577089125300,
 13.338592,1577089126301,
 13.260845,1577089127305,
 12.88,1577089128301,
 12.653522,1577089129301,
 12.607887,1577089130300,
 12.580281,1577089131296,
 12.56,1577089132301,
 12.513803,1577089133304,
 12.500845,1577089134302,
 12.527324,1577089135300,
 12.546479,1577089136301,
 12.568451,1577089137303,
 12.576338,1577089138300,
 12.619719,1577089139304,
 12.687887,1577089140304,
 12.765634,1577089141301,
 12.8563385,1577089142296,
 12.969014,1577089143302,
 13.020845,1577089144301,
 13.135775,1577089145306,
 13.20676,1577089146301,
 13.280563,1577089147301,
 13.380845,1577089148301,
 13.462535,1577089149299,
 13.550986,1577089150301,
 13.647324,1577089151310,
 13.75324,1577089152301,
 13.847887,1577089153297,
 13.92338,1577089154300,
 14.030986,1577089155299,
 14.092395,1577089156300,
 14.170704,1577089157307,
 14.245634,1577089158303,
 14.307606,1577089159302,
 14.393239,1577089160296,
 14.461972,1577089161301,
 14.557747,1577089162300,
 14.640563,1577089163306,
 14.547042,1577089164307,
 14.332395,1577089165301,
 14.226479,1577089166302,
 14.122253,1577089167304,
 14.001126,1577089168304,
 13.916619,1577089169310,
 13.782536,1577089170301,
 13.692394,1577089171297,
 13.59662,1577089172300,
 13.473803,1577089173305,
 13.388169,1577089174303,
 13.268169,1577089175308,
 13.173521,1577089176300,
 13.064225,1577089177302,
 12.931831,1577089178298,
 12.853521,1577089179301,
 13.021972,1577089180303,
 13.182535,1577089181306,
 13.024225,1577089182299,
 12.712112,1577089183301,
 12.5645075,1577089184302,
 12.466479,1577089185302,
 12.374084,1577089186300,
 12.214085,1577089187306,
 11.9070425,1577089188303,
 11.793803,1577089189297,
 11.722254,1577089190301,
 11.696901,1577089191302,
 11.650141,1577089192300,
 11.606761,1577089193303,
 11.589295,1577089194302,
 11.59493,1577089195301,
 11.570141,1577089196300,
 11.481127,1577089197300,
 11.403944,1577089198300,
 11.307606,1577089199304,
 11.218592,1577089200295,
 11.096338,1577089201302,
 11.032113,1577089202299,
 10.993239,1577089203299,
 10.91831,1577089204302,
 10.8563385,1577089205305,
 10.773521,1577089206303,
 10.575774,1577089207301,
 10.222535,1577089208300,
 9.453521,1577089209301,
 8.661408,1577089210299,
 8.392676,1577089211302,
 8.102535,1577089212305,
 7.891831,1577089213300,
 8.420281,1577089214300,
 9.123381,1577089215302,
 9.619719,1577089216300,
 9.992676,1577089217307,
 10.357746,1577089218297,
 10.772394,1577089219301,
 11.204507,1577089220305,
 11.9070425,1577089221302,
 12.800564,1577089222299,
 13.766761,1577089223304,
 14.182535,1577089224301,
 14.448451,1577089225301,
 14.741408,1577089226299,
 14.813521,1577089227302,
 14.783098,1577089228302,
 14.6090145,1577089229300,
 14.376902,1577089230300,
 14.152676,1577089231300,
 14.006197,1577089232300,
 13.805071,1577089233302,
 13.64338,1577089234298,
 13.6659155,1577089235310,
 14.374648,1577089236304,
 14.758873,1577089237304,
 14.9301405,1577089238303,
 15.167324,1577089239304,
 15.377465,1577089240298,
 15.320563,1577089241307,
 15.077746,1577089242301,
 14.804507,1577089243302,
 14.500845,1577089244302,
 14.391549,1577089245300,
 14.606197,1577089246302,
 14.695211,1577089247317,
 14.590423,1577089248302,
 14.524507,1577089249301,
 14.584788,1577089250299,
 14.650704,1577089251296,
 14.592113,1577089252300,
 14.373521,1577089253307,
 14.136902,1577089254305,
 13.995493,1577089255303,
 13.924507,1577089256302,
 13.83831,1577089257305,
 13.769014,1577089258301,
 13.874366,1577089259306,
 13.910986,1577089260302,
 13.775775,1577089261300,
 13.60507,1577089262299,
 13.383099,1577089263303,
 13.219718,1577089264300,
 13.083381,1577089265312,
 12.830422,1577089266302,
 12.597183,1577089267301,
 12.343099,1577089268301,
 12.100845,1577089269299,
 11.826479,1577089270302,
 11.5307045,1577089271310,
 11.2326765,1577089272300,
 10.947042,1577089273301,
 10.677183,1577089274300,
 10.447324,1577089275302,
 10.172957,1577089276300,
 9.877183,1577089277300,
 9.705352,1577089278297,
 9.394366,1577089279295,
 9.08169,1577089280288,
 8.712112,1577089281296,
 8.392113,1577089282294,
 8.195493,1577089283298,
 8.001126,1577089284298,
 8.677183,1577089285294,
 9.421972,1577089286293,
 9.914366,1577089287294,
 10.244507,1577089288298,
 10.55324,1577089289302,
 11.039436,1577089290298,
 11.745352,1577089291296,
 12.436056,1577089292299,
 13.181409,1577089293298,
 13.934085,1577089294300,
 14.677747,1577089295304,
 15.296338,1577089296299,
 15.710986,1577089297301,
 16.095211,1577089298292,
 16.432676,1577089299298,
 16.839437,1577089300300,
 17.054647,1577089301304,
 17.042816,1577089302297,
 16.819717,1577089303295,
 16.717182,1577089304296,
 16.492958,1577089305290,
 16.348732,1577089306290,
 16.384226,1577089307295,
 16.55662,1577089308297,
 16.668732,1577089309289,
 16.80845,1577089310295,
 16.959436,1577089311296,
 17.112677,1577089312295,
 17.249014,1577089313300,
 17.350422,1577089314297,
 17.334648,1577089315295,
 17.361126,1577089316293,
 17.36,1577089317295,
 17.414648,1577089318296,
 17.476057,1577089319300,
 17.546478,1577089320290,
 17.63493,1577089321297,
 17.779718,1577089322293,
 17.906479,1577089323294,
 17.741972,1577089324295,
 17.507042,1577089325299,
 17.24507,1577089326295,
 17.052958,1577089327290,
 16.823662,1577089328293,
 16.614649,1577089329295,
 16.420282,1577089330289,
 16.206198,1577089331297,
 16.066479,1577089332291,
 15.937465,1577089333291,
 15.075493,1577089334291,
 14.192676,1577089335292,
 13.456338,1577089336289,
 13.015211,1577089337295,
 12.652958,1577089338288,
 12.3340845,1577089339293,
 11.766197,1577089340293,
 10.964507,1577089341294,
 10.56338,1577089342294,
 10.282253,1577089343298,
 10.00169,1577089344295,
 9.747043,1577089345292,
 9.463099,1577089346293,
 9.233239,1577089347294,
 9.087888,1577089348296,
 9.107606,1577089349295,
 9.357183,1577089350295,
 9.447324,1577089351295,
 9.410705,1577089352293,
 9.00338,1577089353292,
 8.7442255,1577089354292,
 8.5814085,1577089355298,
 8.303099,1577089356291,
 8.073239,1577089357293,
 7.8890142,1577089358293,
 7.6304226,1577089359295,
 7.381408,1577089360293,
 7.109859,1577089361302,
 6.778028,1577089362295,
 6.8259153,1577089363293,
 7.311549,1577089364293,
 8.500845,1577089365292,
 9.708169,1577089366293,
 10.698591,1577089367293,
 11.481127,1577089368294,
 11.91155,1577089369294,
 12.337464,1577089370292,
 12.7504225,1577089371293,
 12.651831,1577089372292,
 11.895211,1577089373296,
 10.5476055,1577089374295,
 9.392676,1577089375291,
 8.467606,1577089376291,
 7.7459154,1577089377293,
 7.2107043,1577089378284,
 6.76,1577089379295,
 6.2749295,1577089380294,
 5.043944,1577089381297,
 3.7504225,1577089382292,
 2.8619719,1577089383293,
 1.8890141,1577089384292,
 1.4309859,1577089385294,
 1.3183099,1577089386291,
 1.9842254,1577089387294,
 1.9070423,1577089388292,
 2.204507,1577089389290,
 3.3752112,1577089390293,
 4.7385917,1577089391302,
 5.390986,1577089392293,
 6.740845,1577089393296,
 7.965634,1577089394293,
 9.123381,1577089395293,
 9.798873,1577089396288,
 10.105352,1577089397300,
 10.464226,1577089398292,
 10.48676,1577089399294,
 10.172957,1577089400291,
 9.75155,1577089401294,
 9.20676,1577089402291,
 8.877747,1577089403299,
 8.04845,1577089404296,
 7.2957745,1577089405299,
 7.2005634,1577089406294,
 7.0895777,1577089407294,
 6.9966197,1577089408296,
 7.079437,1577089409297,
 7.129014,1577089410295,
 7.011831,1577089411295,
 6.936338,1577089412294,
 6.8794365,1577089413296,
 7.1076055,1577089414296,
 7.3994365,1577089415299,
 7.6507044,1577089416294,
 7.936338,1577089417296,
 8.980282,1577089418288,
 10.445634,1577089419295,
 11.658591,1577089420296,
 12.627605,1577089421299,
 13.498591,1577089422295,
 14.324507,1577089423294,
 14.917183,1577089424295,
 15.114929,1577089425293,
 15.220845,1577089426293,
 15.421972,1577089427300,
 15.686761,1577089428296,
 15.983662,1577089429291,
 16.31662,1577089430293,
 16.5831,1577089431300,
 16.870422,1577089432294,
 17.164507,1577089433298,
 17.442253,1577089434294,
 17.71831,1577089435293,
 17.977465,1577089436288,
 18.221972,1577089437293,
 18.465916,1577089438293,
 18.707605,1577089439298,
 18.683943,1577089440293,
 18.437746,1577089441292,
 18.169577,1577089442292,
 17.915493,1577089443293,
 17.642254,1577089444293,
 17.332394,1577089445300,
 17.124508,1577089446295,
 16.9031,1577089447289,
 16.63155,1577089448293,
 16.396057,1577089449295,
 16.135212,1577089450293,
 16.00338,1577089451299,
 15.834366,1577089452289,
 15.567324,1577089453288,
 15.381409,1577089454290,
 15.157183,1577089455290,
 14.916057,1577089456291,
 14.64338,1577089457298,
 14.36507,1577089458290,
 14.113239,1577089459291,
 13.748733,1577089460289,
 13.303099,1577089461292,
 12.747043,1577089462291,
 12.419155,1577089463298,
 12.012958,1577089464293,
 11.666479,1577089465289,
 11.260845,1577089466293,
 10.824225,1577089467295,
 10.508733,1577089468295,
 10.352113,1577089469297,
 10.271549,1577089470294,
 10.218592,1577089471293,
 10.15831,1577089472293,
 10.103662,1577089473294,
 9.836057,1577089474294,
 9.380845,1577089475297,
 8.351549,1577089476289,
 6.830986,1577089477293,
 5.218028,1577089478291,
 4.2585917,1577089479294,
 3.3419719,1577089480291,
 2.6416903,1577089481293,
 2.6816902,1577089482290,
 2.7064788,1577089483292,
 2.7436619,1577089484291,
 2.7780282,1577089485290,
 2.8580282,1577089486291,
 3.3008451,1577089487291,
 4.6202817,1577089488292,
 5.76,1577089489293,
 6.6,1577089490302,
 7.096338,1577089491303,
 7.117183,1577089492312,
 6.8642254,1577089493311,
 6.3459153,1577089494310,
 5.7059155,1577089495314,
 5.437183,1577089496311,
 5.3222537,1577089497302,
 5.736338,1577089498296,
 6.312113,1577089499302,
 6.9177465,1577089500303,
 7.5329576,1577089501297,
 8.305352,1577089502308,
 9.167888,1577089503309,
 9.866479,1577089504302,
 10.407887,1577089505302,
 10.795493,1577089506302,
 11.134085,1577089507310,
 11.181972,1577089508308,
 11.292957,1577089509308,
 11.32676,1577089510302,
 11.335774,1577089511302,
 11.492958,1577089512302,
 11.511549,1577089513303,
 11.598873,1577089514302,
 11.735775,1577089515309,
 11.994929,1577089516310,
 12.379719,1577089517308,
 12.806197,1577089518311,
 13.300845,1577089519311,
 13.8,1577089520311,
 14.40338,1577089521311,
 14.922254,1577089522304,
 15.114367,1577089523313,
 15.204507,1577089524302,
 15.3402815,1577089525308,
 15.5645075,1577089526312,
 15.783098,1577089527302,
 16.030422,1577089528308,
 16.360563,1577089529310,
 16.710423,1577089530310,
 16.780281,1577089531298,
 16.851831,1577089532308,
 16.92,1577089533311,
 17.028732,1577089534303,
 17.092958,1577089535303,
 17.122816,1577089536315,
 17.209578,1577089537324,
 17.27831,1577089538323,
 17.324507,1577089539316,
 17.1769,1577089540327,
 16.962254,1577089541334,
 16.74479,1577089542315,
 16.619154,1577089543328,
 16.523943,1577089544327,
 16.383099,1577089545323,
 16.230986,1577089546325,
 16.17859,1577089547325,
 16.20845,1577089548325,
 16.087324,1577089549321,
 15.9239435,1577089550325,
 15.76,1577089551317,
 15.682254,1577089552321,
 15.588733,1577089553324,
 15.644507,1577089554324,
 15.704789,1577089555322,
 15.788169,1577089556305,
 15.91155,1577089557321,
 16.124508,1577089558321,
 16.32,1577089559320,
 16.4969,1577089560325,
 16.63155,1577089561321,
 16.701971,1577089562310,
 16.729013,1577089563285,
 16.709295,1577089564326,
 16.668732,1577089565334,
 16.531832,1577089566325,
 16.25859,1577089567324,
 15.821972,1577089568331,
 15.385916,1577089569329,
 14.910986,1577089570341,
 14.40507,1577089571331,
 14.059718,1577089572316,
 13.885071,1577089573326,
 13.690141,1577089574286,
 13.474366,1577089575305,
 13.246197,1577089576343,
 13.019155,1577089577325,
 13.050704,1577089578326,
 13.213521,1577089579333,
 13.381409,1577089580334,
 13.347042,1577089581334,
 13.059718,1577089582340,
 12.856901,1577089583340,
 12.5030985,1577089584333,
 12.152113,1577089585291,
 12.032113,1577089586292,
 12.0146475,1577089587295,
 11.954366,1577089588296,
 11.835493,1577089589334,
 11.768451,1577089590296,
 11.849014,1577089591294,
 11.887887,1577089592290,
 11.915493,1577089593293,
 11.978592,1577089594291,
 12.05014,1577089595296,
 12.12169,1577089596288,
 12.223099,1577089597290,
 12.271549,1577089598292,
 11.776338,1577089599292,
 11.355493,1577089600294,
 11.080564,1577089601322,
 10.5645075,1577089602290,
 9.909296,1577089603285,
 9.714366,1577089604289,
 9.67493,1577089605289,
 9.663662,1577089606294,
 9.655775,1577089607294,
 9.6383095,1577089608291,
 9.60507,1577089609290,
 9.611268,1577089610290,
 9.460281,1577089611290,
 9.016901,1577089612289,
 8.490705,1577089613293,
 7.979718,1577089614284,
 7.5487323,1577089615289,
 6.35662,1577089616287,
 4.5622535,1577089617288,
 2.964507,1577089618286,
 1.0304226,1577089619289,
 0.011830986,1577089620279,
 0.014647887,1577089621280,
 0.0033802816,1577089622281,
 0.003943662,1577089623283,
 0.007887324,1577089624282,
 0.011830986,1577089625282,
 0.009014085,1577089626282,
 0.011267605,1577089627282,
 0.010140845,1577089628282,
 0.0050704223,1577089629285,
 0.02084507,1577089630283,
 0.41521126,1577089631295,
 1.6338028,1577089632286,
 2.066479,1577089633288,
 3.0614085,1577089634286,
 4.178028,1577089635286,
 5.132958,1577089636283,
 6.025352,1577089637293,
 6.960563,1577089638289,
 7.9442253,1577089639290,
 8.873803,1577089640287,
 9.64338,1577089641288,
 10.326198,1577089642290,
 10.912112,1577089643291,
 11.421409,1577089644294,
 11.956057,1577089645292,
 12.461972,1577089646292,
 12.59493,1577089647294,
 12.371831,1577089648293,
 12.343662,1577089649299,
 12.330705,1577089650292,
 12.397746,1577089651290,
 12.475493,1577089652290,
 12.584226,1577089653290,
 12.667605,1577089654286,
 12.785915,1577089655293,
 12.881126,1577089656290,
 12.990986,1577089657287,
 13.130704,1577089658287,
 13.247324,1577089659287,
 13.394366,1577089660289,
 13.504226,1577089661293,
 13.651831,1577089662288,
 13.772394,1577089663285,
 13.976338,1577089664287,
 14.19662,1577089665283,
 14.237746,1577089666285,
 14.071549,1577089667289,
 13.770704,1577089668287,
 13.508169,1577089669286,
 13.179718,1577089670286,
 13.070986,1577089671287,
 12.895211,1577089672281,
 12.660282,1577089673289,
 12.383662,1577089674285,
 12.109859,1577089675285,
 11.872676,1577089676283,
 11.647887,1577089677285,
 11.432676,1577089678284,
 11.222535,1577089679291,
 11.127888,1577089680286,
 11.15831,1577089681287,
 11.138592,1577089682284,
 11.228732,1577089683279,
 11.280563,1577089684284,
 11.334648,1577089685292,
 11.443944,1577089686285,
 11.623662,1577089687285,
 11.863662,1577089688285,
 11.929014,1577089689284,
 11.854648,1577089690277,
 11.80169,1577089691292,
 11.830422,1577089692278,
 11.998874,1577089693282,
 12.045071,1577089694275,
 12.034367,1577089695282,
 12.04,1577089696281,
 12.019718,1577089697284,
 12.015211,1577089698281,
 12.186479,1577089699290,
 12.272676,1577089700285,
 12.343099,1577089701282,
 12.060282,1577089702289,
 11.371267,1577089703291,
 10.1267605,1577089704289,
 9.947606,1577089705283,
 10.009014,1577089706285,
 9.96169,1577089707287,
 10.023099,1577089708285,
 10.441127,1577089709289,
 10.914929,1577089710285,
 11.32,1577089711284,
 11.815775,1577089712275,
 12.220845,1577089713279,
 12.44,1577089714273,
 12.501972,1577089715275,
 12.521127,1577089716275,
 12.540845,1577089717276,
 12.509295,1577089718275,
 12.541972,1577089719278,
 12.463662,1577089720282,
 12.478873,1577089721286,
 12.470986,1577089722283,
 12.550423,1577089723275,
 12.534084,1577089724281,
 12.52507,1577089725280,
 12.542535,1577089726281,
 12.516056,1577089727286,
 12.512676,1577089728283,
 12.491831,1577089729278,
 12.510423,1577089730276,
 12.528451,1577089731277,
 12.51831,1577089732277,
 12.574648,1577089733278,
 12.579155,1577089734271,
 12.588733,1577089735269,
 12.594366,1577089736266,
 12.583098,1577089737266,
 12.461409,1577089738264,
 12.331267,1577089739274,
 11.909296,1577089740274,
 11.122253,1577089741267,
 10.523944,1577089742277,
 10.470986,1577089743278,
 10.541409,1577089744274,
 10.585916,1577089745281,
 10.524507,1577089746280,
 10.570141,1577089747282,
 10.129578,1577089748276,
 9.172395,1577089749281,
 8.912112,1577089750280,
 8.71155,1577089751286,
 8.715493,1577089752270,
 8.563944,1577089753278,
 8.412395,1577089754274,
 8.257464,1577089755277,
 8.084507,1577089756279,
 7.3476057,1577089757282,
 6.6709857,1577089758280,
 5.96,1577089759278,
 5.3988733,1577089760280,
 5.1160564,1577089761283,
 4.820845,1577089762281,
 4.6061974,1577089763281,
 4.4923944,1577089764284,
 4.204507,1577089765282,
 4.006197,1577089766283,
 3.853521,1577089767286,
 3.7442253,1577089768284,
 3.628169,1577089769288,
 3.373521,1577089770279,
 3.143662,1577089771282,
 3.2614086,1577089772282,
 3.4033804,1577089773283,
 3.539155,1577089774285,
 3.6822536,1577089775290,
 3.737465,1577089776280,
 3.7166197,1577089777284,
 3.6152112,1577089778280,
 3.8208451,1577089779278,
 4.1357746,1577089780280,
 4.455775,1577089781279,
 4.7447886,1577089782283,
 4.988169,1577089783283,
 5.1397185,1577089784282,
 5.5205636,1577089785280,
 5.9926763,1577089786281,
 6.490704,1577089787283,
 6.9566197,1577089788283,
 7.4529576,1577089789279,
 7.7757745,1577089790279,
 7.828169,1577089791280,
 8.127324,1577089792276,
 8.467042,1577089793284,
 8.650141,1577089794282,
 8.757747,1577089795281,
 7.710986,1577089796282,
 6.333521,1577089797281,
 5.103662,1577089798282,
 4.79831,1577089799281,
 4.5757747,1577089800278,
 4.6270423,1577089801285,
 4.8777466,1577089802280,
 5.025352,1577089803277,
 5.23831,1577089804280,
 5.2467604,1577089805283,
 5.092958,1577089806280,
 5.032676,1577089807280,
 5.157183,1577089808275,
 5.300845,1577089809283,
 5.9076056,1577089810275,
 6.7307043,1577089811286,
 7.416338,1577089812281,
 7.9487324,1577089813279,
 8.468169,1577089814277,
 8.975211,1577089815280,
 9.36507,1577089816277,
 9.397183,1577089817280,
 9.240563,1577089818279,
 9.226479,1577089819280,
 9.0760565,1577089820275,
 9.009578,1577089821276,
 8.92169,1577089822282,
 8.908169,1577089823283,
 8.891831,1577089824282,
 8.855211,1577089825276,
 8.780282,1577089826277,
 8.837183,1577089827281,
 9.133521,1577089828280,
 9.507606,1577089829286,
 9.836619,1577089830282,
 10.125071,1577089831278,
 10.509295,1577089832268,
 10.773521,1577089833274,
 10.756619,1577089834274,
 10.374084,1577089835281,
 10.055211,1577089836279,
 9.818591,1577089837281,
 9.663098,1577089838283,
 9.412395,1577089839290,
 9.221409,1577089840282,
 9.517747,1577089841285,
 9.741972,1577089842282,
 10.060282,1577089843278,
 10.401127,1577089844282,
 10.658591,1577089845280,
 10.849578,1577089846282,
 10.608451,1577089847284,
 10.457465,1577089848281,
 10.256902,1577089849281,
 9.894648,1577089850275,
 9.40338,1577089851281,
 9.299718,1577089852282,
 9.275493,1577089853282,
 9.3340845,1577089854286,
 9.507606,1577089855284,
 9.779718,1577089856282,
 10.178592,1577089857284,
 10.682254,1577089858274,
 11.16676,1577089859275,
 11.705352,1577089860274,
 11.949296,1577089861275,
 11.938592,1577089862280,
 12.123381,1577089863280,
 12.212957,1577089864277,
 12.349296,1577089865283,
 12.498591,1577089866276,
 12.543098,1577089867276,
 12.507042,1577089868273,
 12.59324,1577089869279,
 12.651268,1577089870278,
 12.731268,1577089871286,
 12.807887,1577089872280,
 12.842817,1577089873285,
 12.912112,1577089874281,
 12.957183,1577089875281,
 13.032676,1577089876282,
 13.138592,1577089877288,
 13.203943,1577089878283,
 13.260282,1577089879276,
 13.355493,1577089880281,
 13.419719,1577089881283,
 13.490705,1577089882283,
 13.596056,1577089883281,
 13.36676,1577089884277,
 12.96338,1577089885275,
 12.593802,1577089886280,
 12.201127,1577089887283,
 11.83831,1577089888283,
 11.540281,1577089889284,
 11.43831,1577089890276,
 11.705915,1577089891279,
 12.002254,1577089892277,
 12.311549,1577089893277,
 12.619155,1577089894272,
 12.891268,1577089895275,
 13.184225,1577089896268,
 13.531267,1577089897271,
 13.788169,1577089898275,
 14.033803,1577089899279,
 14.283944,1577089900281,
 14.423099,1577089901277,
 14.1712675,1577089902278,
 13.836057,1577089903277,
 13.533521,1577089904278,
 13.275493,1577089905280,
 13.011831,1577089906276,
 12.876619,1577089907281,
 12.642817,1577089908272,
 12.318873,1577089909282,
 12.094648,1577089910282,
 11.847887,1577089911277,
 11.559437,1577089912271,
 11.350986,1577089913280,
 11.033239,1577089914278,
 10.387606,1577089915280,
 10.268169,1577089916279,
 10.0422535,1577089917278,
 9.900282,1577089918280,
 9.664789,1577089919274,
 9.493521,1577089920275,
 9.336338,1577089921276,
 9.099718,1577089922275,
 8.883944,1577089923277,
 8.75831,1577089924273,
 8.517183,1577089925279,
 8.319437,1577089926276,
 8.155493,1577089927273,
 8.064225,1577089928276,
 8.165634,1577089929278,
 8.138592,1577089930270,
 8.243943,1577089931281,
 8.338592,1577089932278,
 8.485634,1577089933276,
 8.887324,1577089934277,
 9.364507,1577089935273,
 9.783662,1577089936274,
 10.114929,1577089937279,
 10.281691,1577089938276,
 10.339718,1577089939277,
 10.386478,1577089940276,
 10.427606,1577089941276,
 10.36338,1577089942278,
 9.773521,1577089943282,
 9.47324,1577089944281,
 9.234366,1577089945280,
 8.957183,1577089946279,
 8.677747,1577089947281,
 8.471549,1577089948276,
 8.221409,1577089949280,
 8.091268,1577089950277,
 7.847324,1577089951276,
 7.6704226,1577089952273,
 7.51493,1577089953272,
 7.310986,1577089954270,
 6.9385915,1577089955273,
 5.659155,1577089956273,
 4.3690143,1577089957272,
 4.0811267,1577089958273,
 3.8839436,1577089959270,
 3.7250705,1577089960276,
 3.5701408,1577089961278,
 3.242817,1577089962277,
 2.5250704,1577089963275,
 2.4185915,1577089964277,
 2.3842254,1577089965273,
 2.2923944,1577089966275,
 2.3487325,1577089967280,
 2.5735211,1577089968276,
 2.9430985,1577089969277,
 3.4783099,1577089970269,
 3.8095775,1577089971274,
 3.7847888,1577089972271,
 3.9870422,1577089973276,
 4.7402816,1577089974275,
 5.193803,1577089975272,
 5.548169,1577089976271,
 5.969014,1577089977263,
 6.703662,1577089978270,
 7.4,1577089979277,
 7.474366,1577089980267,
 7.092958,1577089981259,
 7.466479,1577089982264,
 8.028169,1577089983265,
 7.8292956,1577089984271,
 6.661972,1577089985280,
 6.544225,1577089986270,
 7.089014,1577089987276,
 7.4174647,1577089988268,
 7.64338,1577089989275,
 7.580845,1577089990272,
 7.2760563,1577089991277,
 6.638873,1577089992272,
 5.622535,1577089993270,
 4.865352,1577089994268,
 4.6512675,1577089995268,
 5.044507,1577089996269,
 5.786479,1577089997273,
 6.510986,1577089998273,
 7.198873,1577089999266,
 7.352676,1577090000271,
 7.230986,1577090001268,
 7.1132393,1577090002265,
 7.370141,1577090003270,
 7.3492956,1577090004271,
 7.3459153,1577090005271,
 7.421972,1577090006267,
 7.466479,1577090007272,
 7.2185917,1577090008269,
 6.776338,1577090009272,
 6.19831,1577090010265,
 5.6360564,1577090011268,
 4.9904227,1577090012267,
 4.4676056,1577090013266,
 3.983662,1577090014269,
 3.5859156,1577090015272,
 3.1087325,1577090016263,
 2.7070422,1577090017258,
 2.5177464,1577090018264,
 2.416338,1577090019264,
 3.9712677,1577090020263,
 4.875493,1577090021265,
 5.388169,1577090022267,
 5.5859156,1577090023267,
 5.449014,1577090024268,
 5.2940845,1577090025260,
 5.1211267,1577090026263,
 4.8033805,1577090027265,
 5.2101407,1577090028261,
 4.91662,1577090029266,
 4.5729575,1577090030268,
 4.2112675,1577090031269,
 4.103662,1577090032266,
 4.696338,1577090033266,
 5.475493,1577090034262,
 6.275493,1577090035262,
 6.1707044,1577090036265,
 5.9312677,1577090037261,
 6.117183,1577090038260,
 6.2653522,1577090039261,
 5.8377466,1577090040260,
 5.7988734,1577090041259,
 6.0523944,1577090042256,
 5.856338,1577090043258,
 5.4078875,1577090044259,
 5.04,1577090045258,
 4.7397184,1577090046256,
 4.39662,1577090047257,
 3.9740846,1577090048256,
 3.5678873,1577090049262,
 3.2022536,1577090050258,
 2.983662,1577090051262,
 2.8422534,1577090052263,
 2.416338,1577090053261,
 2.0039437,1577090054263,
 1.536338,1577090055268,
 1.2867606,1577090056263,
 1.3171831,1577090057263,
 2.0264788,1577090058266,
 2.456338,1577090059267,
 3.60169,1577090060266,
 4.6456337,1577090061263,
 5.3104224,1577090062261,
 6.1509857,1577090063263,
 6.868169,1577090064262,
 7.345352,1577090065266,
 7.6214085,1577090066260,
 7.8602815,1577090067261,
 7.750986,1577090068259,
 7.36,1577090069270,
 7.093521,1577090070271,
 6.7042255,1577090071270,
 6.3397183,1577090072267,
 5.7769012,1577090073270,
 5.786479,1577090074267,
 5.52507,1577090075264,
 5.691831,1577090076267,
 6.1921124,1577090077265,
 6.4422536,1577090078268,
 7.024225,1577090079269,
 7.3549294,1577090080269,
 7.4388733,1577090081271,
 7.1656337,1577090082261,
 6.9667606,1577090083265,
 6.657465,1577090084263,
 7.0766196,1577090085263,
 6.92,1577090086258,
 6.662535,1577090087268,
 6.490704,1577090088268,
 5.8997183,1577090089267,
 5.4259157,1577090090264,
 5.108732,1577090091274,
 5.289014,1577090092266,
 6.181972,1577090093269,
 6.767324,1577090094270,
 6.812394,1577090095267,
 6.6394367,1577090096266,
 6.6895776,1577090097264,
 6.925634,1577090098266,
 7.227042,1577090099267,
 7.5211267,1577090100264,
 7.624225,1577090101268,
 7.232676,1577090102268,
 6.8495774,1577090103276,
 6.5650706,1577090104264,
 6.006197,1577090105268,
 5.346479,1577090106262,
 4.790986,1577090107262,
 4.830986,1577090108259,
 5.117183,1577090109261,
 5.545352,1577090110262,
 5.956056,1577090111265,
 5.9819717,1577090112260,
 6.2484508,1577090113260,
 6.0687323,1577090114260,
 6.0867605,1577090115257,
 5.944789,1577090116261,
 5.906479,1577090117269,
 6.0123944,1577090118267,
 6.1814084,1577090119261,
 6.4574647,1577090120259,
 5.411831,1577090121260,
 4.731831,1577090122255,
 5.7757745,1577090123261,
 6.410141,1577090124262,
 5.8777466,1577090125254,
 5.9932394,1577090126254,
 5.5549297,1577090127269,
 5.0287323,1577090128258,
 5.019718,1577090129260,
 4.980282,1577090130258,
 4.71831,1577090131260,
 4.0749297,1577090132260,
 3.5030985,1577090133261,
 3.28,1577090134259,
 3.48,1577090135264,
 3.767324,1577090136260,
 4.23662,1577090137261,
 4.7802815,1577090138262,
 5.352676,1577090139261,
 6.0067606,1577090140269,
 6.767324,1577090141276,
 7.6095777,1577090142269,
 8.28676,1577090143268,
 8.667605,1577090144265,
 8.623098,1577090145265,
 9.152676,1577090146263,
 9.863098,1577090147267,
 10.506479,1577090148262,
 10.865352,1577090149266,
 10.936901,1577090150265,
 10.937465,1577090151267,
 11.202253,1577090152265,
 11.491831,1577090153269,
 11.737465,1577090154267,
 12.021408,1577090155261,
 12.295774,1577090156267,
 12.551549,1577090157276,
 12.815775,1577090158268,
 13.037746,1577090159271,
 13.263662,1577090160267,
 13.242817,1577090161268,
 13.092395,1577090162264,
 12.925071,1577090163265,
 12.765634,1577090164264,
 12.592113,1577090165271,
 12.416338,1577090166258,
 12.093521,1577090167264,
 12.0253525,1577090168263,
 11.941972,1577090169260,
 11.8732395,1577090170258,
 11.821408,1577090171269,
 11.757747,1577090172263,
 11.706479,1577090173263,
 11.577465,1577090174262,
 11.226479,1577090175276,
 10.905352,1577090176263,
 10.821972,1577090177261,
 10.8118305,1577090178264,
 10.817465,1577090179261,
 10.824789,1577090180263,
 10.83831,1577090181267,
 10.720563,1577090182266,
 10.700845,1577090183271,
 10.612394,1577090184262,
 10.502535,1577090185265,
 10.418028,1577090186262,
 10.601127,1577090187267,
 10.84169,1577090188264,
 11.04,1577090189268,
 11.250704,1577090190264,
 11.453521,1577090191264,
 11.650141,1577090192264,
 11.888451,1577090193267,
 12.058028,1577090194264,
 12.292957,1577090195265,
 12.468733,1577090196267,
 12.764507,1577090197270,
 13.002817,1577090198266,
 13.160563,1577090199267,
 13.405634,1577090200262,
 13.545916,1577090201267,
 13.227042,1577090202263,
 12.698029,1577090203264,
 12.344225,1577090204265,
 11.9070425,1577090205264,
 11.585916,1577090206260,
 11.47662,1577090207269,
 11.482817,1577090208270,
 11.550986,1577090209268,
 11.620845,1577090210269,
 11.748733,1577090211268,
 11.885633,1577090212267,
 12.009578,1577090213272,
 12.150422,1577090214274,
 12.299155,1577090215265,
 12.407324,1577090216265,
 12.546479,1577090217260,
 12.706479,1577090218262,
 12.492394,1577090219269,
 12.0591545,1577090220264,
 11.631549,1577090221265,
 11.304789,1577090222261,
 11.032676,1577090223270,
 10.790422,1577090224261,
 10.830422,1577090225273,
 10.975775,1577090226267,
 11.160563,1577090227267,
 11.321127,1577090228261,
 11.500281,1577090229268,
 11.535212,1577090230268,
 11.652394,1577090231277,
 11.717183,1577090232267,
 11.816338,1577090233267,
 11.995493,1577090234265,
 12.172957,1577090235258,
 12.361127,1577090236265,
 12.390423,1577090237268,
 12.157746,1577090238266,
 11.977465,1577090239268,
 11.7780285,1577090240265,
 11.557183,1577090241272,
 11.385916,1577090242265,
 11.243381,1577090243270,
 11.263099,1577090244269,
 11.225352,1577090245266,
 11.187606,1577090246260,
 11.341409,1577090247269,
 11.575212,1577090248262,
 11.821972,1577090249267,
 12.000564,1577090250263,
 11.829859,1577090251265,
 11.848451,1577090252263,
 11.929578,1577090253259,
 11.793803,1577090254267,
 11.569577,1577090255271,
 11.434366,1577090256267,
 11.281691,1577090257268,
 11.165071,1577090258267,
 10.973521,1577090259272,
 10.795493,1577090260269,
 10.783662,1577090261273,
 10.964507,1577090262267,
 11.011268,1577090263265,
 11.247888,1577090264261,
 11.599437,1577090265265,
 11.929578,1577090266266,
 11.732394,1577090267272,
 11.200563,1577090268268,
 10.695211,1577090269267,
 9.983662,1577090270268,
 9.584226,1577090271270,
 9.324507,1577090272264,
 9.241127,1577090273269,
 9.139155,1577090274268,
 9.142535,1577090275260,
 9.080564,1577090276266,
 9.033803,1577090277265,
 9.690704,1577090278265,
 10.178028,1577090279265,
 10.823098,1577090280261,
 10.92,1577090281260,
 11.215775,1577090282254,
 11.994367,1577090283260,
 12.807324,1577090284260,
 13.654648,1577090285260,
 14.138592,1577090286257,
 13.79831,1577090287259,
 13.568451,1577090288259,
 13.509859,1577090289264,
 13.575212,1577090290258,
 13.79831,1577090291265,
 13.981408,1577090292265,
 14.220282,1577090293258,
 14.465916,1577090294263,
 14.75155,1577090295269,
 15.108169,1577090296261,
 15.457465,1577090297265,
 15.619719,1577090298262,
 15.344225,1577090299261,
 15.296902,1577090300262,
 15.232113,1577090301263,
 14.931831,1577090302262,
 14.559437,1577090303266,
 13.593802,1577090304259,
 12.43662,1577090305261,
 11.328451,1577090306262,
 10.67662,1577090307263,
 10.348732,1577090308263,
 10.418028,1577090309268,
 10.514366,1577090310268,
 10.620281,1577090311266,
 10.802254,1577090312265,
 11.071549,1577090313264,
 11.415212,1577090314264,
 11.789296,1577090315266,
 12.150422,1577090316266,
 12.677183,1577090317264,
 13.24,1577090318264,
 13.895775,1577090319266,
 14.550423,1577090320267,
 15.253521,1577090321272,
 15.698591,1577090322261,
 15.473803,1577090323261,
 15.24,1577090324262,
 14.987606,1577090325261,
 14.805071,1577090326260,
 14.670986,1577090327267,
 14.614648,1577090328260,
 14.494084,1577090329259,
 13.470986,1577090330257,
 13.348732,1577090331258,
 13.336902,1577090332258,
 13.35662,1577090333257,
 13.1436615,1577090334261,
 12.934085,1577090335258,
 12.739155,1577090336256,
 12.490705,1577090337263,
 12.268169,1577090338258,
 12.037746,1577090339265,
 11.795493,1577090340260,
 11.456338,1577090341262,
 10.905915,1577090342261,
 10.444507,1577090343262,
 10.250141,1577090344255,
 10.268169,1577090345264,
 10.421972,1577090346260,
 10.660282,1577090347259,
 10.8287325,1577090348258,
 11.050704,1577090349266,
 11.176902,1577090350259,
 11.16,1577090351264,
 11.185352,1577090352261,
 11.307606,1577090353261,
 11.408451,1577090354259,
 11.528451,1577090355254,
 11.6597185,1577090356253,
 11.777465,1577090357261,
 11.88338,1577090358257,
 11.699155,1577090359261,
 11.324507,1577090360258,
 10.788169,1577090361256,
 10.398873,1577090362249,
 10.090704,1577090363259,
 9.854085,1577090364257,
 9.594366,1577090365256,
 8.860282,1577090366256,
 8.512676,1577090367258,
 8.301409,1577090368260,
 8.079436,1577090369267,
 7.6895776,1577090370260,
 7.375775,1577090371260,
 7.2940845,1577090372260,
 7.36169,1577090373255,
 7.192676,1577090374267,
 7.0321126,1577090375267,
 6.860845,1577090376261,
 6.7802815,1577090377259,
 6.896338,1577090378259,
 7.127324,1577090379258,
 7.40169,1577090380261,
 7.7695775,1577090381261,
 8.125634,1577090382261,
 8.294085,1577090383261,
 7.475493,1577090384255,
 5.643944,1577090385262,
 3.502535,1577090386254,
 3.0242252,1577090387259,
 2.7611268,1577090388254,
 2.4749296,1577090389253,
 2.084507,1577090390259,
 1.7453521,1577090391255,
 2.4484508,1577090392255,
 2.8067605,1577090393258,
 3.5949297,1577090394254,
 4.4078875,1577090395248,
 5.6230984,1577090396250,
 6.975775,1577090397251,
 8.083943,1577090398251,
 9.137465,1577090399251,
 10.119436,1577090400248,
 10.770704,1577090401249,
 11.269859,1577090402237,
 11.780845,1577090403245,
 12.336902,1577090404249,
 12.421409,1577090405261,
 12.517747,1577090406254,
 12.110422,1577090407257,
 11.458591,1577090408254,
 11.024789,1577090409256,
 11.021972,1577090410251,
 11.39831,1577090411256,
 11.089578,1577090412254,
 8.818028,1577090413246,
 7.7487326,1577090414255,
 7.31831,1577090415256,
 7.3622537,1577090416252,
 7.8146477,1577090417259,
 8.91155,1577090418256,
 9.927887,1577090419258,
 10.476056,1577090420251,
 10.669295,1577090421255,
 10.76,1577090422255,
 10.932394,1577090423255,
 11.083381,1577090424250,
 11.232113,1577090425253,
 11.378028,1577090426252,
 11.501409,1577090427256,
 11.627605,1577090428258,
 11.707605,1577090429259,
 11.757747,1577090430259,
 11.52676,1577090431253,
 11.479437,1577090432259,
 11.450705,1577090433259,
 11.360563,1577090434257,
 11.341409,1577090435258,
 11.282253,1577090436257,
 11.194929,1577090437258,
 11.130704,1577090438259,
 11.092395,1577090439260,
 11.082817,1577090440260,
 11.178028,1577090441261,
 11.304789,1577090442251,
 11.557183,1577090443256,
 11.96338,1577090444256,
 12.459155,1577090445255,
 13.00338,1577090446255,
 13.485634,1577090447256,
 13.98986,1577090448253,
 14.492394,1577090449253,
 14.712676,1577090450257,
 14.945915,1577090451255,
 15.210141,1577090452255,
 15.569577,1577090453260,
 15.481127,1577090454262,
 15.064789,1577090455258,
 14.774084,1577090456257,
 14.450141,1577090457258,
 14.258028,1577090458256,
 14.02986,1577090459260,
 13.783662,1577090460255,
 13.545916,1577090461257,
 13.330141,1577090462257,
 13.217464,1577090463260,
 13.722816,1577090464257,
 14.182535,1577090465263,
 14.630423,1577090466258,
 15.055775,1577090467259,
 15.486197,1577090468258,
 15.849578,1577090469260,
 16.13803,1577090470259,
 16.374084,1577090471260,
 16.538029,1577090472258,
 16.689577,1577090473257,
 16.526197,1577090474257,
 16.07324,1577090475259,
 15.627605,1577090476256,
 15.189296,1577090477262,
 14.733521,1577090478257,
 14.352676,1577090479251,
 13.997746,1577090480255,
 14.050704,1577090481260,
 14.187606,1577090482251,
 14.449014,1577090483255,
 14.72338,1577090484255,
 15.065352,1577090485255,
 15.4016905,1577090486253,
 15.737465,1577090487255,
 15.689577,1577090488256,
 15.386478,1577090489253,
 14.895775,1577090490249,
 13.895775,1577090491246,
 12.464226,1577090492252,
 11.097465,1577090493246,
 9.807324,1577090494256,
 9.552676,1577090495251,
 8.823662,1577090496257,
 8.183099,1577090497252,
 8.903662,1577090498256,
 9.854648,1577090499255,
 10.300282,1577090500247,
 10.648451,1577090501260,
 11.056338,1577090502260,
 10.943099,1577090503258,
 10.740282,1577090504258,
 11.101972,1577090505255,
 11.599437,1577090506256,
 12.269859,1577090507260,
 13.0146475,1577090508257,
 13.796619,1577090509255,
 14.372395,1577090510256,
 14.318873,1577090511252,
 14.2495775,1577090512258,
 14.194366,1577090513265,
 13.470986,1577090514259,
 12.189296,1577090515260,
 10.584788,1577090516260,
 10.007324,1577090517256,
 9.659155,1577090518256,
 9.447887,1577090519265,
 9.939155,1577090520254,
 11.274366,1577090521256,
 13.064789,1577090522252,
 13.933521,1577090523265,
 13.775211,1577090524257,
 13.490705,1577090525261,
 13.407887,1577090526258,
 13.497465,1577090527256,
 13.745915,1577090528256,
 14.3402815,1577090529259,
 15.224225,1577090530256,
 15.983662,1577090531262,
 16.672113,1577090532256,
 17.164507,1577090533256,
 17.581408,1577090534258,
 18.012394,1577090535260,
 18.423662,1577090536255,
 18.287888,1577090537256,
 17.908169,1577090538250,
 17.416338,1577090539250,
 16.97972,1577090540246,
 16.538029,1577090541251,
 16.12338,1577090542254,
 15.710986,1577090543253,
 15.431549,1577090544249,
 15.000564,1577090545251,
 14.587605,1577090546249,
 14.443944,1577090547252,
 14.354366,1577090548252,
 14.324507,1577090549259,
 14.290704,1577090550253,
 14.3171835,1577090551247,
 14.385916,1577090552252,
 14.411831,1577090553250,
 14.396056,1577090554250,
 14.482253,1577090555261,
 14.55324,1577090556257,
 14.654084,1577090557254,
 14.76,1577090558253,
 14.910986,1577090559255,
 15.096338,1577090560257,
 15.236056,1577090561258,
 15.444507,1577090562249,
 15.587042,1577090563256,
 15.698591,1577090564259,
 15.246197,1577090565254,
 14.040564,1577090566255,
 12.824225,1577090567258,
 12.185916,1577090568258,
 11.754366,1577090569253,
 11.422535,1577090570255,
 11.214648,1577090571255,
 11.229296,1577090572252,
 10.92338,1577090573250,
 9.335774,1577090574252,
 7.4687324,1577090575248,
 7.154366,1577090576252,
 7.0315495,1577090577255,
 7.232113,1577090578249,
 7.7115493,1577090579255,
 8.310423,1577090580248,
 8.957183,1577090581249,
 9.527887,1577090582249,
 10.006761,1577090583250,
 10.4354925,1577090584248,
 10.859718,1577090585254,
 11.322817,1577090586250,
 11.880564,1577090587248,
 12.527887,1577090588252,
 13.162817,1577090589253,
 13.785352,1577090590250,
 13.701408,1577090591251,
 13.584226,1577090592249,
 13.764507,1577090593253,
 13.881126,1577090594253,
 14.042817,1577090595252,
 14.185916,1577090596248,
 14.410705,1577090597250,
 14.567887,1577090598249,
 14.719437,1577090599252,
 14.363944,1577090600252,
 13.768451,1577090601252,
 13.220845,1577090602250,
 12.619155,1577090603256,
 12.255211,1577090604255,
 11.68,1577090605251,
 11.262535,1577090606254,
 11.178592,1577090607254,
 10.936338,1577090608258,
 10.44169,1577090609253,
 10.286197,1577090610250,
 10.057465,1577090611250,
 9.607324,1577090612241,
 9.506479,1577090613243,
 9.413521,1577090614247,
 9.310423,1577090615250,
 9.154929,1577090616250,
 8.993803,1577090617249,
 8.904789,1577090618246,
 8.745915,1577090619244,
 8.650704,1577090620242,
 8.470423,1577090621246,
 8.176338,1577090622246,
 7.7092957,1577090623245,
 7.2698593,1577090624248,
 7.07831,1577090625244,
 7.096338,1577090626245,
 7.3042254,1577090627241,
 7.395493,1577090628246,
 7.485634,1577090629246,
 7.642817,1577090630250,
 7.7194366,1577090631245,
 7.850704,1577090632250,
 8.063099,1577090633248,
 8.188732,1577090634245,
 8.414084,1577090635246,
 8.443944,1577090636245,
 8.499719,1577090637246,
 8.479437,1577090638241,
 8.495212,1577090639251,
 8.547042,1577090640246,
 8.497465,1577090641248,
 8.20845,1577090642244,
 7.773521,1577090643243,
 7.3785915,1577090644246,
 7.2805634,1577090645251,
 7.3442254,1577090646247,
 7.3143663,1577090647245,
 7.12338,1577090648245,
 6.8659153,1577090649241,
 6.6366196,1577090650240,
 6.4292955,1577090651249,
 5.957183,1577090652245,
 5.9667606,1577090653240,
 6.430986,1577090654245,
 6.8676057,1577090655242,
 6.969014,1577090656243,
 6.1070423,1577090657246,
 4.7695775,1577090658245,
 4.212394,1577090659242,
 4.0225353,1577090660241,
 3.9385915,1577090661241,
 3.8394365,1577090662240,
 3.8771832,1577090663242,
 4.6653523,1577090664237,
 5.6416903,1577090665242,
 6.515493,1577090666240,
 7.1064787,1577090667236,
 7.429859,1577090668244,
 7.743662,1577090669246,
 7.989859,1577090670244,
 8.062535,1577090671243,
 7.994366,1577090672244,
 7.7560563,1577090673247,
 7.5340843,1577090674242,
 7.4783096,1577090675246,
 7.326761,1577090676244,
 7.16,1577090677241,
 7.1177464,1577090678242,
 7.6608453,1577090679246,
 7.826479,1577090680241,
 8.259155,1577090681243,
 9.011268,1577090682243,
 9.620281,1577090683245,
 9.851831,1577090684244,
 10.157183,1577090685243,
 10.517747,1577090686240,
 10.743662,1577090687243,
 10.718309,1577090688243,
 10.717183,1577090689236,
 10.894085,1577090690239,
 11.125634,1577090691240,
 11.52,1577090692243,
 11.72338,1577090693246,
 11.735775,1577090694247,
 11.999436,1577090695245,
 12.12,1577090696242,
 11.901972,1577090697244,
 11.934648,1577090698244,
 11.782536,1577090699244,
 11.233803,1577090700237,
 10.698029,1577090701242,
 10.185916,1577090702235,
 10.087324,1577090703255,
 9.902535,1577090704270,
 9.788733,1577090705258,
 9.76338,1577090706266,
 9.916619,1577090707252,
 10.061408,1577090708259,
 10.178592,1577090709259,
 10.091831,1577090710252,
 10.202817,1577090711252,
 10.402253,1577090712252,
 10.560563,1577090713252,
 10.701408,1577090714261,
 10.576901,1577090715269,
 10.124507,1577090716244,
 9.6152115,1577090717260,
 9.35493,1577090718254,
 9.030422,1577090719268,
 8.868732,1577090720259,
 8.829296,1577090721260,
 8.882254,1577090722252,
 8.925071,1577090723259,
 8.9746475,1577090724252,
 9.010704,1577090725266,
 9.04,1577090726255,
 9.165071,1577090727263,
 9.522817,1577090728260,
 9.863098,1577090729258,
 10.152113,1577090730246,
 10.485634,1577090731246,
 10.75155,1577090732259,
 11.047324,1577090733259,
 11.313803,1577090734258,
 11.349296,1577090735258,
 11.562254,1577090736253,
 11.732394,1577090737252,
 11.806197,1577090738259,
 11.950986,1577090739258,
 12.066479,1577090740259,
 12.179155,1577090741261,
 12.2895775,1577090742269,
 12.378028,1577090743274,
 12.071549,1577090744273,
 11.484507,1577090745275,
 10.926197,1577090746255,
 10.428169,1577090747257,
 10.130141,1577090748265,
 9.783098,1577090749271,
 9.572394,1577090750274,
 9.493521,1577090751266,
 9.475493,1577090752279,
 9.6321125,1577090753267,
 9.901408,1577090754273,
 10.251831,1577090755271,
 10.610704,1577090756276,
 10.792112,1577090757271,
 10.994929,1577090758270,
 11.119436,1577090759273,
 11.212957,1577090760270,
 10.935211,1577090761274,
 10.065915,1577090762255,
 9.256338,1577090763265,
 8.861972,1577090764274,
 8.421409,1577090765273,
 8.077183,1577090766269,
 7.692958,1577090767272,
 7.5915494,1577090768275,
 8.686761,1577090769270,
 9.811268,1577090770271,
 10.365634,1577090771275,
 10.026479,1577090772275,
 9.598873,1577090773265,
 9.321127,1577090774272,
 9.430423,1577090775271,
 9.473803,1577090776234,
 9.280563,1577090777275,
 9.031549,1577090778254,
 8.843944,1577090779275,
 8.679437,1577090780238,
 8.52338,1577090781237,
 8.376338,1577090782240,
 8.028169,1577090783240,
 7.6264787,1577090784237,
 7.289014,1577090785236,
 6.882817,1577090786238,
 6.5825353,1577090787236,
 6.60338,1577090788277,
 8.373521,1577090789272,
 9.51831,1577090790283,
 9.379155,1577090791239,
 9.235493,1577090792238,
 9.328451,1577090793236,
 9.388732,1577090794235,
 9.510986,1577090795242,
 9.658029,1577090796236,
 9.691268,1577090797233,
 9.645634,1577090798231,
 9.531267,1577090799246,
 9.448451,1577090800238,
 9.325634,1577090801242,
 9.249014,1577090802236,
 9.144225,1577090803235,
 9.250141,1577090804233,
 9.483944,1577090805234,
 9.517183,1577090806235,
 9.132957,1577090807241,
 8.579719,1577090808236,
 7.999437,1577090809234,
 7.4394364,1577090810239,
 6.9723945,1577090811242,
 6.88169,1577090812235,
 7.251831,1577090813242,
 7.7053523,1577090814239,
 7.9059153,1577090815238,
 6.552676,1577090816231,
 4.7504225,1577090817239,
 3.0259154,1577090818236,
 2.257465,1577090819240,
 1.9543662,1577090820234,
 1.6850704,1577090821239,
 1.3126761,1577090822238,
 0.15605634,1577090823234,
 0.010140845,1577090824234,
 0.0067605632,1577090825238,
 0.006197183,1577090826234,
 0.0050704223,1577090827228,
 0.016338028,1577090828233,
 0.003943662,1577090829235,
 0.006197183,1577090830234,
 0.014647887,1577090831247,
 0.011267605,1577090832236,
 0.003943662,1577090833239,
 0.012394366,1577090834231,
 0.014647887,1577090835234,
 0.010704225,1577090836234,
 0.012394366,1577090837240,
 0.0016901408,1577090838233,
 0.010704225,1577090839235,
 0.0045070425,1577090840236,
 0.0045070425,1577090841235,
 0.010704225,1577090842234,
 0.003943662,1577090843241,
 0.0045070425,1577090844237,
 0.010704225,1577090845229,
 0.0067605632,1577090846233,
 0.0056338026,1577090847236,
 0.010140845,1577090848237,
 0.009577465,1577090849242,
 0.021971831,1577090850235,
 0.009014085,1577090851237,
 0.0067605632,1577090852235,
 0.007887324,1577090853235,
 0.0028169013,1577090854236,
 0.011267605,1577090855240,
 0.010704225,1577090856229,
 0.003943662,1577090857235,
 0.0016901408,1577090858233,
 0.014647887,1577090859235,
 0.0022535212,1577090860236,
 0.0050704223,1577090861240,
 0.012394366,1577090862234,
 0.012957746,1577090863232,
 0.003943662,1577090864235,
 0.0045070425,1577090865236,
 0.009577465,1577090866233,
 0.012394366,1577090867232,
 0.0067605632,1577090868234,
 0.0067605632,1577090869234,
 0.021971831,1577090870234,
 0.007887324,1577090871235,
 0.015211267,1577090872233,
 0.016338028,1577090873237,
 0.0067605632,1577090874232,
 0.006197183,1577090875234,
 0.010704225,1577090876232,
 0.012394366,1577090877232,
 0.0045070425,1577090878231,
 0.011830986,1577090879239,
 0.0073239435,1577090880233,
 0.009577465,1577090881233,
 0.007887324,1577090882233,
 0.008450705,1577090883234,
 0.0050704223,1577090884232,
 0.0050704223,1577090885233,
 0.0033802816,1577090886235,
 0.010704225,1577090887235,
 0.017464789,1577090888233,
 0.3256338,1577090889240,
 1.4630986,1577090890235,
 2.2760563,1577090891242,
 3.152676,1577090892235,
 4.474366,1577090893234,
 5.76,1577090894240,
 6.7577467,1577090895242,
 7.559437,1577090896236,
 8.109859,1577090897248,
 7.926197,1577090898241,
 7.3938026,1577090899240,
 6.944789,1577090900236,
 6.91662,1577090901237,
 7.390986,1577090902237,
 8.136902,1577090903237,
 9.070986,1577090904241,
 9.882817,1577090905241,
 10.525634,1577090906239,
 11.062535,1577090907233,
 11.464788,1577090908236,
 11.790986,1577090909237,
 11.376902,1577090910237,
 10.671549,1577090911228,
 10.211831,1577090912229,
 10.270986,1577090913233,
 10.388169,1577090914231,
 10.546479,1577090915236,
 10.957183,1577090916230,
 11.298592,1577090917234,
 11.647887,1577090918232,
 12.11662,1577090919236,
 12.552676,1577090920230,
 13.082817,1577090921231,
 13.349859,1577090922231,
 13.336338,1577090923232,
 13.325634,1577090924228,
 13.350423,1577090925222,
 13.15831,1577090926228,
 13.212395,1577090927247,
 13.194366,1577090928235,
 13.1774645,1577090929239,
 13.246197,1577090930236,
 13.1881695,1577090931239,
 13.103099,1577090932238,
 12.997183,1577090933241,
 12.936901,1577090934241,
 12.947606,1577090935240,
 12.889014,1577090936232,
 12.824225,1577090937236,
 12.753803,1577090938235,
 12.847324,1577090939240,
 12.823098,1577090940239,
 12.877747,1577090941240,
 12.890141,1577090942236,
 12.947042,1577090943232,
 13.005071,1577090944234,
 13.19831,1577090945232,
 13.27662,1577090946240,
 13.0253525,1577090947235,
 12.692394,1577090948238,
 12.379719,1577090949239,
 12.129014,1577090950238,
 11.9639435,1577090951245,
 11.904225,1577090952233,
 11.806197,1577090953235,
 11.722254,1577090954229,
 11.576338,1577090955233,
 11.502535,1577090956233,
 11.432113,1577090957233,
 11.336338,1577090958224,
 11.312113,1577090959225,
 11.315493,1577090960228,
 11.242253,1577090961233,
 11.259718,1577090962229,
 11.518873,1577090963228,
 11.8456335,1577090964229,
 12.028732,1577090965221,
 12.341409,1577090966225,
 12.677183,1577090967233,
 12.906479,1577090968234,
 13.086197,1577090969229,
 13.262535,1577090970225,
 13.210141,1577090971230,
 12.628733,1577090972226,
 11.908732,1577090973233,
 11.176902,1577090974230,
 10.344789,1577090975237,
 9.548169,1577090976231,
 8.339155,1577090977237,
 6.941972,1577090978234,
 5.4174647,1577090979234,
 4.7639437,1577090980235,
 5.8112674,1577090981239,
 7.7453523,1577090982238,
 8.456902,1577090983233,
 8.383099,1577090984238,
 8.322817,1577090985237,
 8.501972,1577090986235,
 8.966761,1577090987237,
 8.734084,1577090988238,
 8.646197,1577090989236,
 8.214648,1577090990238,
 7.506479,1577090991239,
 6.9030986,1577090992237,
 6.955493,1577090993243,
 7.706479,1577090994236,
 8.500845,1577090995237,
 9.224789,1577090996236,
 9.818028,1577090997238,
 10.169578,1577090998241,
 10.01014,1577090999241,
 10.277184,1577091000241,
 10.654084,1577091001237,
 11.028169,1577091002237,
 11.459719,1577091003239,
 11.796619,1577091004239,
 12.148169,1577091005238,
 12.580845,1577091006238,
 13.034367,1577091007238,
 13.456338,1577091008236,
 13.656338,1577091009239,
 13.5538025,1577091010236,
 13.567324,1577091011236,
 13.48507,1577091012228,
 13.565634,1577091013228,
 13.628733,1577091014228,
 13.747043,1577091015229,
 13.607887,1577091016222,
 13.518873,1577091017226,
 13.44169,1577091018223,
 13.525634,1577091019224,
 13.6597185,1577091020223,
 13.896338,1577091021225,
 14.108169,1577091022223,
 14.300845,1577091023221,
 14.51662,1577091024225,
 14.700845,1577091025225,
 14.91155,1577091026221,
 15.139718,1577091027230,
 15.350986,1577091028226,
 15.536338,1577091029230,
 15.709859,1577091030228,
 15.894648,1577091031223,
 16.054647,1577091032223,
 16.24169,1577091033223,
 16.366198,1577091034216,
 16.166761,1577091035224,
 15.705915,1577091036222,
 15.169578,1577091037222,
 14.652394,1577091038224,
 14.192113,1577091039226,
 13.72,1577091040227,
 13.263099,1577091041229,
 12.696338,1577091042231,
 12.389859,1577091043228,
 11.906479,1577091044232,
 11.388169,1577091045226,
 10.9853525,1577091046230,
 10.56169,1577091047229,
 10.370141,1577091048227,
 10.345916,1577091049230,
 10.3909855,1577091050229,
 10.649014,1577091051230,
 10.88,1577091052225,
 11.141409,1577091053231,
 11.334648,1577091054226,
 11.538028,1577091055223,
 11.763944,1577091056223,
 11.908169,1577091057226,
 12.026479,1577091058223,
 12.223662,1577091059225,
 12.402817,1577091060223,
 12.567887,1577091061225,
 12.812394,1577091062224,
 13.009578,1577091063221,
 13.31493,1577091064227,
 13.596056,1577091065232,
 13.874929,1577091066228,
 14.175775,1577091067234,
 14.323944,1577091068233,
 14.186479,1577091069233,
 13.88169,1577091070232,
 13.630986,1577091071240,
 13.48,1577091072234,
 13.136902,1577091073235,
 12.92338,1577091074229,
 12.442817,1577091075233,
 11.868169,1577091076232,
 11.058592,1577091077238,
 10.442253,1577091078237,
 9.975775,1577091079236,
 9.655775,1577091080235,
 9.486197,1577091081232,
 9.303662,1577091082233,
 9.16676,1577091083238,
 9.005633,1577091084236,
 8.850141,1577091085231,
 8.5476055,1577091086234,
 7.5385914,1577091087237,
 6.6952114,1577091088236,
 6.1177464,1577091089243,
 5.36,1577091090234,
 4.742535,1577091091234,
 4.2552114,1577091092228,
 3.8383098,1577091093234,
 2.665352,1577091094235,
 0.55887324,1577091095239,
 0.007887324,1577091096225,
 0.0050704223,1577091097227,
 0.014084507,1577091098228,
 0.0045070425,1577091099226,
 0.014647887,1577091100228,
 0.007887324,1577091101232,
 0.0050704223,1577091102227,
 0.006197183,1577091103221,
 0.007887324,1577091104227,
 0.0045070425,1577091105229,
 0.0011267606,1577091106223,
 0.0050704223,1577091107228,
 0.007887324,1577091108225,
 0.003943662,1577091109224,
 0.0022535212,1577091110220,
 0.0028169013,1577091111225,
 0.010704225,1577091112221,
 0.0056338026,1577091113227,
 0.027042253,1577091114221,
 0.0033802816,1577091115223,
 0.011267605,1577091116222,
 0.0056338026,1577091117222,
 0.012394366,1577091118224,
 0.0016901408,1577091119228,
 0.0050704223,1577091120223,
 0.0045070425,1577091121220,
 0.0028169013,1577091122222,
 0.0135211265,1577091123223,
 0.011267605,1577091124223,
 0.01915493,1577091125229,
 0.0045070425,1577091126229,
 0.0045070425,1577091127227,
 0.014084507,1577091128224,
 0.0073239435,1577091129226,
 0.01802817,1577091130222,
 0.011830986,1577091131231,
 0.007887324,1577091132220,
 0.012394366,1577091133222,
 0.0371831,1577091134222,
 0.0011267606,1577091135225,
 0.0022535212,1577091136224,
 0.009577465,1577091137230,
 0.009014085,1577091138223,
 0.010704225,1577091139222,
 0.01802817,1577091140223,
 0.006197183,1577091141226,
 0.0033802816,1577091142223,
 0.015774649,1577091143224,
 0.006197183,1577091144222,
 0.012394366,1577091145224,
 0.0028169013,1577091146219,
 0.014084507,1577091147225,
 0.016338028,1577091148225,
 0.007887324,1577091149227,
 0.010140845,1577091150219,
 0.007887324,1577091151223,
 0.006197183,1577091152223,
 0.0056338026,1577091153226,
 0.01802817,1577091154221,
 0.0056338026,1577091155228,
 0.02253521,1577091156223,
 0.055774648,1577091157225,
 0.012394366,1577091158226,
 0.01971831,1577091159226,
 0.01915493,1577091160226,
 0.007887324,1577091161224,
 0.0056338026,1577091162223,
 0.0022535212,1577091163225,
 0.0033802816,1577091164226,
 0.51323944,1577091165231,
 0.9205634,1577091166231,
 1.1566197,1577091167237,
 1.339155,1577091168233,
 1.209014,1577091169233,
 1.5802817,1577091170232,
 2.1380281,1577091171231,
 1.8957746,1577091172225,
 1.4721127,1577091173237,
 0.9594366,1577091174236,
 0.81295776,1577091175235,
 0.04225352,1577091176227,
 0.0056338026,1577091177226,
 0.003943662,1577091178226,
 0.0135211265,1577091179231,
 0.010140845,1577091180227,
 0.003943662,1577091181225,
 0.01802817,1577091182226,
 0.02253521,1577091183223,
 0.0050704223,1577091184226,
 0.01802817,1577091185233,
 0.0011267606,1577091186227,
 0.0028169013,1577091187221,
 0.017464789,1577091188225,
 0.023098592,1577091189227,
 0.012957746,1577091190221,
 0.008450705,1577091191233,
 0.017464789,1577091192228,
 0.015211267,1577091193227,
 0.0028169013,1577091194224,
 0.011830986,1577091195226,
 0.006197183,1577091196227,
 0.0045070425,1577091197231,
 0.01690141,1577091198227,
 0.0050704223,1577091199224,
 0.003943662,1577091200224,
