 0.54704225,1569294771159,
 0.80169016,1569294772158,
 0.823662,1569294773157,
 0.65859157,1569294774157,
 0.6619718,1569294775155,
 0.70985913,1569294776155,
 0.8377465,1569294777153,
 1.0630985,1569294778153,
 1.3847888,1569294779154,
 1.3887324,1569294780159,
 1.5487324,1569294781152,
 1.4901408,1569294782150,
 1.5605633,1569294783157,
 1.8416902,1569294784160,
 2.0653522,1569294785151,
 2.228169,1569294786157,
 2.3188732,1569294787156,
 2.4478874,1569294788154,
 2.3898592,1569294789163,
 2.32,1569294790160,
 2.1898592,1569294791160,
 1.2895775,1569294792161,
 1.2332394,1569294793159,
 1.2259156,1569294794160,
 1.0676056,1569294795212,
 0.9549296,1569294796153,
 0.8512676,1569294797157,
 0.41859156,1569294798162,
 0.27943662,1569294800158,
 0.6011268,1569294813160,
 1.0901408,1569294814151,
 1.2591549,1569294815155,
 1.3397183,1569294816159,
 1.3802817,1569294817154,
 1.4895774,1569294818157,
 1.5892957,1569294819156,
 2.0433803,1569294820158,
 2.317183,1569294821157,
 2.4777465,1569294822167,
 2.6766198,1569294823158,
 2.9205635,1569294824156,
 3.1447887,1569294825156,
 3.447324,1569294826158,
 3.6732395,1569294827156,
 4.0360565,1569294828160,
 4.3836617,1569294829158,
 4.5802817,1569294830156,
 4.828169,1569294831157,
 5.009014,1569294832216,
 5.152676,1569294833158,
 5.32,1569294834160,
 5.4270425,1569294835158,
 5.5560565,1569294836151,
 5.7047887,1569294837154,
 5.806197,1569294838156,
 5.792676,1569294839154,
 5.510986,1569294840166,
 5.2315493,1569294841154,
 4.966197,1569294842153,
 4.714366,1569294843151,
 4.4450703,1569294844158,
 4.506479,1569294845154,
 4.9566197,1569294846157,
 5.381972,1569294847152,
 5.342535,1569294848156,
 5.4022536,1569294849168,
 5.3639436,1569294850149,
 5.1357746,1569294851150,
 4.8185916,1569294852155,
 3.9983099,1569294853153,
 3.4067605,1569294854148,
 3.3121126,1569294855158,
 3.6146479,1569294856158,
 3.5414085,1569294857155,
 3.4140844,1569294858159,
 3.3842254,1569294859165,
 4.096338,1569294860149,
 4.219155,1569294861152,
 4.148169,1569294862152,
 4.074366,1569294863152,
 4.042817,1569294864154,
 4.2360563,1569294865145,
 4.2450705,1569294866147,
 4.296901,1569294867145,
 4.717183,1569294868141,
 4.4112678,1569294869140,
 4.550986,1569294870148,
 4.549859,1569294871142,
 4.6416903,1569294872149,
 4.486197,1569294873154,
 4.5521126,1569294874152,
 4.366197,1569294875150,
 4.5667605,1569294876156,
 5.0033803,1569294877150,
 5.431549,1569294878163,
 5.696338,1569294879151,
 5.9470425,1569294880151,
 6.183662,1569294881152,
 6.414648,1569294882156,
 6.647887,1569294883147,
 7.0405636,1569294884151,
 6.9414086,1569294885149,
 6.850704,1569294886179,
 7.1194367,1569294887152,
 7.217465,1569294888160,
 7.330141,1569294889158,
 7.489014,1569294890160,
 7.6614084,1569294891159,
 7.827042,1569294892159,
 7.976338,1569294893151,
 8.279437,1569294894151,
 8.47324,1569294895151,
 8.68338,1569294896150,
 8.686197,1569294897148,
 8.707043,1569294898147,
 8.5983095,1569294899145,
 8.476056,1569294900157,
 8.047887,1569294901146,
 7.55831,1569294902153,
 7.407324,1569294903150,
 7.371268,1569294904149,
 7.4394364,1569294905141,
 7.52507,1569294906142,
 7.4569016,1569294907136,
 7.6794367,1569294908136,
 7.7859154,1569294909137,
 8.47662,1569294910136,
 8.7673235,1569294911134,
 9.134648,1569294912133,
 8.729014,1569294913142,
 8.463099,1569294914137,
 8.738591,1569294915140,
 9.064225,1569294916135,
 9.067606,1569294917142,
 9.072113,1569294918141,
 9.021408,1569294919137,
 8.84169,1569294920141,
 8.75831,1569294921138,
 8.675493,1569294922136,
 8.68507,1569294923161,
 8.64,1569294924144,
 8.48676,1569294925144,
 8.335211,1569294926143,
 8.163381,1569294927145,
 7.1960564,1569294928143,
 6.390986,1569294929137,
 5.450141,1569294930137,
 4.7769012,1569294931136,
 4.182535,1569294932141,
 3.244507,1569294933142,
 2.7211268,1569294934134,
 2.4969015,1569294935134,
 2.2540846,1569294936137,
 2.1830986,1569294937139,
 2.651831,1569294938140,
 3.386479,1569294939139,
 4.6230984,1569294940138,
 5.5312676,1569294941141,
 6.213521,1569294942142,
 6.917183,1569294943149,
 7.1397185,1569294944154,
 7.2360563,1569294945143,
 7.625352,1569294946140,
 8.202817,1569294947138,
 8.569015,1569294948139,
 8.917747,1569294949139,
 9.20676,1569294950138,
 9.579719,1569294951139,
 9.819155,1569294952133,
 9.917183,1569294953137,
 9.798873,1569294954142,
 9.617465,1569294955136,
 9.592676,1569294956138,
 9.732394,1569294957145,
 9.745352,1569294958143,
 9.774648,1569294959141,
 9.790422,1569294960154,
 9.786479,1569294961142,
 9.75324,1569294962139,
 9.806761,1569294963129,
 9.872112,1569294964132,
 9.792112,1569294965136,
 9.795493,1569294966135,
 9.772958,1569294967138,
 9.774648,1569294968141,
 9.805634,1569294969145,
 9.83324,1569294970146,
 9.9639435,1569294971149,
 9.829859,1569294972148,
 9.534648,1569294973146,
 9.530141,1569294974137,
 9.79831,1569294975138,
 9.616901,1569294976147,
 9.632676,1569294977139,
 9.669295,1569294978146,
 9.219718,1569294979140,
 9.334648,1569294980140,
 8.9408455,1569294981184,
 8.47831,1569294982146,
 7.275493,1569294983147,
 6.9729576,1569294984146,
 6.8743663,1569294985140,
 6.4174647,1569294986138,
 5.9785914,1569294987137,
 4.732958,1569294988138,
 3.6557746,1569294989145,
 1.8259155,1569294990150,
 1.3887324,1569294991145,
 1.7791549,1569294992139,
 2.1667604,1569294993138,
 2.853521,1569294994141,
 3.933521,1569294995145,
 4.9250703,1569294996144,
 5.558873,1569294997149,
 6.4585915,1569294998141,
 7.51831,1569294999138,
 8.376338,1569295000185,
 8.584226,1569295001138,
 8.809577,1569295002139,
 9.847887,1569295003137,
 9.700282,1569295004137,
 10.280563,1569295005142,
 9.064789,1569295006138,
 7.2788734,1569295007140,
 5.235493,1569295008145,
 3.7707043,1569295009149,
 1.5983099,1569295010141,
 0.48450705,1569295011142,
 0.36732394,1569295056140,
 1.4230986,1569295057132,
 2.2664788,1569295058168,
 3.552676,1569295059142,
 4.7205634,1569295060138,
 6.0721126,1569295061130,
 6.157183,1569295062145,
 6.4980283,1569295063145,
 7.312113,1569295064147,
 7.7087326,1569295065152,
 8.1267605,1569295066146,
 8.52507,1569295067144,
 8.880564,1569295068146,
 9.220845,1569295069144,
 9.863098,1569295070146,
 10.546479,1569295071140,
 11.193803,1569295072135,
 11.818591,1569295073144,
 12.060845,1569295074143,
 12.04845,1569295075137,
 12.800564,1569295076163,
 13.465916,1569295077138,
 13.817465,1569295078140,
 14.150986,1569295079133,
 14.759437,1569295080139,
 14.96169,1569295081138,
 14.99662,1569295082134,
 15.017465,1569295083136,
 14.775211,1569295084140,
 15.010704,1569295085133,
 14.748169,1569295086142,
 14.243381,1569295087140,
 14.335211,1569295088150,
 14.767887,1569295089141,
 15.11831,1569295090141,
 15.149859,1569295091143,
 15.020845,1569295092140,
 15.140282,1569295093137,
 15.139155,1569295094142,
 15.291267,1569295095186,
 15.534648,1569295096139,
 15.313803,1569295097145,
 15.336338,1569295098141,
 15.2326765,1569295099139,
 15.093521,1569295100146,
 15.047887,1569295101141,
 14.921126,1569295102138,
 14.802817,1569295103137,
 14.755493,1569295104143,
 14.622535,1569295105146,
 14.51831,1569295106140,
 14.183662,1569295107142,
 13.730704,1569295108141,
 13.418028,1569295109144,
 13.08845,1569295110145,
 12.75493,1569295111146,
 12.510423,1569295112139,
 12.324507,1569295113144,
 12.079436,1569295114182,
 11.619719,1569295115146,
 10.816901,1569295116148,
 10.227042,1569295117147,
 9.560563,1569295118149,
 9.2,1569295119141,
 8.68,1569295120145,
 8.24507,1569295121146,
 8.465916,1569295122150,
 8.612958,1569295123144,
 8.5645075,1569295124142,
 8.674366,1569295125139,
 9.167324,1569295126140,
 9.624226,1569295127137,
 9.834929,1569295128146,
 9.681127,1569295129144,
 9.361127,1569295130137,
 9.270986,1569295131140,
 9.24845,1569295132162,
 9.292395,1569295133143,
 9.32507,1569295134146,
 9.51324,1569295135142,
 9.884507,1569295136138,
 10.140845,1569295137133,
 10.189296,1569295138136,
 10.381971,1569295139137,
 10.372958,1569295140142,
 10.374084,1569295141127,
 10.244507,1569295142133,
 10.071549,1569295143134,
 9.87155,1569295144140,
 9.772958,1569295145136,
 9.7611265,1569295146140,
 9.657465,1569295147137,
 9.63324,1569295148131,
 9.381409,1569295149140,
 8.990422,1569295150136,
 7.072676,1569295151177,
 5.579718,1569295152137,
 5.47493,1569295153137,
 5.669296,1569295154142,
 7.0332394,1569295155136,
 8.1436615,1569295156138,
 8.337464,1569295157141,
 8.371831,1569295158142,
 8.348169,1569295159137,
 8.371831,1569295160143,
 8.909859,1569295161141,
 9.410705,1569295162142,
 9.43493,1569295163141,
 9.548733,1569295164143,
 9.083381,1569295165144,
 8.15831,1569295166141,
 7.2202816,1569295167141,
 7.312113,1569295168140,
 7.5042253,1569295169149,
 7.153803,1569295170138,
 6.454648,1569295171141,
 6.623662,1569295172146,
 6.5774646,1569295173143,
 6.6315494,1569295174141,
 7.579155,1569295175139,
 8.064789,1569295176146,
 8.4969015,1569295177141,
 8.863098,1569295178149,
 9.016338,1569295179144,
 9.374648,1569295180143,
 9.442817,1569295181139,
 9.502535,1569295182147,
 9.424788,1569295183142,
 9.313803,1569295184145,
 9.386478,1569295185139,
 9.374648,1569295186139,
 9.393803,1569295187161,
 9.629295,1569295188136,
 9.956057,1569295189141,
 10.103662,1569295190143,
 9.24,1569295191141,
 8.974085,1569295192142,
 9.199436,1569295193141,
 9.710986,1569295194139,
 9.854648,1569295195138,
 10.242253,1569295196139,
 10.299718,1569295197138,
 10.541409,1569295198140,
 10.76507,1569295199138,
 10.76,1569295200146,
 10.950986,1569295201133,
 11.091831,1569295202134,
 10.966761,1569295203135,
 10.908732,1569295204131,
 10.945915,1569295205133,
 10.837183,1569295206138,
 10.537465,1569295207134,
 10.753803,1569295208131,
 10.616901,1569295209134,
 10.223662,1569295210128,
 9.732394,1569295211133,
 8.574084,1569295212138,
 7.297465,1569295213130,
 6.2039437,1569295214134,
 5.4884505,1569295215132,
 5.0169015,1569295216132,
 4.486197,1569295217129,
 3.8940845,1569295218131,
 2.8957746,1569295219134,
 2.0439436,1569295220132,
 1.9042253,1569295221126,
 2.0557747,1569295222130,
 2.3994367,1569295223129,
 2.299155,1569295224185,
 2.4659154,1569295225139,
 2.2039437,1569295226135,
 2.8760564,1569295227139,
 2.6540844,1569295228132,
 2.4507043,1569295229135,
 2.0388732,1569295230137,
 1.7340845,1569295231133,
 1.4647887,1569295232132,
 1.5030986,1569295233137,
 1.5476056,1569295234135,
 1.8371831,1569295235136,
 2.4760563,1569295236137,
 2.7419717,1569295237139,
 2.9340844,1569295238134,
 2.7802818,1569295239129,
 3.3380282,1569295240131,
 4.12,1569295241134,
 4.131831,1569295242149,
 4.1261973,1569295243133,
 4.082817,1569295244138,
 4.5661974,1569295245132,
 5.0907044,1569295246131,
 5.5425353,1569295247136,
 5.9887323,1569295248136,
 5.8242254,1569295249135,
 5.3921127,1569295250127,
 4.350986,1569295251132,
 4.4050703,1569295252129,
 4.9819717,1569295253132,
 5.079437,1569295254134,
 4.994366,1569295255134,
 4.6557746,1569295256133,
 3.3025353,1569295257127,
 2.4422536,1569295258134,
 1.6946479,1569295259139,
 0.82985914,1569295260142,
 0.24676056,1569295298162,
 1.5966197,1569295299129,
 2.413521,1569295300129,
 3.7723944,1569295301129,
 4.6512675,1569295302131,
 6.189296,1569295303131,
 8.007887,1569295304130,
 9.054085,1569295305129,
 9.84338,1569295306131,
 10.202253,1569295307128,
 10.649577,1569295308127,
 10.957183,1569295309126,
 11.504788,1569295310125,
 11.996057,1569295311124,
 12.578028,1569295312125,
 13.145352,1569295313127,
 13.603944,1569295314131,
 14.122253,1569295315120,
 14.619155,1569295316188,
 15.186479,1569295317132,
 15.258028,1569295318131,
 15.377465,1569295319130,
 15.530141,1569295320141,
 15.528451,1569295321129,
 15.512676,1569295322131,
 15.614084,1569295323132,
 15.743098,1569295324131,
 15.901972,1569295325133,
 16.086761,1569295326126,
 16.278873,1569295327131,
 16.42479,1569295328131,
 16.635492,1569295329131,
 16.781408,1569295330131,
 16.771267,1569295331131,
 16.513239,1569295332131,
 16.428732,1569295333170,
 16.389296,1569295334131,
 16.327887,1569295335123,
 16.274366,1569295336125,
 16.036057,1569295337122,
 16.149858,1569295338132,
 16.33352,1569295339130,
 16.486197,1569295340128,
 16.47324,1569295341136,
 16.531267,1569295342130,
 16.610142,1569295343135,
 16.691832,1569295344136,
 16.789295,1569295345133,
 16.812958,1569295346131,
 16.750986,1569295347127,
 16.825916,1569295348123,
 16.837746,1569295349125,
 16.558874,1569295350133,
 16.16338,1569295351133,
 15.780282,1569295352131,
 15.371831,1569295353133,
 15.002254,1569295354135,
 14.719437,1569295355133,
 14.895775,1569295356137,
 15.11662,1569295357137,
 15.298028,1569295358137,
 15.437746,1569295359130,
 15.554366,1569295360130,
 15.667042,1569295361130,
 15.526197,1569295362137,
 15.295774,1569295363133,
 15.074929,1569295364133,
 14.935211,1569295365135,
 15.064225,1569295366126,
 15.391549,1569295367128,
 15.938592,1569295368133,
 16.480564,1569295369129,
 16.945353,1569295370135,
 17.390985,1569295371133,
 17.613522,1569295372129,
 17.826479,1569295373133,
 18.105352,1569295374140,
 18.150423,1569295375138,
 18.470985,1569295376133,
 18.704788,1569295377127,
 18.510986,1569295378131,
 18.0969,1569295379138,
 17.97014,1569295380140,
 17.936338,1569295381132,
 17.975212,1569295382130,
 18.083944,1569295383132,
 18.090704,1569295384131,
 18.107042,1569295385136,
 18.121126,1569295386138,
 18.067041,1569295387144,
 18.169577,1569295388128,
 17.949295,1569295389130,
 17.55324,1569295390131,
 17.064226,1569295391131,
 16.35155,1569295392136,
 15.937465,1569295393137,
 15.72507,1569295394131,
 15.662536,1569295395127,
 15.768451,1569295396133,
 15.898592,1569295397134,
 16.03493,1569295398136,
 16.180845,1569295399130,
 16.304226,1569295400131,
 16.462536,1569295401132,
 16.634367,1569295402137,
 16.552675,1569295403133,
 16.349297,1569295404145,
 16.247887,1569295405137,
 16.16,1569295406131,
 16.067041,1569295407133,
 16.025352,1569295408135,
 16.072676,1569295409140,
 16.449577,1569295410141,
 16.923944,1569295411141,
 17.45014,1569295412135,
 17.820282,1569295413136,
 18.134647,1569295414137,
 18.254084,1569295415130,
 18.3369,1569295416137,
 18.47493,1569295417126,
 18.658028,1569295418133,
 18.812958,1569295419133,
 18.859718,1569295420133,
 18.848452,1569295421132,
 18.82141,1569295422140,
 18.737465,1569295423131,
 18.4169,1569295424127,
 18.064226,1569295425137,
 17.71831,1569295426131,
 17.356056,1569295427133,
 17.009577,1569295428132,
 16.691832,1569295429127,
 16.310986,1569295430132,
 16.009014,1569295431133,
 15.781972,1569295432137,
 15.606197,1569295433138,
 15.52676,1569295434139,
 15.689577,1569295435128,
 15.594366,1569295436135,
 15.651268,1569295437135,
 15.689577,1569295438137,
 15.507606,1569295439140,
 15.331831,1569295440145,
 15.203381,1569295441129,
 15.329577,1569295442126,
 15.295774,1569295443126,
 15.2326765,1569295444125,
 15.403944,1569295445125,
 15.497465,1569295446180,
 15.836057,1569295447128,
 16.220282,1569295448128,
 16.670422,1569295449128,
 17.454084,1569295450126,
 18.331831,1569295451129,
 18.712112,1569295452135,
 18.727888,1569295453135,
 18.486761,1569295454137,
 18.07493,1569295455133,
 15.522817,1569295456131,
 15.554366,1569295457133,
 14.023662,1569295458134,
 12.826479,1569295459130,
 12.367324,1569295460132,
 12.664789,1569295461132,
 8.325634,1569295462133,
 12.355493,1569295463134,
 12.995493,1569295464123,
 13.619155,1569295465129,
 13.8118305,1569295466129,
 13.512676,1569295467125,
 13.092395,1569295468118,
 12.808451,1569295469120,
 12.652394,1569295470122,
 13.065352,1569295471129,
 13.192676,1569295472131,
 13.336338,1569295473130,
 13.172395,1569295474129,
 13.145352,1569295475123,
 12.602254,1569295476123,
 13.129014,1569295477131,
 12.929578,1569295478131,
 12.874366,1569295479126,
 12.815211,1569295480119,
 12.644507,1569295481119,
 12.575212,1569295482114,
 12.44507,1569295483117,
 12.437746,1569295484123,
 12.650141,1569295485125,
 12.863098,1569295486122,
 13.066479,1569295487122,
 13.237184,1569295488118,
 13.309859,1569295489124,
 13.345352,1569295490117,
 13.403944,1569295491117,
 13.452958,1569295492117,
 13.531267,1569295493119,
 13.52507,1569295494126,
 13.55324,1569295495123,
 13.398873,1569295496126,
 13.527324,1569295497124,
 13.616901,1569295498128,
 13.776901,1569295499135,
 13.815775,1569295500135,
 13.942535,1569295501133,
 13.832676,1569295502132,
 13.239436,1569295503130,
 12.71493,1569295504163,
 12.402817,1569295505126,
 12.307606,1569295506127,
 12.180845,1569295507123,
 11.932394,1569295508124,
 11.550423,1569295509123,
 11.3340845,1569295510126,
 11.315493,1569295511125,
 11.378592,1569295512128,
 11.522817,1569295513126,
 11.700845,1569295514127,
 11.976338,1569295515125,
 12.209014,1569295516127,
 12.23662,1569295517129,
 12.541972,1569295518130,
 12.892958,1569295519126,
 13.072113,1569295520128,
 13.171831,1569295521128,
 13.141972,1569295522150,
 13.0591545,1569295523123,
 13.295211,1569295524121,
 13.468169,1569295525122,
 13.664226,1569295526117,
 13.716056,1569295527121,
 13.795493,1569295528126,
 14.016901,1569295529122,
 14.145352,1569295530130,
 14.304789,1569295531128,
 14.337464,1569295532128,
 13.954929,1569295533125,
 13.362817,1569295534127,
 12.8118305,1569295535129,
 12.214085,1569295536127,
 11.677183,1569295537122,
 11.173521,1569295538130,
 10.650704,1569295539130,
 9.906479,1569295540125,
 8.638873,1569295541155,
 7.712676,1569295542131,
 6.7802815,1569295543131,
 5.697465,1569295544126,
 5.3594365,1569295545138,
 5.0276055,1569295546131,
 4.9977465,1569295547131,
 5.0259156,1569295548132,
 5.3487325,1569295549130,
 6.3543663,1569295550129,
 7.2450705,1569295551130,
 6.9628167,1569295552131,
 5.7622533,1569295553132,
 5.669296,1569295554134,
 6.6140847,1569295555126,
 7.4833803,1569295556128,
 7.7385917,1569295557131,
 8.331267,1569295558131,
 9.013521,1569295559133,
 9.6828165,1569295560138,
 10.419719,1569295561183,
 11.180845,1569295562129,
 11.667042,1569295563141,
 12.065352,1569295564131,
 12.101408,1569295565132,
 12.27662,1569295566128,
 11.816901,1569295567129,
 11.250141,1569295568130,
 10.823662,1569295569128,
 10.754366,1569295570131,
 11.279437,1569295571130,
 11.87831,1569295572132,
 12.410141,1569295573125,
 12.556056,1569295574130,
 12.867043,1569295575128,
 13.15831,1569295576130,
 13.36676,1569295577131,
 13.552113,1569295578132,
 13.739718,1569295579142,
 13.862535,1569295580128,
 14.090141,1569295581130,
 14.178592,1569295582131,
 14.231549,1569295583132,
 13.954366,1569295584130,
 13.780282,1569295585134,
 13.679437,1569295586129,
 13.660845,1569295587126,
 13.699718,1569295588124,
 13.698591,1569295589122,
 13.68,1569295590125,
 13.720563,1569295591119,
 13.7504225,1569295592123,
 13.821408,1569295593123,
 13.842817,1569295594129,
 13.80338,1569295595120,
 13.972394,1569295596129,
 14.19831,1569295597128,
 13.942535,1569295598122,
 14.147042,1569295599141,
 14.500281,1569295600126,
 14.76,1569295601128,
 14.980845,1569295602124,
 14.997746,1569295603127,
 14.820845,1569295604120,
 15.074367,1569295605125,
 15.269859,1569295606124,
 15.427606,1569295607126,
 15.1543665,1569295608125,
 14.882254,1569295609126,
 15.058028,1569295610130,
 14.88169,1569295611124,
 14.627605,1569295612124,
 14.627605,1569295613121,
 14.644507,1569295614126,
 14.55493,1569295615122,
 14.085634,1569295616122,
 13.518873,1569295617143,
 13.082253,1569295618123,
 12.684507,1569295619129,
 12.158874,1569295620129,
 11.916057,1569295621122,
 11.725634,1569295622122,
 11.498591,1569295623127,
 11.489577,1569295624124,
 11.844507,1569295625132,
 12.287324,1569295626134,
 12.793803,1569295627126,
 13.3171835,1569295628124,
 13.530141,1569295629122,
 13.399437,1569295630129,
 13.0591545,1569295631128,
 12.59662,1569295632132,
 12.3402815,1569295633129,
 11.987042,1569295634128,
 11.659155,1569295635119,
 11.653522,1569295636120,
 11.783098,1569295637156,
 11.83831,1569295638130,
 12.190986,1569295639127,
 12.638873,1569295640126,
 12.952676,1569295641127,
 13.231549,1569295642117,
 13.392676,1569295643119,
 13.348732,1569295644123,
 13.056901,1569295645117,
 12.883944,1569295646120,
 12.664789,1569295647117,
 12.2833805,1569295648116,
 10.855775,1569295649122,
 9.308169,1569295650115,
 9.121127,1569295651122,
 9.44676,1569295652117,
 9.80338,1569295653116,
 10.190986,1569295654115,
 10.64,1569295655117,
 10.812958,1569295656117,
 10.930704,1569295657113,
 11.364507,1569295658114,
 11.543098,1569295659118,
 11.765634,1569295660113,
 12.045634,1569295661115,
 12.262535,1569295662112,
 12.787605,1569295663109,
 12.96169,1569295664107,
 12.87831,1569295665114,
 12.739718,1569295666113,
 12.806761,1569295667115,
 12.901972,1569295668116,
 13.595493,1569295669116,
 13.470986,1569295670114,
 13.6659155,1569295671106,
 13.508169,1569295672107,
 13.380281,1569295673113,
 13.865915,1569295674115,
 14.114367,1569295675112,
 14.054085,1569295676153,
 13.465916,1569295677119,
 12.827605,1569295678117,
 12.269859,1569295679124,
 10.775211,1569295680123,
 11.259155,1569295681121,
 10.525634,1569295682114,
 10.844507,1569295683122,
 11.330705,1569295684122,
 11.810141,1569295685127,
 12.178592,1569295686122,
 12.75324,1569295687124,
 13.349859,1569295688122,
 13.985915,1569295689121,
 14.483944,1569295690124,
 14.945353,1569295691121,
 15.464226,1569295692122,
 16.013521,1569295693115,
 16.338028,1569295694157,
 16.174648,1569295695121,
 16.005634,1569295696121,
 15.689577,1569295697117,
 15.753803,1569295698116,
 15.756619,1569295699115,
 15.776338,1569295700111,
 15.767887,1569295701117,
 15.500281,1569295702119,
 14.967887,1569295703119,
 14.536338,1569295704119,
 14.031549,1569295705118,
 13.88338,1569295706122,
 12.892958,1569295707119,
 12.614084,1569295708115,
 12.235493,1569295709125,
 11.647887,1569295710121,
 10.783662,1569295711114,
 10.180282,1569295712120,
 9.498028,1569295713119,
 9.319437,1569295714138,
 9.269296,1569295715119,
 9.169578,1569295716122,
 9.23493,1569295717121,
 9.44676,1569295718120,
 9.619719,1569295719121,
 9.756619,1569295720121,
 9.942535,1569295721120,
 9.930704,1569295722120,
 9.64507,1569295723121,
 9.477183,1569295724119,
 9.229296,1569295725119,
 8.977465,1569295726120,
 9.024789,1569295727126,
 9.108732,1569295728121,
 9.058592,1569295729122,
 8.944225,1569295730128,
 8.703662,1569295731122,
 8.658029,1569295732123,
 8.470986,1569295733117,
 8.516056,1569295734125,
 9.2557745,1569295735124,
 9.571268,1569295736127,
 9.917747,1569295737126,
 10.199436,1569295738125,
 10.281127,1569295739124,
 10.233803,1569295740121,
 10.43493,1569295741121,
 10.621972,1569295742123,
 10.846197,1569295743120,
 11.113803,1569295744120,
 11.247324,1569295745121,
 11.070422,1569295746122,
 11.085071,1569295747120,
 11.318873,1569295748120,
 11.602817,1569295749120,
 11.56,1569295750116,
 11.388732,1569295751114,
 11.24169,1569295752125,
 10.709296,1569295753116,
 9.255211,1569295754119,
 7.505352,1569295755117,
 6.073803,1569295756119,
 5.7160563,1569295757119,
 5.6867604,1569295758121,
 5.727324,1569295759119,
 5.7042255,1569295760116,
 5.780845,1569295761115,
 5.980282,1569295762111,
 6.2107043,1569295763108,
 6.3650703,1569295764106,
 6.459718,1569295765112,
 6.567324,1569295766111,
 6.682817,1569295767112,
 6.7166195,1569295768111,
 6.6822534,1569295769107,
 6.687887,1569295770110,
 6.805634,1569295771127,
 7.154366,1569295772107,
 7.469296,1569295773105,
 7.845634,1569295774115,
 8.137465,1569295775111,
 8.336338,1569295776116,
 8.374084,1569295777116,
 8.179718,1569295778113,
 8.129014,1569295779116,
 8.0760565,1569295780110,
 8.432113,1569295781115,
 9.68169,1569295782121,
 10.605634,1569295783109,
 11.43662,1569295784112,
 12.181409,1569295785113,
 12.294085,1569295786118,
 11.857465,1569295787118,
 11.402253,1569295788121,
 11.096338,1569295789141,
 10.842254,1569295790113,
 10.743098,1569295791109,
 10.422535,1569295792113,
 10.058592,1569295793113,
 10.067606,1569295794113,
 10.145352,1569295795109,
 10.180282,1569295796115,
 10.19831,1569295797112,
 10.134085,1569295798112,
 10.16,1569295799125,
 10.276056,1569295800118,
 10.275493,1569295801112,
 10.250141,1569295802109,
 10.311549,1569295803110,
 10.696901,1569295804117,
 11.137465,1569295805110,
 11.535774,1569295806118,
 11.573521,1569295807112,
 11.063099,1569295808111,
 10.48338,1569295809107,
 10.023099,1569295810113,
 9.569577,1569295811112,
 9.299155,1569295812112,
 9.11831,1569295813112,
 8.980282,1569295814117,
 8.943662,1569295815114,
 9.186479,1569295816117,
 9.453521,1569295817121,
 9.610141,1569295818119,
 9.8287325,1569295819114,
 10.054647,1569295820105,
 10.155493,1569295821110,
 10.084507,1569295822113,
 10.00169,1569295823114,
 9.91155,1569295824117,
 9.799437,1569295825170,
 9.71493,1569295826113,
 9.528451,1569295827117,
 9.517747,1569295828119,
 9.412958,1569295829118,
 9.372958,1569295830123,
 9.270986,1569295831114,
 9.241127,1569295832118,
 9.243943,1569295833116,
 9.263099,1569295834113,
 8.996057,1569295835115,
 8.492958,1569295836124,
 8.40676,1569295837116,
 8.302535,1569295838111,
 7.5121126,1569295839118,
 6.694648,1569295840120,
 6.4619718,1569295841118,
 6.129014,1569295842115,
 6.1515493,1569295843117,
 6.3938026,1569295844117,
 6.6569014,1569295845117,
 7.093521,1569295846119,
 7.629859,1569295847116,
 8.2495775,1569295848123,
 8.821408,1569295849114,
 9.404507,1569295850119,
 9.996057,1569295851115,
 10.36507,1569295852117,
 10.180845,1569295853116,
 9.984789,1569295854119,
 9.470986,1569295855118,
 8.71155,1569295856116,
 7.7594366,1569295857121,
 7.4777465,1569295858120,
 7.0073237,1569295859126,
 7.043944,1569295860114,
 7.515493,1569295861117,
 7.891268,1569295862120,
 7.9774647,1569295863117,
 8.074929,1569295864120,
 8.387606,1569295865122,
 8.571831,1569295866122,
 8.885071,1569295867118,
 9.365634,1569295868117,
 9.563944,1569295869120,
 9.678309,1569295870120,
 10.037746,1569295871116,
 10.155493,1569295872121,
 10.297464,1569295873121,
 10.358873,1569295874117,
 10.344789,1569295875111,
 10.390423,1569295876111,
 10.335211,1569295877113,
 10.135211,1569295878110,
 10.24507,1569295879115,
 10.378592,1569295880113,
 10.164507,1569295881118,
 10.420281,1569295882116,
 10.43662,1569295883113,
 10.686761,1569295884111,
 10.792112,1569295885115,
 10.993239,1569295886114,
 11.101408,1569295887114,
 11.260282,1569295888110,
 10.976901,1569295889110,
 10.865915,1569295890120,
 10.559437,1569295891116,
 9.625916,1569295892117,
 8.792676,1569295893116,
 8.465352,1569295894115,
 8.71324,1569295895111,
 8.932958,1569295896114,
 8.656901,1569295897114,
 7.9932394,1569295898111,
 7.228169,1569295899110,
 7.087324,1569295900107,
 7.0540843,1569295901112,
 6.9859157,1569295902114,
 6.911549,1569295903112,
 6.9971833,1569295904109,
 7.069296,1569295905111,
 7.305352,1569295906112,
 7.894648,1569295907109,
 8.59324,1569295908111,
 8.8287325,1569295909114,
 8.981408,1569295910119,
 9.2495775,1569295911109,
 9.24676,1569295912108,
 9.277746,1569295913110,
 8.906479,1569295914114,
 7.8101406,1569295915110,
 6.474366,1569295916112,
 5.300845,1569295917112,
 4.0771832,1569295918111,
 3.534648,1569295919124,
 3.2411268,1569295920116,
 3.5667605,1569295921113,
 4.144225,1569295922109,
 4.3543663,1569295923114,
 4.4214087,1569295924113,
 4.1030984,1569295925112,
 3.905352,1569295926114,
 3.910986,1569295927113,
 4.0022535,1569295928106,
 4.1430984,1569295929106,
 4.447324,1569295930111,
 4.83831,1569295931107,
 5.0850706,1569295932111,
 4.618592,1569295933108,
 4.8214083,1569295934105,
 4.877183,1569295935148,
 4.7769012,1569295936109,
 4.820845,1569295937111,
 4.930141,1569295938110,
 4.7892957,1569295939110,
 4.6163383,1569295940108,
 4.432676,1569295941110,
 4.167324,1569295942112,
 3.8642254,1569295943112,
 3.2861972,1569295944113,
 2.6991549,1569295945114,
 2.2292957,1569295946117,
 1.6980282,1569295947108,
 2.3932395,1569295948114,
 2.2878873,1569295949113,
 2.3430986,1569295950118,
 2.886197,1569295951110,
 3.3070424,1569295952110,
 3.5109859,1569295953115,
 3.7611268,1569295954126,
 4.122817,1569295955111,
 4.310986,1569295956114,
 4.275493,1569295957112,
 4.2067604,1569295958107,
 4.1695776,1569295959111,
 4.2884507,1569295960111,
 4.4580283,1569295961110,
 4.473803,1569295962112,
 4.559437,1569295963112,
 4.4512677,1569295964110,
 4.862535,1569295965110,
 5.079437,1569295966112,
 5.172958,1569295967116,
 5.4112678,1569295968114,
 5.589859,1569295969107,
 5.8895774,1569295970111,
 5.822535,1569295971117,
 6.3667607,1569295972117,
 6.602817,1569295973109,
 6.594366,1569295974145,
 6.673803,1569295975116,
 6.6095777,1569295976111,
 6.508169,1569295977115,
 6.049577,1569295978118,
 6.04,1569295979126,
 5.6569014,1569295980112,
 5.8676057,1569295981116,
 4.9030986,1569295982116,
 3.9160564,1569295983112,
 3.5307043,1569295984112,
 3.8028169,1569295985113,
 3.0259154,1569295986115,
 3.6991549,1569295987109,
 3.64,1569295988117,
 2.80169,1569295989117,
 1.0045071,1569295990119,
 1.1549295,1569295991113,
 1.28,1569295992115,
 2.3228168,1569295993135,
 2.5785916,1569295994112,
 2.4507043,1569295995111,
 2.7166197,1569295996116,
 2.976338,1569295997120,
 3.1098592,1569295998106,
 2.64,1569295999111,
 1.5476056,1569296000113,
 0.8490141,1569296001110,
 0.57746476,1569296003105,
 0.57577467,1569296004108,
 0.58816904,1569296005107,
 0.64788735,1569296006114,
 0.49746478,1569296007110,
 0.3307042,1569296008110,
 0.6349296,1569296009105,
 0.54985917,1569296010122,
 0.7284507,1569296011110,
 0.84056336,1569296012108,
 1.291831,1569296013108,
 1.4140846,1569296014115,
 1.7402817,1569296015112,
 2.1329577,1569296016108,
 3.1121128,1569296017113,
 4.652958,1569296018108,
 6.6985917,1569296019110,
 7.7769012,1569296020109,
 8.732394,1569296021110,
 9.259155,1569296022115,
 9.456338,1569296023109,
 9.630986,1569296024110,
 9.978028,1569296025113,
 10.361127,1569296026109,
 10.2833805,1569296027107,
 10.276056,1569296028114,
 10.249014,1569296029116,
 10.36676,1569296030116,
 10.237184,1569296031117,
 10.429859,1569296032112,
 10.484507,1569296033109,
 10.547042,1569296034105,
 10.847887,1569296035101,
 11.006197,1569296036105,
 11.135775,1569296037103,
 10.348169,1569296038105,
 10.362817,1569296039117,
 11.59662,1569296040109,
 12.103662,1569296041108,
 11.909296,1569296042113,
 11.60507,1569296043105,
 11.440563,1569296044111,
 10.7949295,1569296045111,
 10.596056,1569296046112,
 10.899718,1569296047112,
 11.091268,1569296048109,
 11.043381,1569296049108,
 10.904225,1569296050111,
 10.51831,1569296051115,
 10.082253,1569296052114,
 10.23662,1569296053114,
 10.512676,1569296054108,
 10.88,1569296055108,
 11.470986,1569296056105,
 12.192676,1569296057112,
 12.423662,1569296058110,
 13.033803,1569296059109,
 13.532958,1569296060108,
 13.766761,1569296061107,
 14.350986,1569296062111,
 14.52338,1569296063109,
 13.046197,1569296064114,
 11.535212,1569296065111,
 9.867605,1569296066102,
 9.1988735,1569296067103,
 8.277746,1569296068111,
 8.142535,1569296069112,
 8.332395,1569296070130,
 8.563944,1569296071112,
 8.721127,1569296072107,
 8.9132395,1569296073108,
 9.113803,1569296074116,
 9.445634,1569296075113,
 9.567887,1569296076111,
 9.567887,1569296077113,
 9.709296,1569296078107,
 10.164507,1569296079105,
 10.678873,1569296080111,
 11.1267605,1569296081107,
 11.467606,1569296082113,
 11.8118305,1569296083106,
 11.912112,1569296084108,
 11.87831,1569296085102,
 10.68507,1569296086106,
 9.052394,1569296087103,
 7.675493,1569296088107,
 6.9312677,1569296089104,
 6.2332397,1569296090100,
 6.0856338,1569296091101,
 6.5814085,1569296092109,
 7.3323946,1569296093106,
 8.027042,1569296094108,
 8.983662,1569296095106,
 9.781408,1569296096102,
 10.44507,1569296097107,
 11.1988735,1569296098109,
 11.994929,1569296099116,
 12.797747,1569296100116,
 13.369577,1569296101106,
 13.604507,1569296102154,
 13.904225,1569296103104,
 14.217464,1569296104104,
 14.150422,1569296105105,
 13.875493,1569296106116,
 13.087324,1569296107102,
 12.68,1569296108106,
 11.541972,1569296109107,
 9.984789,1569296110108,
 9.570141,1569296111109,
 8.97014,1569296112117,
 7.6969013,1569296113105,
 6.9695773,1569296114100,
 6.4523945,1569296115103,
 5.625352,1569296116103,
 4.258028,1569296117104,
 2.3740845,1569296118098,
 1.1853521,1569296119098,
 0.7509859,1569296120098,
 0.24169014,1569296143098,
 0.9092958,1569296144097,
 1.4428169,1569296145099,
 2.4574647,1569296146098,
 3.8107042,1569296147097,
 5.247324,1569296148098,
 6.343662,1569296149104,
 7.337465,1569296150103,
 7.993803,1569296151102,
 8.250704,1569296152104,
 9.059718,1569296153100,
 9.632676,1569296154098,
 10.31831,1569296155105,
 11.068732,1569296156102,
 10.97014,1569296157102,
 10.941408,1569296158104,
 10.938028,1569296159113,
 11.112676,1569296160110,
 11.354366,1569296161103,
 11.597183,1569296162101,
 11.663098,1569296163109,
 11.722254,1569296164101,
 11.944225,1569296165098,
 12.136338,1569296166102,
 12.312113,1569296167100,
 12.456902,1569296168100,
 12.470423,1569296169104,
 12.638873,1569296170105,
 12.9070425,1569296171106,
 13.032113,1569296172105,
 13.12,1569296173104,
 13.083381,1569296174107,
 12.985915,1569296175106,
 12.863662,1569296176101,
 12.774084,1569296177104,
 12.712676,1569296178106,
 12.790986,1569296179106,
 12.891268,1569296180122,
 12.790422,1569296181104,
 12.301971,1569296182106,
 11.402253,1569296183104,
 10.8732395,1569296184110,
 10.64,1569296185109,
 10.660845,1569296186107,
 10.3909855,1569296187103,
 10.12169,1569296188113,
 9.874929,1569296189112,
 9.657465,1569296190116,
 9.730141,1569296191112,
 9.832676,1569296192109,
 9.869859,1569296193111,
 10.003943,1569296194106,
 10.220282,1569296195111,
 10.340845,1569296196110,
 10.358873,1569296197112,
 10.273803,1569296198109,
 10.189859,1569296199108,
 10.216338,1569296200105,
 10.051268,1569296201112,
 10.12169,1569296202113,
 10.014085,1569296203110,
 9.9239435,1569296204109,
 9.812394,1569296205105,
 10.449577,1569296206114,
 10.817465,1569296207111,
 11.180282,1569296208114,
 11.601127,1569296209117,
 11.628169,1569296210107,
 11.569577,1569296211107,
 11.349859,1569296212108,
 10.815775,1569296213107,
 10.218028,1569296214109,
 9.867043,1569296215106,
 9.355493,1569296216103,
 9.027606,1569296217110,
 8.721127,1569296218105,
 8.534084,1569296219113,
 8.393239,1569296220109,
 8.465352,1569296221108,
 9.091831,1569296222104,
 9.51493,1569296223106,
 9.87155,1569296224115,
 10.252957,1569296225110,
 10.68338,1569296226114,
 10.869296,1569296227110,
 10.971268,1569296228112,
 11.165071,1569296229116,
 11.3171835,1569296230115,
 11.582535,1569296231115,
 11.511549,1569296232108,
 11.588169,1569296233115,
 11.796619,1569296234110,
 12.159436,1569296235113,
 11.99662,1569296236109,
 12.250141,1569296237114,
 12.415774,1569296238116,
 12.429859,1569296239113,
 12.291831,1569296240106,
 12.228169,1569296241107,
 12.122253,1569296242115,
 11.814084,1569296243105,
 12.27662,1569296244111,
 13.133521,1569296245107,
 13.592676,1569296246109,
 13.628733,1569296247103,
 13.8011265,1569296248100,
 14.165634,1569296249101,
 14.294648,1569296250105,
 14.734648,1569296251101,
 15.086197,1569296252099,
 15.513803,1569296253104,
 15.930704,1569296254106,
 15.976338,1569296255103,
 16.116056,1569296256099,
 16.455774,1569296257103,
 16.523943,1569296258101,
 16.674929,1569296259093,
 16.576338,1569296260096,
 16.809013,1569296261093,
 17.207888,1569296262100,
 16.896338,1569296263100,
 16.805634,1569296264100,
 16.80676,1569296265101,
 16.771267,1569296266101,
 16.16169,1569296267093,
 14.60507,1569296268100,
 15.56507,1569296269097,
 15.570141,1569296270172,
 15.303099,1569296271115,
 15.520563,1569296272097,
 15.174085,1569296273099,
 15.019155,1569296274095,
 14.795493,1569296275100,
 14.403944,1569296276099,
 13.8794365,1569296277096,
 13.619155,1569296278094,
 13.505352,1569296279105,
 13.442253,1569296280095,
 13.020282,1569296281093,
 12.5307045,1569296282091,
 11.915493,1569296283092,
 11.415774,1569296284094,
 11.2050705,1569296285092,
 11.129578,1569296286106,
 11.066479,1569296287097,
 11.062535,1569296288103,
 10.9746475,1569296289103,
 11.157746,1569296290095,
 11.4,1569296291090,
 11.817465,1569296292090,
 11.494648,1569296293100,
 11.046761,1569296294094,
 10.512676,1569296295099,
 10.677183,1569296296102,
 11.106479,1569296297112,
 11.595493,1569296298111,
 12.042817,1569296299106,
 12.572394,1569296300101,
 13.029296,1569296301102,
 13.580845,1569296302104,
 14.091268,1569296303094,
 14.793803,1569296304102,
 15.475493,1569296305101,
 16.131268,1569296306093,
 16.827606,1569296307090,
 17.240562,1569296308142,
 17.503662,1569296309093,
 17.774084,1569296310115,
 17.704226,1569296311103,
 17.276056,1569296312100,
 17.126198,1569296313103,
 17.020845,1569296314099,
 16.894085,1569296315095,
 16.557747,1569296316089,
 16.628733,1569296317098,
 16.175776,1569296318100,
 15.757747,1569296319099,
 15.450705,1569296320100,
 15.190423,1569296321092,
 14.909296,1569296322100,
 14.940282,1569296323099,
 15.28,1569296324101,
 15.63662,1569296325096,
 15.948732,1569296326099,
 15.810704,1569296327099,
 15.691831,1569296328107,
 15.597183,1569296329100,
 15.570704,1569296330104,
 15.667605,1569296331101,
 15.68338,1569296332097,
 15.501972,1569296333110,
 15.6321125,1569296334107,
 15.612394,1569296335107,
 15.614084,1569296336106,
 15.341971,1569296337108,
 15.321127,1569296338106,
 15.463662,1569296339115,
 15.145352,1569296340107,
 14.988169,1569296341102,
 14.939155,1569296342100,
 14.705915,1569296343100,
 14.07831,1569296344103,
 13.847324,1569296345102,
 14.240563,1569296346105,
 14.264789,1569296347118,
 13.758873,1569296348105,
 14.192676,1569296349104,
 14.349296,1569296350105,
 14.344789,1569296351107,
 14.151549,1569296352106,
 14.01014,1569296353106,
 13.779155,1569296354099,
 13.467042,1569296355100,
 13.269296,1569296356103,
 13.152676,1569296357106,
 12.891831,1569296358108,
 12.700282,1569296359105,
 12.570704,1569296360104,
 12.389859,1569296361101,
 12.19662,1569296362105,
 11.896338,1569296363106,
 11.732958,1569296364107,
 11.902535,1569296365103,
 12.192113,1569296366103,
 12.414084,1569296367103,
 12.274366,1569296368137,
 12.104789,1569296369103,
 12.310423,1569296370107,
 12.722816,1569296371103,
 13.032676,1569296372097,
 13.328451,1569296373101,
 13.536338,1569296374099,
 13.339155,1569296375103,
 13.085634,1569296376105,
 12.856901,1569296377104,
 12.518873,1569296378101,
 12.444507,1569296379098,
 12.571831,1569296380103,
 12.658029,1569296381105,
 12.72338,1569296382102,
 12.780845,1569296383098,
 12.734084,1569296384101,
 12.904789,1569296385101,
 13.303662,1569296386100,
 13.806761,1569296387144,
 14.294085,1569296388099,
 14.740845,1569296389098,
 14.885071,1569296390100,
 14.870422,1569296391101,
 14.916619,1569296392096,
 14.9639435,1569296393093,
 14.899718,1569296394092,
 15.0084505,1569296395094,
 15.254648,1569296396093,
 15.449577,1569296397098,
 15.575212,1569296398104,
 15.840564,1569296399107,
 15.972958,1569296400098,
 16.092958,1569296401094,
 16.180845,1569296402098,
 15.954366,1569296403100,
 15.779718,1569296404102,
 15.48338,1569296405098,
 15.187042,1569296406153,
 15.0253525,1569296407098,
 14.855211,1569296408096,
 14.660845,1569296409100,
 14.459719,1569296410097,
 14.258592,1569296411098,
 14.091268,1569296412098,
 13.900282,1569296413099,
 13.733521,1569296414100,
 13.374084,1569296415100,
 13.139718,1569296416100,
 13.187042,1569296417103,
 13.221409,1569296418101,
 13.092395,1569296419098,
 13.01014,1569296420099,
 12.91831,1569296421100,
 13.020282,1569296422101,
 13.345916,1569296423094,
 13.874929,1569296424100,
 13.950986,1569296425150,
 13.576338,1569296426102,
 13.034929,1569296427096,
 11.895775,1569296428099,
 10.621408,1569296429098,
 10.021408,1569296430099,
 9.839437,1569296431096,
 10.209578,1569296432095,
 10.04169,1569296433100,
 10.105352,1569296434095,
 10.277746,1569296435096,
 10.439437,1569296436098,
 10.591549,1569296437094,
 10.576338,1569296438097,
 10.411831,1569296439095,
 10.035493,1569296440095,
 9.742536,1569296441091,
 9.385352,1569296442094,
 8.729577,1569296443092,
 8.026479,1569296444113,
 7.28169,1569296445094,
 6.5385914,1569296446099,
 6.193239,1569296447097,
 5.96169,1569296448100,
 5.929014,1569296449096,
 6.129014,1569296450095,
 6.530704,1569296451094,
 7.0422535,1569296452090,
 7.7115493,1569296453096,
 8.458028,1569296454100,
 9.1205635,1569296455096,
 9.031549,1569296456096,
 8.808451,1569296457097,
 8.600563,1569296458100,
 8.509859,1569296459101,
 8.293521,1569296460102,
 8.12,1569296461130,
 8.150422,1569296462095,
 8.294085,1569296463093,
 8.471549,1569296464096,
 8.847887,1569296465101,
 9.315493,1569296466102,
 9.953803,1569296467096,
 10.566197,1569296468099,
 11.117746,1569296469094,
 11.525634,1569296470094,
 11.602254,1569296471099,
 11.621972,1569296472102,
 11.663662,1569296473099,
 11.672112,1569296474100,
 11.388169,1569296475106,
 11.6828165,1569296476101,
 11.112676,1569296477106,
 10.052394,1569296478104,
 8.649577,1569296479158,
 8.269859,1569296480098,
 8.223099,1569296481096,
 8.383099,1569296482101,
 8.525634,1569296483099,
 8.821408,1569296484103,
 9.277184,1569296485101,
 9.72169,1569296486097,
 10.3402815,1569296487097,
 10.793803,1569296488095,
 10.7442255,1569296489097,
 10.797747,1569296490103,
 11.072676,1569296491097,
 11.628733,1569296492092,
 12.182535,1569296493096,
 12.527887,1569296494103,
 12.783662,1569296495099,
 13.096901,1569296496110,
 13.572394,1569296497096,
 13.972958,1569296498090,
 14.094648,1569296499090,
 14.077183,1569296500102,
 14.371267,1569296501097,
 14.718873,1569296502092,
 15.196056,1569296503089,
 15.781408,1569296504093,
 16.250141,1569296505101,
 16.943663,1569296506100,
 17.465353,1569296507099,
 17.962816,1569296508101,
 17.05972,1569296509096,
 16.978027,1569296510089,
 16.590422,1569296511095,
 15.997183,1569296512092,
 16.24507,1569296513097,
 16.047323,1569296514090,
 15.72,1569296515103,
 15.891268,1569296516092,
 15.430423,1569296517108,
 15.743662,1569296518099,
 15.934648,1569296519108,
 16.062534,1569296520103,
 16.05014,1569296521096,
 15.712112,1569296522097,
 15.123381,1569296523095,
 14.43662,1569296524100,
 14.214648,1569296525098,
 13.67662,1569296526100,
 12.502535,1569296527096,
 12.254648,1569296528096,
 11.976901,1569296529099,
 11.821408,1569296530098,
 11.700282,1569296531093,
 11.72507,1569296532093,
 11.87831,1569296533096,
 12.194366,1569296534096,
 12.642817,1569296535105,
 13.194929,1569296536095,
 13.71324,1569296537099,
 13.816338,1569296538096,
 13.505916,1569296539090,
 13.007887,1569296540093,
 12.501972,1569296541091,
 11.950422,1569296542094,
 11.280563,1569296543092,
 10.482253,1569296544099,
 9.968451,1569296545102,
 9.370705,1569296546097,
 9.054647,1569296547096,
 8.619155,1569296548097,
 8.142535,1569296549095,
 7.2315493,1569296550095,
 6.5430984,1569296551092,
 6.0805635,1569296552106,
 5.712113,1569296553094,
 5.2056336,1569296554095,
 4.9633803,1569296555090,
 5.7892957,1569296556098,
 7.352676,1569296557096,
 8.313239,1569296558096,
 9.415774,1569296559098,
 10.221409,1569296560098,
 10.736338,1569296561092,
 10.855211,1569296562102,
 10.508733,1569296563097,
 10.43662,1569296564099,
 10.374084,1569296565099,
 10.287888,1569296566096,
 10.072113,1569296567097,
 10.2495775,1569296568096,
 10.1988735,1569296569098,
 10.359437,1569296570097,
 10.6152115,1569296571135,
 10.581972,1569296572095,
 10.560563,1569296573098,
 10.538028,1569296574101,
 10.175211,1569296575096,
 10.08845,1569296576096,
 10.851831,1569296577099,
 11.302535,1569296578098,
 11.279437,1569296579099,
 11.148169,1569296580097,
 10.824789,1569296581092,
 10.510423,1569296582093,
 10.522817,1569296583093,
 10.729577,1569296584097,
 10.6935215,1569296585097,
 10.765634,1569296586102,
 10.930704,1569296587096,
 11.332395,1569296588098,
 11.48169,1569296589095,
 11.893521,1569296590094,
 11.974085,1569296591099,
 12.107606,1569296592096,
 12.273803,1569296593096,
 12.382535,1569296594093,
 12.493521,1569296595093,
 12.735211,1569296596092,
 12.832676,1569296597090,
 12.952113,1569296598095,
 13.031549,1569296599093,
 12.874366,1569296600091,
 12.889014,1569296601089,
 12.865352,1569296602091,
 12.709296,1569296603087,
 12.867605,1569296604097,
 12.934085,1569296605096,
 12.990422,1569296606092,
 12.926761,1569296607093,
 12.656338,1569296608088,
 12.3064785,1569296609092,
 12.132395,1569296610091,
 10.829296,1569296611087,
 11.740845,1569296612093,
 11.374084,1569296613094,
 11.475493,1569296614099,
 11.507042,1569296615093,
 11.720563,1569296616093,
 11.88338,1569296617092,
 12.161127,1569296618093,
 12.492394,1569296619085,
 12.814084,1569296620088,
 13.080564,1569296621085,
 13.294648,1569296622089,
 13.566197,1569296623088,
 13.820282,1569296624083,
 14.045634,1569296625084,
 14.153239,1569296626086,
 14.341409,1569296627084,
 14.442253,1569296628087,
 14.494084,1569296629085,
 14.566197,1569296630086,
 14.630986,1569296631090,
 14.705352,1569296632086,
 14.815211,1569296633088,
 15.002254,1569296634089,
 15.252957,1569296635096,
 15.44676,1569296636094,
 16.08,1569296637087,
 15.827043,1569296638097,
 16.010141,1569296639101,
 16.171831,1569296640090,
 16.223661,1569296641086,
 16.11324,1569296642088,
 16.024225,1569296643089,
 15.964507,1569296644096,
 15.867043,1569296645088,
 15.796619,1569296646096,
 15.72169,1569296647088,
 15.64169,1569296648085,
 15.533521,1569296649093,
 15.471549,1569296650091,
 15.36507,1569296651087,
 15.351549,1569296652088,
 15.270986,1569296653086,
 15.190423,1569296654084,
 14.980845,1569296655084,
 14.721127,1569296656085,
 14.370705,1569296657088,
 14.148732,1569296658081,
 13.804507,1569296659083,
 13.499155,1569296660089,
 13.362253,1569296661087,
 13.020845,1569296662086,
 12.685634,1569296663086,
 12.163381,1569296664110,
 11.24845,1569296665095,
 10.165634,1569296666090,
 8.579155,1569296667089,
 7.27831,1569296668092,
 5.35662,1569296669092,
 3.2867606,1569296670091,
 1.1121126,1569296671093,
 0.7780282,1569296855082,
 1.3425353,1569296856089,
 0.6428169,1569296900087,
 2.593803,1569296901088,
