 0.35549295,1569397148032,
 0.67887324,1569397149037,
 0.7476056,1569397150046,
 0.8940845,1569397151038,
 0.86366194,1569397152033,
 0.64901406,1569397153032,
 0.45521128,1569397154036,
 0.47887325,1569397155034,
 0.46760562,1569397156036,
 0.69802815,1569397157028,
 0.6912676,1569397158043,
 0.7476056,1569397159034,
 1.0225352,1569397160031,
 0.6907042,1569397161037,
 0.44394365,1569397164029,
 0.84394366,1569397165031,
 1.2332394,1569397166037,
 1.5661972,1569397167039,
 1.8890141,1569397168039,
 2.1256337,1569397169037,
 2.3109858,1569397170041,
 2.4794366,1569397171028,
 2.586479,1569397172035,
 2.7966197,1569397173031,
 2.9132395,1569397174037,
 3.0056338,1569397175030,
 3.0107043,1569397176026,
 3.108169,1569397177024,
 3.3707042,1569397178028,
 3.5301409,1569397179020,
 3.6450703,1569397180026,
 3.737465,1569397181025,
 3.6715493,1569397182032,
 3.757183,1569397183035,
 3.9842253,1569397184031,
 4.1887326,1569397185029,
 4.2867603,1569397186032,
 4.1357746,1569397187027,
 3.9138029,1569397188033,
 3.4923944,1569397189030,
 2.995493,1569397190030,
 2.7938027,1569397191029,
 2.693521,1569397192034,
 2.7622535,1569397193025,
 3.0090141,1569397194033,
 3.2,1569397195033,
 2.0507042,1569397196031,
 0.3774648,1569397197029,
 0.65971833,1569397199028,
 1.1284508,1569397200063,
 1.5092958,1569397201031,
 1.9070423,1569397202033,
 2.2388732,1569397203029,
 2.5701408,1569397204027,
 3.0292957,1569397205025,
 3.353803,1569397206028,
 3.6011267,1569397207030,
 3.5470424,1569397208024,
 3.5825353,1569397209023,
 3.6552112,1569397210021,
 3.727324,1569397211015,
 4.0039434,1569397212017,
 4.00169,1569397213016,
 3.6512675,1569397214022,
 3.6095774,1569397215026,
 3.597183,1569397216028,
 3.4067605,1569397217029,
 3.5278873,1569397218026,
 3.7605634,1569397219028,
 4.2061973,1569397220028,
 4.441127,1569397221026,
 4.5087323,1569397222021,
 4.465352,1569397223024,
 4.4383097,1569397224024,
 4.4822536,1569397225018,
 4.4659157,1569397226019,
 3.9464788,1569397227031,
 3.6890142,1569397228029,
 3.546479,1569397229025,
 3.5453522,1569397230027,
 3.5430987,1569397231028,
 3.5160563,1569397232029,
 3.477183,1569397233019,
 3.6185915,1569397234028,
 3.8676057,1569397235029,
 4.0259156,1569397236030,
 3.9459155,1569397237030,
 3.8850703,1569397238032,
 3.8208451,1569397239029,
 3.3594365,1569397240027,
 3.093521,1569397241030,
 3.0005634,1569397242036,
 2.7830987,1569397243034,
 2.752676,1569397244024,
 3.087324,1569397245028,
 3.5447888,1569397246029,
 3.80169,1569397247027,
 4.1504226,1569397248028,
 4.5076056,1569397249030,
 4.806761,1569397250026,
 5.0732393,1569397251021,
 5.1515493,1569397252025,
 4.934648,1569397253026,
 4.7402816,1569397254028,
 4.4794364,1569397255021,
 4.221972,1569397256020,
 3.675493,1569397257025,
 3.1284506,1569397258019,
 2.7166197,1569397259023,
 2.4169014,1569397260045,
 2.534648,1569397261022,
 2.7729578,1569397262019,
 2.7549295,1569397263028,
 2.6923943,1569397264020,
 2.6253521,1569397265021,
 2.5267606,1569397266023,
 2.5532393,1569397267019,
 2.5459156,1569397268025,
 2.740845,1569397269016,
 3.1701407,1569397270027,
 3.2416902,1569397271019,
 3.4332395,1569397272019,
 3.554366,1569397273019,
 3.6738029,1569397274035,
 3.557183,1569397275021,
 3.4557745,1569397276021,
 3.1921127,1569397277014,
 2.5695775,1569397278018,
 2.497465,1569397279064,
 2.4467607,1569397280018,
 2.294648,1569397281014,
 2.2557747,1569397282018,
 2.327324,1569397283020,
 2.2394366,1569397284021,
 2.8078873,1569397285020,
 3.1650705,1569397286033,
 3.2529578,1569397287029,
 3.7605634,1569397288029,
 3.8304226,1569397289027,
 3.8642254,1569397290028,
 3.8360562,1569397291020,
 3.4738028,1569397292019,
 3.303662,1569397293021,
 3.4298592,1569397294024,
 3.4338028,1569397295019,
 3.8884506,1569397296018,
 4.1070423,1569397297017,
 4.326197,1569397298035,
 4.4388733,1569397299022,
 4.509296,1569397300032,
 4.415211,1569397301023,
 4.2050705,1569397302019,
 4.0315495,1569397303031,
 4.0715494,1569397304026,
 4.0478873,1569397305029,
 3.7543662,1569397306026,
 3.3932395,1569397307026,
 3.1864789,1569397308028,
 3.6321127,1569397309025,
 4.220845,1569397310024,
 4.7430987,1569397311024,
 4.8039436,1569397312018,
 4.6811266,1569397313023,
 4.5340843,1569397314024,
 3.976338,1569397315024,
 3.494648,1569397316014,
 3.2788732,1569397317048,
 3.2174647,1569397318015,
 3.4197183,1569397319022,
 3.4512677,1569397320015,
 3.5194366,1569397321013,
 3.5532393,1569397322011,
 3.6298592,1569397323011,
 4.087324,1569397324009,
 4.7092957,1569397325018,
 4.76338,1569397326025,
 5.020845,1569397327024,
 4.6259155,1569397328017,
 4.6230984,1569397329018,
 4.2169013,1569397330022,
 4.2067604,1569397331013,
 4.416338,1569397332017,
 4.2957745,1569397333018,
 4.143662,1569397334018,
 4.025352,1569397335020,
 3.7363381,1569397336019,
 3.5538027,1569397337046,
 3.522817,1569397338014,
 3.5639436,1569397339031,
 3.5239437,1569397340028,
 3.6833804,1569397341020,
 4.087324,1569397342011,
 4.3847885,1569397343018,
 4.530704,1569397344026,
 4.5915494,1569397345023,
 4.7053523,1569397346015,
 4.7059155,1569397347022,
 4.643944,1569397348014,
 4.5549297,1569397349009,
 4.424789,1569397350022,
 4.24338,1569397351022,
 3.7121127,1569397352026,
 3.0766196,1569397353020,
 2.8056338,1569397354023,
 2.4929578,1569397355023,
 2.432676,1569397356022,
 2.9414084,1569397357018,
 2.8619719,1569397358022,
 3.5369015,1569397359022,
 3.927324,1569397360017,
 4.188169,1569397361022,
 4.2822537,1569397362032,
 4.5819716,1569397363020,
 4.7994366,1569397364021,
 4.6766195,1569397365021,
 4.9177465,1569397366017,
 5.220845,1569397367014,
 5.3543663,1569397368021,
 5.2991548,1569397369021,
 5.3132396,1569397370013,
 5.1909857,1569397371017,
 4.9870424,1569397372012,
 4.152676,1569397373017,
 3.229859,1569397374023,
 2.7853522,1569397375021,
 2.450141,1569397376020,
 3.074366,1569397377015,
 3.3301408,1569397378014,
 3.4676056,1569397379024,
 3.9909859,1569397380053,
 4.3385916,1569397381017,
 4.24169,1569397382009,
 3.943662,1569397383017,
 3.6011267,1569397384018,
 3.4045072,1569397385021,
 3.468169,1569397386017,
 3.4766197,1569397387017,
 3.3887324,1569397388016,
 3.6940844,1569397389012,
 3.6974647,1569397390018,
 3.9707043,1569397391018,
 4.115493,1569397392007,
 4.0670424,1569397393011,
 3.795493,1569397394016,
 3.4980283,1569397395012,
 3.312676,1569397396018,
 4.2169013,1569397397058,
 4.3622537,1569397398019,
 4.32,1569397399019,
 4.2,1569397400022,
 4.115493,1569397401025,
 3.7757747,1569397402020,
 3.6585915,1569397403013,
 3.767324,1569397404017,
 3.7470422,1569397405018,
 3.6495774,1569397406012,
 3.56,1569397407018,
 3.4377465,1569397408023,
 3.3149295,1569397409014,
 3.072676,1569397410010,
 2.9622536,1569397411012,
 2.983662,1569397412010,
 3.3323944,1569397413020,
 3.3639436,1569397414024,
 3.1814084,1569397415016,
 2.2535212,1569397416020,
 1.6315492,1569397417019,
 1.6709859,1569397418010,
 1.7921127,1569397419017,
 2.1442254,1569397420018,
 2.3543663,1569397421016,
 2.4907043,1569397422016,
 3.115493,1569397423015,
 3.8546479,1569397424016,
 4.4230986,1569397425015,
 4.643944,1569397426025,
 4.7949295,1569397427025,
 4.747042,1569397428015,
 4.4270425,1569397429010,
 4.051831,1569397430014,
 3.7076056,1569397431009,
 3.9143662,1569397432014,
 3.792676,1569397433016,
 3.4095774,1569397434007,
 3.2467606,1569397435007,
 3.0230987,1569397436012,
 3.106479,1569397437007,
 3.8377464,1569397438014,
 4.736338,1569397439021,
 4.9678874,1569397440017,
 5.5430984,1569397441021,
 6.100845,1569397442022,
 5.698028,1569397443009,
 5.4214087,1569397444011,
 5.0895777,1569397445005,
 4.3002815,1569397446013,
 3.9814084,1569397447013,
 3.6152112,1569397448018,
 3.84,1569397449017,
 4.3678875,1569397450016,
 4.308169,1569397451012,
 4.03831,1569397452013,
 3.9938028,1569397453015,
 4.260845,1569397454013,
 4.5487323,1569397455023,
 4.7887325,1569397456022,
 4.9842253,1569397457016,
 5.1797185,1569397458023,
 5.340845,1569397459025,
 5.3340845,1569397460025,
 5.2743664,1569397461018,
 5.039437,1569397462016,
 4.386479,1569397463016,
 3.5988731,1569397464016,
 3.0602818,1569397465018,
 2.6405635,1569397466012,
 2.5966196,1569397467024,
 2.9678874,1569397468020,
 3.9656339,1569397469017,
 4.8540845,1569397470018,
 5.1019716,1569397471018,
 5.3047886,1569397472012,
 5.649014,1569397473033,
 5.8394365,1569397474013,
 6.0123944,1569397475013,
 6.0619717,1569397476015,
 5.9374647,1569397477017,
 5.7087326,1569397478014,
 5.4783096,1569397479014,
 5.212394,1569397480013,
 4.226479,1569397481014,
 3.1149297,1569397482015,
 2.717183,1569397483012,
 2.3352113,1569397484018,
 2.3678873,1569397485018,
 3.0428169,1569397486016,
 3.143662,1569397487017,
 3.0721126,1569397488016,
 2.980845,1569397489013,
 2.9025352,1569397490031,
 2.844507,1569397491013,
 3.1369014,1569397492013,
 3.413521,1569397493014,
 3.5261972,1569397494016,
 3.6625352,1569397495012,
 4.064789,1569397496009,
 4.2315493,1569397497006,
 4.330704,1569397498000,
 4.567324,1569397499011,
 4.692958,1569397500053,
 4.530141,1569397501019,
 4.2484508,1569397502015,
 3.8360562,1569397503013,
 3.6259155,1569397504007,
 3.3425353,1569397505015,
 4.1019716,1569397506010,
 4.6642256,1569397507022,
 4.6163383,1569397508016,
 4.5695777,1569397509021,
 4.060845,1569397510006,
 3.7385914,1569397511013,
 4.0067606,1569397512005,
 4.2259154,1569397513012,
 4.3667607,1569397514012,
 4.402817,1569397515010,
 4.1921124,1569397516017,
 4.070986,1569397517015,
 4.1430984,1569397518011,
 4.1307044,1569397519018,
 4.028169,1569397520021,
 3.9397182,1569397521021,
 3.811831,1569397522014,
 3.6574647,1569397523019,
 3.4676056,1569397524019,
 3.251831,1569397525017,
 3.2214084,1569397526014,
 3.620845,1569397527006,
 4.2692957,1569397528015,
 4.9476056,1569397529010,
 5.1470423,1569397530006,
 5.0952115,1569397531009,
 4.326197,1569397532004,
 3.5109859,1569397533006,
 3.074366,1569397534011,
 3.1842253,1569397535005,
 3.3678873,1569397536006,
 3.406197,1569397537000,
 3.409014,1569397537994,
 3.272676,1569397538997,
 3.0805633,1569397539994,
 3.4349296,1569397541002,
 3.4940846,1569397542006,
 3.6321127,1569397543012,
 3.7295775,1569397544016,
 3.997183,1569397545013,
 3.9769013,1569397546008,
 3.8276057,1569397547006,
 3.834366,1569397548044,
 3.6180282,1569397549007,
 3.3684506,1569397550008,
 2.1898592,1569397551014,
 1.7261971,1569397552014,
 1.6152112,1569397553011,
 1.5864788,1569397554009,
 1.8591549,1569397555012,
 2.106479,1569397556007,
 2.3087325,1569397557015,
 2.529014,1569397558012,
 2.7329578,1569397559011,
 3.0050704,1569397560015,
 3.3149295,1569397561019,
 4.0771832,1569397562012,
 4.598873,1569397563017,
 4.817465,1569397564015,
 5.0214086,1569397565018,
 5.1414084,1569397566012,
 5.3194366,1569397567013,
 5.545352,1569397568017,
 5.562817,1569397569007,
 5.370141,1569397570017,
 5.1019716,1569397571020,
 4.806761,1569397572014,
 4.1532393,1569397573019,
 3.6456337,1569397574015,
 3.0264788,1569397575014,
 2.6197183,1569397576017,
 2.3149295,1569397577013,
 2.24,1569397578010,
 3.2467606,1569397579013,
 4.306479,1569397580011,
 4.4225354,1569397581016,
 4.481127,1569397582018,
 4.5785913,1569397583015,
 4.688451,1569397584016,
 4.633803,1569397585006,
 4.4428167,1569397586006,
 4.8112674,1569397587013,
 4.876056,1569397588049,
 4.6760564,1569397589004,
 4.5087323,1569397590008,
 4.573521,1569397591006,
 4.5571833,1569397592006,
 4.524507,1569397593007,
 4.337465,1569397594004,
 3.8450704,1569397595008,
 3.348169,1569397596003,
 2.8456337,1569397597008,
 2.84,1569397598007,
 3.1228168,1569397599009,
 4.1701407,1569397600010,
 4.4839435,1569397601008,
 4.3904223,1569397602006,
 3.9656339,1569397603010,
 3.6473238,1569397604004,
 3.7014084,1569397605000,
 3.853521,1569397606004,
 4.235493,1569397607007,
 4.3177466,1569397608044,
 4.1785917,1569397609004,
 3.9661973,1569397610005,
 3.8214085,1569397611007,
 3.7459154,1569397612008,
 3.4259155,1569397613006,
 3.366197,1569397614007,
 3.2388732,1569397615011,
 4.1278872,1569397616009,
 4.3402815,1569397617018,
 4.2653522,1569397618015,
 4.1104226,1569397619016,
 4.0174646,1569397620054,
 3.4856339,1569397621013,
 3.0507042,1569397622005,
 3.6315494,1569397622999,
 4.0670424,1569397624001,
 4.4540844,1569397625050,
 4.533521,1569397626007,
 4.3340845,1569397627015,
 4.2602816,1569397628010,
 4.555493,1569397629017,
 4.6597185,1569397630014,
 4.3769016,1569397631021,
 4.2005634,1569397632017,
 3.9802816,1569397633010,
 3.811831,1569397634014,
 3.5487323,1569397635016,
 3.3008451,1569397636007,
 3.497465,1569397637016,
 4.176338,1569397638017,
 4.7087326,1569397639010,
 5.139155,1569397640011,
 5.1205635,1569397641013,
 4.891268,1569397642004,
 4.530704,1569397643006,
 4.1132393,1569397644034,
 3.9132395,1569397645006,
 4.000563,1569397646005,
 3.9357746,1569397647004,
 3.8985915,1569397647996,
 3.9549296,1569397648998,
 4.317183,1569397649996,
 5.287887,1569397651011,
 5.431549,1569397652012,
 5.678873,1569397653008,
 5.565634,1569397654012,
 5.416338,1569397654997,
 5.2332397,1569397655993,
 5.0985913,1569397657007,
 4.9132395,1569397657998,
 4.6969013,1569397659015,
 4.098028,1569397660008,
 3.616338,1569397661014,
 3.4247887,1569397662000,
 3.5960562,1569397663014,
 3.9960563,1569397664005,
 4.1594367,1569397665006,
 3.8422534,1569397666012,
 3.8614085,1569397667016,
 3.029859,1569397668006,
 2.2619717,1569397669015,
 1.4715493,1569397670015,
 1.2383099,1569397671016,
 1.1385915,1569397672005,
 1.1611267,1569397673016,
 1.3983098,1569397674017,
 1.4816902,1569397675012,
 1.6185915,1569397676018,
 1.6123943,1569397677019,
 2.1633804,1569397678017,
 2.7369015,1569397679017,
 3.1515493,1569397680013,
 3.2777464,1569397681008,
 3.237183,1569397682031,
 3.3988733,1569397683000,
 3.4,1569397684008,
 3.3042254,1569397685015,
 3.1329577,1569397686015,
 2.7740846,1569397687007,
 2.5109859,1569397688008,
 2.623662,1569397689012,
 3.2839437,1569397690020,
 3.5752113,1569397691015,
 3.8230987,1569397692016,
 4.2287326,1569397693009,
 4.4822536,1569397694015,
 4.693521,1569397695017,
 4.854648,1569397696015,
 4.8259153,1569397697007,
 4.8630986,1569397698007,
 4.8467607,1569397699008,
 5.0377464,1569397700063,
 5.0630984,1569397701013,
 4.971831,1569397702012,
 4.7560563,1569397703008,
 4.563944,1569397704013,
 4.421972,1569397705019,
 4.167324,1569397706010,
 3.5678873,1569397707007,
 3.08,1569397708018,
 2.7515492,1569397709009,
 2.8208451,1569397710014,
 3.265352,1569397711017,
 3.9194367,1569397712007,
 4.4895773,1569397713008,
 4.5915494,1569397714007,
 4.4230986,1569397715011,
 4.0974646,1569397716011,
 3.663662,1569397717007,
 3.7295775,1569397718001,
 4.0529575,1569397719008,
 4.509296,1569397720010,
 4.648451,1569397721010,
 4.4659157,1569397722011,
 4.257465,1569397723008,
 3.929014,1569397724013,
 3.3650703,1569397725013,
 3.0140846,1569397726010,
 3.2957747,1569397727011,
 4.300845,1569397728006,
 4.935211,1569397729016,
 4.939155,1569397730015,
 4.654648,1569397731013,
 4.530704,1569397732011,
 3.9250705,1569397733007,
 3.7566197,1569397734003,
 3.936338,1569397735013,
 4.2794366,1569397736015,
 4.480563,1569397737007,
 4.382535,1569397737995,
 4.207324,1569397739006,
 4.3385916,1569397740058,
 4.5312676,1569397741013,
 4.4169016,1569397742012,
 4.415211,1569397743011,
 4.367324,1569397744013,
 4.2185917,1569397745011,
 3.797183,1569397746014,
 3.5926762,1569397747014,
 3.6050704,1569397748008,
 3.948169,1569397749013,
 4.2230988,1569397750016,
 4.347042,1569397751017,
 4.4230986,1569397752012,
 4.4321127,1569397753023,
 4.1921124,1569397754010,
 3.9757748,1569397755012,
 3.8185916,1569397755997,
 3.7177465,1569397757000,
 4.0022535,1569397758000,
 4.108169,1569397759006,
 4.0225353,1569397759996,
 4.023662,1569397760992,
 4.2315493,1569397761994,
 4.423662,1569397762994,
 4.68169,1569397764032,
 4.752113,1569397765031,
 4.732958,1569397766007,
 4.850141,1569397767020,
 5.376338,1569397768011,
 4.80169,1569397768996,
 4.209014,1569397770001,
 3.9740846,1569397771004,
 4.019155,1569397771998,
 4.005634,1569397773008,
 3.8456337,1569397774000,
 3.7323945,1569397775010,
 3.672676,1569397776004,
 3.8923943,1569397776998,
 4.2,1569397778011,
 4.4214087,1569397779003,
 4.623662,1569397780011,
 4.698028,1569397781010,
 4.5357747,1569397782014,
 3.896338,1569397783022,
 3.8202817,1569397784010,
 3.1149297,1569397785004,
 0.29859155,1569397786013,
 0.44507042,1569397790002,
 0.40394366,1569397791006,
 0.3194366,1569397803005,
 0.7740845,1569397804007,
 1.6321126,1569397805011,
 2.4050703,1569397806007,
 2.9216902,1569397807005,
 3.0366197,1569397808003,
 2.9690142,1569397809001,
 2.9138029,1569397810009,
 2.8354928,1569397811003,
 2.7808452,1569397812003,
 2.5847888,1569397813006,
 2.3104224,1569397814005,
 2.2704225,1569397815019,
 2.2597184,1569397816012,
 2.395493,1569397817001,
 2.103662,1569397818027,
 2.0174649,1569397819005,
 2.4884508,1569397819998,
 3.0264788,1569397821006,
 3.4219718,1569397822012,
 3.6687324,1569397823006,
 3.8332396,1569397824010,
 3.611831,1569397825006,
 3.5036619,1569397826002,
 4.019155,1569397827007,
 4.3588734,1569397828006,
 4.5611267,1569397828999,
 4.8292956,1569397830003,
 4.9138026,1569397831008,
 4.941972,1569397832005,
 4.7752113,1569397833005,
 4.894648,1569397834003,
 4.8732395,1569397834999,
 4.7239437,1569397836011,
 4.5515494,1569397837005,
 4.020845,1569397838001,
 3.4292958,1569397839005,
 3.0332394,1569397840008,
 3.2005634,1569397841007,
 3.3369014,1569397842008,
 3.670986,1569397843003,
 3.789859,1569397844007,
 3.6270423,1569397845007,
 3.4050703,1569397846003,
 3.244507,1569397847003,
 3.2309859,1569397848001,
 3.517183,1569397848998,
 3.8461971,1569397849999,
 4.155493,1569397850999,
 4.0721126,1569397851997,
 3.9684508,1569397853004,
 3.9470422,1569397853999,
 3.8101408,1569397854998,
 3.6169014,1569397855996,
 3.4264789,1569397857000,
 3.1414084,1569397858013,
 3.3250704,1569397859010,
 3.3504226,1569397860012,
 3.4005635,1569397861003,
 3.4360564,1569397862006,
 3.579155,1569397863004,
 4.0816903,1569397864009,
 4.349859,1569397865006,
 4.761127,1569397865999,
 5.164507,1569397866993,
 5.3250704,1569397867993,
 5.337465,1569397869000,
 5.0777464,1569397870005,
 4.974648,1569397871004,
 4.8033805,1569397872001,
 4.7459154,1569397873003,
 3.8867605,1569397873997,
 3.3723943,1569397875019,
 3.195493,1569397876016,
 3.0180283,1569397877007,
 3.010141,1569397878004,
 3.72,1569397879006,
 4.455211,1569397880005,
 4.9859157,1569397881009,
 5.088451,1569397882000,
 5.069296,1569397883001,
 4.935775,1569397884003,
 4.64338,1569397885000,
 4.3549294,1569397886002,
 4.2202816,1569397886998,
 4.4242253,1569397887995,
 4.7346478,1569397888995,
 4.9121127,1569397889989,
 5.123944,1569397890993,
 5.1921124,1569397892001,
 5.268169,1569397893008,
 5.5132394,1569397894028,
 5.9014087,1569397895003,
 5.964507,1569397896002,
 5.5966196,1569397896991,
 5.3357744,1569397897994,
 4.7977467,1569397899001,
 4.2794366,1569397900006,
 4.010141,1569397900999,
 3.908169,1569397901999,
 4.0112677,1569397903000,
 4.4304223,1569397904003,
 5.0315495,1569397905001,
 5.1256337,1569397906005,
 5.08338,1569397907004,
 5.0760565,1569397908011,
 5.1814084,1569397909008,
 5.2259154,1569397909999,
 5.2794366,1569397911014,
 5.183099,1569397911997,
 5.0512676,1569397913000,
 4.832113,1569397914004,
 4.1025352,1569397915005,
 3.60169,1569397916008,
 3.0495775,1569397916998,
 2.472676,1569397918004,
 2.5639436,1569397919004,
 3.204507,1569397920009,
 4.138028,1569397921006,
 4.8230987,1569397922007,
 5.1504226,1569397922997,
 5.0321126,1569397924007,
 4.911549,1569397925006,
 4.5960565,1569397926007,
 4.595493,1569397927004,
 4.409014,1569397928006,
 4.1414084,1569397929003,
 3.6569014,1569397929994,
 3.4664788,1569397931014,
 3.2552114,1569397932002,
 3.1092958,1569397933006,
 3.0884507,1569397934003,
 3.7233803,1569397935002,
 3.6523943,1569397935998,
 3.5740845,1569397936999,
 3.324507,1569397938000,
 2.9864788,1569397939004,
 2.9205635,1569397940003,
 3.2670422,1569397941000,
 3.9498591,1569397942000,
 4.423662,1569397943001,
 4.7166195,1569397944002,
 4.6366196,1569397945007,
 4.466479,1569397946002,
 4.212394,1569397946994,
 3.9825351,1569397947998,
 4.0704226,1569397948992,
 4.0569015,1569397949992,
 3.4805634,1569397950992,
 3.2011268,1569397951991,
 3.0850704,1569397952992,
 3.2039437,1569397954001,
 3.388169,1569397955001,
 3.5076056,1569397955999,
 3.4540844,1569397956998,
 3.2287323,1569397958001,
 3.1273239,1569397958990,
 3.56169,1569397959991,
 4.48507,1569397960989,
 5.0332394,1569397961997,
 5.045634,1569397962995,
 4.9430985,1569397964003,
 4.920563,1569397965001,
 4.7340846,1569397965996,
 4.336901,1569397966992,
 4.5616903,1569397967991,
 4.6602817,1569397968993,
 4.7892957,1569397969990,
 4.9577465,1569397970999,
 5.103662,1569397972007,
 5.252394,1569397972998,
 5.3492956,1569397973995,
 5.31662,1569397975003,
 4.7859154,1569397976007,
 3.8230987,1569397977006,
 3.4219718,1569397978002,
 3.1414084,1569397979011,
 3.0202818,1569397980010,
 3.0952113,1569397981004,
 3.44,1569397982004,
 3.8039436,1569397983005,
 4.213521,1569397984002,
 4.2095776,1569397985005,
 4.2450705,1569397986004,
 4.380282,1569397987000,
 4.3667607,1569397987997,
 4.251831,1569397988998,
 3.9425352,1569397989999,
 3.604507,1569397990999,
 3.7543662,1569397992017,
 3.731831,1569397992990,
 3.7639437,1569397993989,
 3.5261972,1569397994994,
 3.7622535,1569397995992,
 3.770141,1569397997124,
 3.668169,1569397997998,
 3.700845,1569397998992,
 3.95831,1569397999997,
 4.0974646,1569398000999,
 4.7340846,1569398002002,
 4.4969015,1569398002997,
 4.3594365,1569398003996,
 4.380845,1569398005000,
 4.374648,1569398005996,
 3.355493,1569398007001,
 2.0630987,1569398008004,
 1.8653522,1569398009000,
 1.64,1569398009995,
 1.5228169,1569398011002,
 1.5121126,1569398012033,
 1.531831,1569398013002,
 1.6039437,1569398014002,
 1.9166198,1569398015005,
 2.1650705,1569398016010,
 2.2450705,1569398017002,
 2.616338,1569398017994,
 2.8512676,1569398018999,
 3.1239436,1569398020001,
 3.6157746,1569398020997,
 4.157183,1569398022005,
 4.6315494,1569398023008,
 5.0850706,1569398024003,
 5.104225,1569398025003,
 4.9960566,1569398026000,
 4.8850703,1569398026998,
 4.689014,1569398027998,
 3.925634,1569398029001,
 2.5459156,1569398030000,
 1.4929577,1569398031003,
 0.7943662,1569398031999,
 0.5188732,1569398033007,
 0.2315493,1569398034004,
 0.48056337,1569398038999,
 0.943662,1569398040010,
 1.4219718,1569398041008,
 2.0360563,1569398042001,
 2.148169,1569398043005,
 2.2985916,1569398043999,
 2.1898592,1569398045000,
 2.749859,1569398046002,
 3.2692957,1569398047004,
 3.5312676,1569398048004,
 3.9092958,1569398048999,
 4.3414083,1569398050000,
 4.7087326,1569398051029,
 4.7752113,1569398052008,
 4.7667603,1569398053008,
 4.708169,1569398054005,
 4.6276054,1569398055007,
 4.6608453,1569398056007,
 4.7357745,1569398057004,
 4.570141,1569398058008,
 4.5718307,1569398059004,
 4.6107044,1569398060003,
 4.4478874,1569398060999,
 3.6185915,1569398062000,
 2.8873239,1569398062990,
 2.1425352,1569398063990,
 1.6371831,1569398065006,
 1.6028169,1569398066004,
 1.9183098,1569398067000,
 2.502535,1569398068014,
 2.9138029,1569398068995,
 3.2642252,1569398069997,
 3.971831,1569398070999,
 4.258028,1569398072000,
 4.137465,1569398073003,
 3.9019718,1569398074004,
 3.5594366,1569398075003,
 3.597183,1569398076006,
 3.5847888,1569398076995,
 4.4512677,1569398077998,
 4.822535,1569398078995,
 4.802817,1569398080000,
 4.3014083,1569398081000,
 3.7932394,1569398082001,
 3.6304226,1569398082997,
 3.445634,1569398083989,
 3.2292957,1569398084994,
 3.6969013,1569398085996,
 3.7307043,1569398086998,
 3.465352,1569398088008,
 3.1577466,1569398089003,
 3.7323945,1569398090030,
 3.762817,1569398091000,
 3.788169,1569398091995,
 3.36,1569398092997,
 3.291831,1569398093999,
 4.162817,1569398094989,
 4.389859,1569398095994,
 4.5284505,1569398096991,
 4.3222537,1569398098002,
 4.2630987,1569398099008,
 4.351549,1569398100002,
 4.387042,1569398101003,
 4.333521,1569398102002,
 4.1701407,1569398103003,
 4.0585914,1569398104006,
 3.9983099,1569398105002,
 3.6033802,1569398106002,
 2.9188733,1569398107006,
 2.3222535,1569398107996,
 2.329014,1569398109042,
 2.5357747,1569398110004,
 3.675493,1569398111002,
 4.812958,1569398112003,
 5.7307043,1569398113003,
 6.0664787,1569398114001,
 5.934648,1569398115002,
 5.549859,1569398116004,
 5.045634,1569398117005,
 4.257465,1569398118009,
 3.4247887,1569398119000,
 3.1419718,1569398120009,
 2.757183,1569398121005,
 2.7611268,1569398122002,
 2.6011267,1569398123002,
 2.819155,1569398124009,
 3.1605635,1569398125003,
 3.4676056,1569398126002,
 3.7385914,1569398127004,
 4.104789,1569398127998,
 4.4129577,1569398129015,
 4.3290143,1569398130002,
 4.0895777,1569398131002,
 3.8512676,1569398132002,
 3.5470424,1569398133007,
 3.3194366,1569398134009,
 3.2422535,1569398135003,
 3.420845,1569398136006,
 3.6230986,1569398136998,
 3.8721128,1569398137999,
 3.8253522,1569398139002,
 3.675493,1569398140002,
 3.5149295,1569398141000,
 3.5661972,1569398142000,
 3.4760563,1569398143000,
 3.3453522,1569398144002,
 3.0957747,1569398145000,
 2.900845,1569398145995,
 2.7256339,1569398147011,
 2.64,1569398147992,
 2.9464788,1569398148995,
 2.5042253,1569398149991,
 2.096338,1569398150991,
 1.9938028,1569398151994,
 1.8822535,1569398152996,
 1.8101408,1569398153999,
 1.8721126,1569398154998,
 2.1667604,1569398155990,
 2.8005633,1569398156993,
 3.257465,1569398157996,
 3.4287324,1569398158992,
 3.499155,1569398160003,
 3.5678873,1569398161000,
 3.672676,1569398161997,
 3.8253522,1569398162996,
 3.9092958,1569398163996,
 3.7943661,1569398164995,
 3.7723944,1569398165996,
 3.8377464,1569398167001,
 3.9921126,1569398168000,
 4.145352,1569398168999,
 4.257465,1569398169998,
 4.4112678,1569398171006,
 4.490704,1569398172007,
 4.3295774,1569398173005,
 4.204507,1569398174002,
 3.9684508,1569398175001,
 3.4185915,1569398176001,
 2.633803,1569398176996,
 2.5774648,1569398178011,
 2.4794366,1569398179001,
 2.3369014,1569398179998,
 2.094648,1569398181002,
 2.3222535,1569398182001,
 3.0439436,1569398182999,
 3.7921126,1569398184005,
 4.4197183,1569398185003,
 5.064789,1569398185993,
 5.4388733,1569398187033,
 5.792676,1569398187992,
 5.7295775,1569398189000,
 5.1109858,1569398190005,
 4.0366197,1569398191002,
 3.3611267,1569398192000,
 2.9030986,1569398193000,
 2.8208451,1569398194006,
 2.9239438,1569398195001,
 2.9504225,1569398196009,
 3.0174649,1569398197002,
 3.0067606,1569398198003,
 2.9487324,1569398198993,
 2.891831,1569398200000,
 3.289014,1569398200994,
 3.9543662,1569398201999,
 4.4022536,1569398203002,
 4.7701406,1569398203998,
 4.6923943,1569398204990,
 4.4828167,1569398205983,
 3.906479,1569398206986,
 3.8850703,1569398207989,
 3.4822536,1569398208999,
 3.5515492,1569398209995,
 3.4411268,1569398210998,
 3.3492959,1569398211995,
 3.3971832,1569398212992,
 4.588169,1569398214000,
 4.8929577,1569398215001,
 4.8833804,1569398215997,
 5.177465,1569398216993,
 5.167324,1569398217988,
 5.045634,1569398218998,
 4.903662,1569398219997,
 4.8112674,1569398220999,
 4.7211266,1569398222000,
 4.4129577,1569398222993,
 4.349859,1569398223993,
 4.4614086,1569398225044,
 4.4185915,1569398226003,
 4.336338,1569398226999,
 4.2845073,1569398227997,
 4.2467604,1569398229015,
 4.24169,1569398230000,
 4.1476054,1569398231001,
 3.616338,1569398232000,
 3.2135212,1569398232998,
 2.891831,1569398233999,
 2.517183,1569398234998,
 2.5335212,1569398236000,
 3.0647888,1569398236996,
 3.8980281,1569398238000,
 4.163944,1569398238999,
 4.1707044,1569398239991,
 4.451831,1569398240995,
 4.733521,1569398242003,
 4.8895774,1569398242994,
 5.000563,1569398243996,
 5.1250706,1569398245031,
 5.0304227,1569398245985,
 4.905352,1569398246997,
 4.0169015,1569398247995,
 3.1532395,1569398248987,
 2.7712677,1569398249999,
 2.4422536,1569398250993,
 3.4202816,1569398251993,
 4.620845,1569398252992,
 4.7047887,1569398253994,
 4.5549297,1569398254989,
 4.4895773,1569398255990,
 4.286197,1569398256990,
 3.9515493,1569398257997,
 3.804507,1569398258992,
 3.9216902,1569398260000,
 4.72169,1569398260995,
 5.2495775,1569398261996,
 5.271549,1569398262983,
 4.7752113,1569398263988,
 3.6157746,1569398264991,
 3.3385916,1569398265987,
 3.1019719,1569398266991,
 3.0011268,1569398267990,
 2.9312675,1569398268999,
 3.1757746,1569398269999,
 3.4005635,1569398270987,
 3.531831,1569398271992,
 3.7149296,1569398272990,
 3.668169,1569398273990,
 3.703662,1569398274996,
 3.1898592,1569398275997,
 3.2433803,1569398276998,
 3.2377465,1569398277976,
 3.1797183,1569398278982,
 3.1605635,1569398279988,
 3.228169,1569398280993,
 3.1211267,1569398281993,
 3.0174649,1569398282997,
 2.9402816,1569398283993,
 2.7233803,1569398285007,
 2.2225351,1569398285992,
 1.8140845,1569398286991,
 1.5701408,1569398287996,
 1.24,1569398288996,
 1.0107043,1569398290000,
 0.39211267,1569398291000,
 0.46422535,1569398296002,
 0.45859155,1569398296992,
 0.56,1569398298000,
 0.9774648,1569398299001,
 1.0276057,1569398299998,
 0.16225351,1569398305996,
 0.1284507,1569398322996,
 0.26366198,1569398323993,
 0.53295773,1569398325001,
 0.81746477,1569398325990,
 1.3205634,1569398326998,
 2.7752113,1569398328002,
 2.9250705,1569398329012,
 2.8546479,1569398329995,
 2.7988732,1569398331000,
 2.7385914,1569398331996,
 3.463662,1569398333001,
 3.5385916,1569398334000,
 3.8495774,1569398334997,
 4.187606,1569398336002,
 4.2704225,1569398336991,
 4.5126762,1569398337999,
 4.7250705,1569398338998,
 4.4439435,1569398340001,
 4.227042,1569398341000,
 4.0112677,1569398341989,
 4.2005634,1569398342982,
 4.32,1569398344011,
 4.0484505,1569398344985,
 3.9070423,1569398345978,
 4.001127,1569398346989,
 3.9876056,1569398347990,
 4.2704225,1569398348994,
 4.513803,1569398349991,
 4.613521,1569398350990,
 4.6309857,1569398351990,
 4.8850703,1569398352994,
 4.7752113,1569398353994,
 4.5932393,1569398354984,
 4.4433804,1569398355988,
 4.009014,1569398356985,
 3.6715493,1569398357991,
 3.517183,1569398358990,
 3.3943663,1569398359993,
 3.4839437,1569398360990,
 3.5087323,1569398361994,
 3.4687324,1569398362995,
 3.355493,1569398363995,
 3.3374648,1569398364995,
 3.2709858,1569398365985,
 3.1594367,1569398366992,
 3.499155,1569398367989,
 4.2242255,1569398368992,
 4.747606,1569398369995,
 4.984789,1569398370993,
 4.9487324,1569398371991,
 4.6405635,1569398372988,
 3.700845,1569398373990,
 3.2247887,1569398374990,
 2.5594366,1569398375995,
 2.1340845,1569398376987,
 1.9769014,1569398377990,
 2.0794365,1569398378990,
 2.0129578,1569398379993,
 1.9757746,1569398380991,
 1.7859155,1569398381994,
 1.5847887,1569398383000,
 1.4084507,1569398383983,
 1.6602817,1569398384992,
 2.0259154,1569398385991,
 2.7740846,1569398386997,
 3.355493,1569398387993,
 3.826479,1569398388993,
 4.1921124,1569398389990,
 4.075493,1569398390995,
 4.27831,1569398391994,
 4.564507,1569398392991,
 4.783662,1569398393988,
 4.906479,1569398394987,
 5.0867605,1569398395988,
 5.088451,1569398396989,
 4.891268,1569398397985,
 4.7369013,1569398398988,
 4.610141,1569398399995,
 4.464789,1569398401004,
 4.004507,1569398402006,
 3.5752113,1569398402986,
 3.1284506,1569398403985,
 2.6540844,1569398404990,
 2.3188732,1569398405983,
 2.7633803,1569398406991,
 3.593803,1569398407988,
 3.7723944,1569398408986,
 4.0957747,1569398409991,
 4.193239,1569398410992,
 4.0816903,1569398411990,
 3.9239438,1569398412986,
 3.6056337,1569398413989,
 3.435493,1569398414980,
 3.8546479,1569398415986,
 4.3385916,1569398416984,
 4.6766195,1569398417995,
 4.776338,1569398418982,
 4.6112676,1569398419982,
 3.8985915,1569398420980,
 3.2507043,1569398421981,
 3.1402817,1569398423037,
 2.8923943,1569398423976,
 2.9577465,1569398424984,
 2.8828168,1569398425987,
 2.7994366,1569398426996,
 3.1712675,1569398427993,
 3.5605633,1569398428986,
 3.8495774,1569398429990,
 3.816338,1569398430989,
 3.6495774,1569398431996,
 3.272676,1569398432982,
 3.2247887,1569398433982,
 3.428169,1569398434973,
 3.8642254,1569398435991,
 4.3847885,1569398436987,
 4.3678875,1569398437984,
 4.2687325,1569398438990,
 4.1842256,1569398439988,
 3.9757748,1569398440999,
 3.8602817,1569398441994,
 3.8901408,1569398442997,
 3.8873239,1569398443991,
 3.7166197,1569398444994,
 3.435493,1569398445992,
 2.8585916,1569398446993,
 2.9267607,1569398447993,
 3.019155,1569398448994,
 3.1284506,1569398449992,
 3.2692957,1569398450996,
 3.5194366,1569398451995,
 3.2259154,1569398452985,
 2.4039438,1569398453995,
 1.9932394,1569398454995,
 1.8112676,1569398455990,
 2.129014,1569398456991,
 2.7239437,1569398457991,
 3.0957747,1569398458995,
 3.3352113,1569398459993,
 3.5661972,1569398460996,
 3.8230987,1569398461991,
 4.016338,1569398462985,
 3.9532394,1569398463980,
 3.8997183,1569398464980,
 3.797183,1569398465976,
 3.7921126,1569398466980,
 3.886197,1569398467973,
 3.8574648,1569398468982,
 3.5735211,1569398469984,
 3.7842255,1569398470983,
 3.5560563,1569398471982,
 3.5036619,1569398472980,
 3.301972,1569398473991,
 2.2247887,1569398474975,
 1.3678874,1569398475983,
 1.8360564,1569398476987,
 2.1402817,1569398477979,
 2.1549296,1569398478989,
 2.1014085,1569398479979,
 2.392676,1569398480976,
 2.748169,1569398481977,
 3.0659156,1569398482980,
 3.3014085,1569398483981,
 4.1166196,1569398484984,
 4.158873,1569398485978,
 3.9994366,1569398486979,
 3.8078873,1569398487982,
 3.7042253,1569398488982,
 3.7633803,1569398489985,
 3.7932394,1569398490986,
 3.9532394,1569398491989,
 4.405634,1569398492980,
 4.854648,1569398493991,
 4.868169,1569398494986,
 4.76338,1569398495982,
 4.3538027,1569398496989,
 3.4315493,1569398497984,
 2.1566198,1569398498988,
 1.7605634,1569398499987,
 1.8084507,1569398500983,
 1.5746479,1569398501987,
 1.8985915,1569398502983,
 2.8450704,1569398503979,
 4.1019716,1569398504983,
 4.7960563,1569398505981,
 4.967324,1569398506979,
 5.1408453,1569398507981,
 5.1712675,1569398508979,
 5.3233805,1569398509980,
 5.402817,1569398510978,
 5.2450705,1569398511979,
 5.0039434,1569398512983,
 4.850704,1569398513980,
 4.1650705,1569398514977,
 3.2985916,1569398515975,
 2.9104226,1569398516982,
 2.9391549,1569398517981,
 3.3707042,1569398518982,
 4.302535,1569398519986,
 4.211831,1569398520982,
 4.0771832,1569398521979,
 3.776338,1569398522981,
 3.9661973,1569398523983,
 4.534648,1569398524981,
 4.863662,1569398525980,
 5.042817,1569398526977,
 5.1560564,1569398527981,
 5.0360565,1569398528981,
 4.885634,1569398529980,
 4.747042,1569398530979,
 4.4957747,1569398531976,
 4.2985916,1569398532972,
 5.1076055,1569398533983,
 5.579718,1569398534978,
 5.4140844,1569398536000,
 5.065352,1569398536988,
 4.8439436,1569398537985,
 4.8095775,1569398538984,
 4.663662,1569398539974,
 4.5622535,1569398540996,
 4.4276056,1569398541988,
 4.2833805,1569398542979,
 4.2298594,1569398543977,
 4.1611266,1569398544982,
 4.154366,1569398545984,
 4.0585914,1569398546983,
 3.9639437,1569398547981,
 3.8157747,1569398548985,
 3.696338,1569398549992,
 3.6574647,1569398550979,
 3.5892959,1569398551985,
 3.9295774,1569398552986,
 4.252958,1569398553978,
 4.3594365,1569398554979,
 4.429859,1569398555993,
 4.420845,1569398556977,
 3.491831,1569398557982,
 3.129014,1569398558981,
 2.8270423,1569398559971,
 2.8704226,1569398560973,
 3.0016901,1569398561973,
 2.9876056,1569398562970,
 3.1661973,1569398563974,
 3.524507,1569398564969,
 3.5036619,1569398565973,
 3.8298593,1569398566976,
 4.35662,1569398567983,
 4.699155,1569398568983,
 5.0174646,1569398569989,
 5.1470423,1569398570987,
 5.099155,1569398571988,
 4.9138026,1569398572972,
 4.9538026,1569398573977,
 4.8929577,1569398574975,
 4.7414083,1569398575976,
 4.669296,1569398576973,
 3.8715494,1569398577982,
 3.4602816,1569398578981,
 3.3059156,1569398579984,
 3.2140846,1569398580985,
 3.5492957,1569398581983,
 3.9149296,1569398582987,
 4.1785917,1569398583981,
 4.4929576,1569398584984,
 4.647887,1569398585987,
 4.5070424,1569398586986,
 4.4630985,1569398587984,
 4.48169,1569398588988,
 4.0033803,1569398589987,
 2.2833803,1569398590978,
 1.2963381,1569398591982,
 0.8428169,1569398592981,
 0.35323945,1569398593979,
 0.21633802,1569398595980,
 0.99323946,1569398596983,
 1.588169,1569398597983,
 2.2647886,1569398598984,
 3.0529578,1569398599983,
 3.32,1569398600983,
 3.277183,1569398601975,
 3.1267605,1569398602982,
 3.0123944,1569398603986,
 2.8676057,1569398604986,
 2.4270422,1569398605982,
 2.4676056,1569398606981,
 3.0574648,1569398607979,
 3.1504226,1569398608978,
 3.6039436,1569398609982,
 3.6056337,1569398610980,
 3.4405634,1569398611984,
 3.3419719,1569398612974,
 3.8760564,1569398613974,
 4.5814085,1569398614976,
 5.0180283,1569398615975,
 5.0276055,1569398616973,
 4.792113,1569398617980,
 4.662535,1569398618979,
 4.5611267,1569398619975,
 4.371268,1569398620978,
 4.246197,1569398621980,
 4.108169,1569398622981,
 3.9532394,1569398623976,
 3.7538028,1569398624976,
 3.1802816,1569398625973,
 2.6912675,1569398626980,
 2.475493,1569398627982,
 2.7391548,1569398628979,
 3.1092958,1569398629982,
 3.4861972,1569398630971,
 3.88169,1569398631979,
 3.7369015,1569398632972,
 3.5583098,1569398634000,
 3.254648,1569398634980,
 3.2957747,1569398635979,
 3.5385916,1569398636976,
 4.285634,1569398637980,
 4.4969015,1569398638976,
 4.500845,1569398639978,
 4.2822537,1569398640983,
 3.4005635,1569398641974,
 3.3188732,1569398642977,
 3.1949296,1569398643976,
 3.2033803,1569398644972,
 3.6839437,1569398645970,
 4.4585915,1569398646981,
 4.391549,1569398647983,
 4.8045073,1569398648990,
 4.6709857,1569398649974,
 4.5774646,1569398651012,
 4.2907043,1569398651983,
 4.0574646,1569398652975,
 4.2056336,1569398653970,
 4.0895777,1569398654975,
 3.964507,1569398655972,
 3.663662,1569398656982,
 3.2907043,1569398657982,
 3.019155,1569398658977,
 2.8794367,1569398659973,
 2.7566197,1569398660975,
 2.5577464,1569398661981,
 3.12,1569398662983,
 3.3723943,1569398663983,
 3.3160563,1569398664982,
 3.3030987,1569398665981,
 3.4715493,1569398666983,
 3.185352,1569398667983,
 3.0123944,1569398668978,
 3.1233802,1569398669984,
 3.5588732,1569398670979,
 3.7774649,1569398671983,
 3.6411269,1569398672985,
 3.3521128,1569398673979,
 3.237183,1569398674978,
 3.4839437,1569398675982,
 3.5453522,1569398676974,
 3.5430987,1569398677973,
 3.5628169,1569398678978,
 4.0123944,1569398679970,
 4.340845,1569398680967,
 4.2839437,1569398681969,
 4.292958,1569398682974,
 4.173521,1569398683976,
 4.0174646,1569398684980,
 4.099155,1569398685977,
 3.9633803,1569398686975,
 3.9830985,1569398687981,
 4.717183,1569398688977,
 5.28169,1569398689972,
 5.058028,1569398691023,
 4.8101406,1569398691972,
 4.9042253,1569398692970,
 4.643944,1569398693976,
 4.6597185,1569398694979,
 4.5369015,1569398695986,
 4.3329577,1569398696978,
 4.182535,1569398697977,
 4.2557745,1569398698981,
 4.2732396,1569398699983,
 4.228169,1569398700983,
 4.1509857,1569398701981,
 4.402817,1569398702982,
 4.7757745,1569398703984,
 4.7312675,1569398704982,
 4.684507,1569398705987,
 4.4873238,1569398706979,
 3.8585916,1569398707977,
 3.3030987,1569398708977,
 2.9515493,1569398710022,
 3.04,1569398710965,
 4.675493,1569398711974,
 5.727324,1569398712971,
 5.637183,1569398713970,
 5.530704,1569398714973,
 5.300845,1569398715970,
 4.990986,1569398716967,
 4.7132397,1569398717975,
 4.6152115,1569398718977,
 4.4828167,1569398719968,
 4.2884507,1569398720974,
 3.4732394,1569398721975,
 3.0597184,1569398722980,
 2.7391548,1569398723978,
 2.5380282,1569398724980,
 3.204507,1569398725977,
 3.9988732,1569398726972,
 4.4630985,1569398728000,
 4.4292955,1569398728972,
 4.3414083,1569398729978,
 4.172958,1569398730977,
 3.8433802,1569398731984,
 3.6715493,1569398732974,
 3.7859154,1569398733976,
 3.7532394,1569398734975,
 3.6422536,1569398735974,
 4.1019716,1569398736976,
 3.9543662,1569398737973,
 3.8456337,1569398738973,
 3.7566197,1569398739969,
 3.606197,1569398740973,
 3.339155,1569398741973,
 3.220845,1569398742971,
 3.1087325,1569398744007,
 3.705352,1569398744980,
 4.396056,1569398745978,
 4.5864787,1569398747016,
 4.6907043,1569398747978,
 4.3329577,1569398748985,
 4.3346477,1569398749976,
 4.1459155,1569398750972,
 4.2585917,1569398751969,
 4.1622534,1569398752967,
 4.0422535,1569398753974,
 3.9295774,1569398754992,
 3.8360562,1569398755979,
 3.710986,1569398756987,
 3.8242254,1569398757976,
 4.351549,1569398758981,
 4.2940845,1569398759986,
 4.1954927,1569398760988,
 3.2377465,1569398761983,
 2.0861971,1569398762983,
 1.8833803,1569398763989,
 1.7239437,1569398764980,
 2.6574647,1569398766024,
 3.216338,1569398766989,
 3.4450705,1569398767984,
 2.9667606,1569398768983,
 2.6011267,1569398769985,
 2.6467605,1569398770987,
 3.4242253,1569398771983,
 3.628169,1569398772975,
 3.6546478,1569398773980,
 3.3797183,1569398774977,
 2.985352,1569398775978,
 2.5611267,1569398776978,
 2.9211268,1569398777972,
 3.04169,1569398778973,
 3.0169015,1569398779963,
 3.3261971,1569398780962,
 3.4985917,1569398781962,
 3.567324,1569398782962,
 4.082817,1569398784018,
 4.2997184,1569398784974,
 4.5560565,1569398785974,
 4.9442253,1569398786976,
 4.8214083,1569398787977,
 4.6050706,1569398788976,
 4.7543664,1569398789970,
 4.5357747,1569398790972,
 4.491831,1569398791974,
 4.2152114,1569398792977,
 3.8247888,1569398793976,
 3.6647887,1569398794978,
 3.5059154,1569398795978,
 2.025352,1569398796976,
 0.7340845,1569398797976,
 0.44619718,1569398802979,
 1.2698592,1569398803978,
 1.7211268,1569398804974,
 2.2214084,1569398805978,
 2.549859,1569398806980,
 2.9357746,1569398807982,
 3.235493,1569398808971,
 3.2850704,1569398809975,
 2.5628169,1569398810979,
 1.616338,1569398811984,
 1.011831,1569398812978,
 0.49577466,1569398813981,
 0.5887324,1569398815978,
 1.2991549,1569398816983,
 1.7419719,1569398817980,
 1.9769014,1569398818982,
 2.244507,1569398819978,
 2.515493,1569398820983,
 2.6512675,1569398821983,
 2.8230987,1569398822981,
 3.1921127,1569398823981,
 3.7442253,1569398824969,
 4.0230985,1569398825974,
 3.9098592,1569398827012,
 3.847324,1569398827975,
 3.549859,1569398828971,
 3.2461972,1569398829979,
 2.687324,1569398830973,
 2.296338,1569398831978,
 2.804507,1569398832977,
 3.4450705,1569398833983,
 3.7729578,1569398834973,
 4.247887,1569398835975,
 4.466479,1569398836972,
 4.579155,1569398837970,
 4.5025353,1569398838975,
 4.5966196,1569398839974,
 4.71831,1569398840973,
 4.795493,1569398841969,
 5.0895777,1569398842973,
 5.1960564,1569398843978,
 5.0704226,1569398844979,
 4.92169,1569398845977,
 4.76169,1569398846982,
 4.6360564,1569398847974,
 4.152676,1569398848977,
 3.1329577,1569398849978,
 2.6918309,1569398850978,
 2.4377465,1569398851981,
 3.628169,1569398852978,
 4.4135213,1569398853974,
 4.807324,1569398854970,
 4.7898593,1569398855976,
 4.707042,1569398856974,
 4.1002817,1569398857972,
 3.7278874,1569398858977,
 3.6574647,1569398859970,
 3.685634,1569398860980,
 4.181972,1569398861969,
 4.2202816,1569398862971,
 3.948169,1569398864028,
 3.6259155,1569398864968,
 3.460845,1569398865970,
 3.331831,1569398866967,
 3.3132393,1569398867967,
 3.136338,1569398868976,
 3.4507043,1569398869971,
 3.930704,1569398870969,
 4.2839437,1569398871977,
 4.584225,1569398872972,
 4.540282,1569398873971,
 4.3887324,1569398874973,
 4.0461974,1569398875972,
 3.8574648,1569398876964,
 3.875493,1569398877954,
 3.797183,1569398878960,
 4.2777467,1569398879970,
 5.059155,1569398880966,
 5.1109858,1569398881988,
 5.0225353,1569398882979,
 4.884507,1569398883976,
 4.7943664,1569398884971,
 4.1712675,1569398885979,
 2.8647888,1569398886983,
 2.2287323,1569398887981,
 1.8997183,1569398888973,
 1.863662,1569398889985,
 1.9661971,1569398890986,
 2.331831,1569398891984,
 2.4394367,1569398892986,
 2.8940845,1569398893985,
 3.5566196,1569398894985,
 4.108732,1569398895977,
 4.629296,1569398896983,
 4.96169,1569398897980,
 4.985352,1569398898982,
 4.966197,1569398899977,
 4.4067607,1569398901008,
 3.88,1569398901979,
 3.5701408,1569398902982,
 3.583662,1569398903972,
 3.6743662,1569398904969,
 3.6495774,1569398905963,
 3.7543662,1569398906966,
 3.8022535,1569398907962,
 3.7487323,1569398908965,
 3.6659155,1569398909976,
 4.419155,1569398910978,
 4.8687325,1569398911980,
 5.2197185,1569398912970,
 5.499155,1569398913981,
 5.595493,1569398914983,
 5.421972,1569398915979,
 5.1160564,1569398916969,
 5.043944,1569398917969,
 4.256338,1569398918976,
 3.6416903,1569398919974,
 3.4490142,1569398920977,
 3.340845,1569398921977,
 3.4433804,1569398922978,
 3.8546479,1569398923981,
 3.797183,1569398924979,
 3.7278874,1569398925980,
 3.2659154,1569398926982,
 2.2247887,1569398927981,
 2.0174649,1569398928975,
 2.051831,1569398929979,
 2.32,1569398930978,
 2.7188733,1569398931983,
 3.724507,1569398932979,
 4.0219717,1569398933982,
 4.293521,1569398934978,
 4.79662,1569398935974,
 4.8112674,1569398936974,
 4.728451,1569398937972,
 4.267606,1569398938975,
 3.5059154,1569398939971,
 3.190986,1569398940995,
 2.9211268,1569398941970,
 2.5639436,1569398942978,
 2.9639437,1569398943969,
 3.254648,1569398944974,
 3.4585915,1569398945978,
 3.8597183,1569398946969,
 4.2997184,1569398947972,
 4.816338,1569398948974,
 5.182535,1569398949974,
 5.16338,1569398950971,
 5.08338,1569398951973,
 5.0039434,1569398952973,
 4.9047885,1569398953972,
 5.1312675,1569398954969,
 5.6309857,1569398955973,
 5.508169,1569398956976,
 5.2495775,1569398957971,
 4.5960565,1569398958977,
 3.515493,1569398959965,
 2.9887323,1569398960965,
 2.649014,1569398962011,
 2.376338,1569398962975,
 2.8873239,1569398963974,
 3.4495776,1569398964972,
 3.9278874,1569398965973,
 4.2349296,1569398966974,
 4.088451,1569398967974,
 4.0478873,1569398968970,
 3.7983098,1569398969973,
 3.5802817,1569398970972,
 3.3695774,1569398971967,
 3.583662,1569398972965,
 3.5847888,1569398973966,
 4.171831,1569398974968,
 4.376338,1569398975960,
 4.249014,1569398976970,
 4.050141,1569398977969,
 4.026479,1569398978965,
 3.9216902,1569398979963,
 3.8247888,1569398980977,
 3.5656338,1569398981976,
 4.0659156,1569398982977,
 4.499155,1569398983977,
 4.3988733,1569398984979,
 4.2659154,1569398985975,
 4.1076055,1569398986968,
 3.9278874,1569398987976,
 3.7194366,1569398988966,
 3.807324,1569398989963,
 3.6270423,1569398990969,
 3.8332396,1569398991971,
 4.0760565,1569398992973,
 3.3239436,1569398993980,
 1.3645071,1569398994970,
 1.7278873,1569398995972,
 3.3802817,1569398996975,
 4.817465,1569398997964,
 4.7397184,1569398998978,
 4.52,1569398999979,
 3.8050704,1569399000974,
 3.5752113,1569399001979,
 3.3712676,1569399002980,
 3.2264788,1569399003978,
 3.3633802,1569399004971,
 3.8180282,1569399005977,
 4.4276056,1569399006979,
 5.069296,1569399007978,
 5.1769013,1569399008975,
 5.1859155,1569399009978,
 4.9729576,1569399010976,
 3.9864788,1569399011980,
 3.6259155,1569399012968,
 3.4704225,1569399013978,
 3.690704,1569399014973,
 3.740845,1569399015965,
 3.5847888,1569399016968,
 3.7233803,1569399017965,
 3.8957746,1569399018960,
 3.7622535,1569399019971,
 3.734648,1569399020966,
 3.7740846,1569399021966,
 4.1278872,1569399022967,
 4.099155,1569399023977,
 3.974648,1569399024968,
 4.48,1569399025976,
 4.509296,1569399026969,
 4.3577466,1569399027973,
 4.3402815,1569399028968,
 4.263662,1569399029975,
 4.2101407,1569399030974,
 4.0557747,1569399031980,
 3.889014,1569399032975,
 3.821972,1569399033965,
 3.9042253,1569399034975,
 4.1397185,1569399035971,
 4.788169,1569399036973,
 4.99831,1569399037968,
 4.9030986,1569399038970,
 4.7740846,1569399039973,
 4.6850705,1569399040970,
 4.732958,1569399041970,
 4.6659155,1569399042969,
 4.55831,1569399043969,
 4.4884505,1569399044966,
 4.1707044,1569399045970,
 3.5960562,1569399046974,
 3.1949296,1569399047972,
 2.9825351,1569399048968,
 2.764507,1569399049968,
 2.5661972,1569399050967,
 3.2557747,1569399051973,
 4.1132393,1569399052969,
 4.530704,1569399053969,
 4.8833804,1569399054971,
 4.8033805,1569399055963,
 4.851831,1569399056970,
 4.8630986,1569399057965,
 4.7414083,1569399059020,
 4.56,1569399059969,
 4.39662,1569399060967,
 4.327324,1569399061973,
 4.4630985,1569399062969,
 4.5521126,1569399063973,
 4.499718,1569399064971,
 4.490141,1569399065970,
 4.385352,1569399066962,
 4.27831,1569399067974,
 3.687324,1569399068967,
 3.0856338,1569399069965,
 2.795493,1569399070970,
 2.4247887,1569399071968,
 2.6405635,1569399072977,
 3.2529578,1569399073977,
 3.5729578,1569399074966,
 3.7622535,1569399075967,
 3.715493,1569399077008,
 3.580845,1569399077975,
 3.522817,1569399078975,
 3.2811267,1569399079972,
 3.0529578,1569399080965,
 2.1605635,1569399081962,
 2.0484507,1569399082964,
 1.8253521,1569399083966,
 1.5594367,1569399084956,
 1.5650704,1569399085961,
 1.0569015,1569399086967,
 0.6507042,1569399087971,
 0.29239437,1569399088968,
 0.20169014,1569399760941,
 0.4721127,1569399761947,
 0.74140847,1569399762942,
 0.77971834,1569399763943,
 0.5909859,1569399764950,
 0.5419718,1569399765939,
 0.72056335,1569399766941,
 0.8011268,1569399767942,
 0.755493,1569399768944,
 0.8050704,1569399769943,
 0.60676056,1569399770950,
 0.5785915,1569399771949,
 0.59887326,1569399772950,
 0.44394365,1569399773942,
 0.26760563,1569399776947,
 1.0709859,1569399777943,
 1.3616902,1569399778946,
 1.5966197,1569399779941,
 1.849014,1569399780942,
 1.96,1569399781943,
 2.1785915,1569399782933,
 2.419155,1569399783940,
 2.6101408,1569399784935,
 2.7278874,1569399785933,
 2.8957746,1569399786944,
 2.8315494,1569399787947,
 2.757183,1569399788945,
 2.5797184,1569399789944,
 2.456338,1569399790950,
 2.15831,1569399791941,
 2.309859,1569399792932,
 2.2861972,1569399793985,
 2.3639436,1569399794945,
 2.2540846,1569399795948,
 2.029859,1569399796938,
 1.9876057,1569399797949,
 2.0264788,1569399798943,
 2.2557747,1569399799941,
 2.180845,1569399800947,
 2.277183,1569399801947,
 2.6185915,1569399802941,
 2.5577464,1569399803936,
 2.5408452,1569399804953,
 2.7684507,1569399805941,
 2.900845,1569399806939,
 2.7785916,1569399807940,
 2.64,1569399808936,
 2.8011267,1569399809938,
 3.2405634,1569399810942,
 3.4388733,1569399811938,
 3.6676056,1569399812946,
 3.7690141,1569399813961,
 3.8811266,1569399814943,
 3.7949295,1569399815952,
 3.4980283,1569399816950,
 2.548169,1569399817946,
 1.7853521,1569399818950,
 1.3605634,1569399819943,
 1.4315493,1569399820950,
 1.1639436,1569399821951,
 1.8050704,1569399822950,
 1.969014,1569399823944,
 2.0332394,1569399824945,
 2.8135211,1569399825941,
 2.8180282,1569399826947,
 3.0721126,1569399827952,
 3.2422535,1569399828951,
 2.9205635,1569399829947,
 2.7611268,1569399830948,
 2.7983098,1569399831952,
 2.7960563,1569399832944,
 2.6377466,1569399833958,
 2.9966197,1569399834946,
 3.0597184,1569399835945,
 2.8726761,1569399836948,
 2.6507041,1569399837948,
 2.4692957,1569399838946,
 2.228169,1569399839943,
 2.2090142,1569399840939,
 2.6676056,1569399841938,
 3.2833803,1569399842937,
 3.5943663,1569399843937,
 3.730141,1569399844941,
 4.3729577,1569399845940,
 4.950423,1569399846938,
 4.9340844,1569399847940,
 4.7684507,1569399848940,
 4.6304226,1569399849936,
 4.460282,1569399850931,
 4.2602816,1569399851946,
 3.9876056,1569399852940,
 3.7278874,1569399853943,
 3.6394367,1569399854962,
 3.583662,1569399855949,
 4.1402817,1569399856946,
 4.647324,1569399857943,
 5.155493,1569399858943,
 5.4439435,1569399859934,
 5.8084507,1569399860934,
 5.901972,1569399861932,
 5.6461973,1569399862932,
 5.389859,1569399863931,
 5.153803,1569399864932,
 4.8247886,1569399865929,
 4.251831,1569399866943,
 3.889014,1569399867940,
 3.4298592,1569399868954,
 3.2980282,1569399869943,
 3.3566198,1569399870935,
 3.28,1569399871931,
 3.228169,1569399872951,
 3.2456338,1569399873930,
 3.1892958,1569399874936,
 3.4050703,1569399875930,
 3.644507,1569399876941,
 3.8405633,1569399877935,
 4.0670424,1569399878936,
 4.3785915,1569399879935,
 4.72338,1569399880943,
 4.8140845,1569399881943,
 4.654648,1569399882948,
 4.644507,1569399883944,
 4.6022534,1569399884943,
 4.5707045,1569399885942,
 4.5611267,1569399886943,
 4.635493,1569399887944,
 4.830986,1569399888944,
 4.9723945,1569399889936,
 4.99831,1569399890938,
 4.748169,1569399891941,
 4.806197,1569399892965,
 4.8523946,1569399893947,
 4.769014,1569399894943,
 4.6394367,1569399895944,
 3.9876056,1569399896942,
 3.1042254,1569399897951,
 2.64,1569399898940,
 2.5470424,1569399899941,
 3.002817,1569399900943,
 3.6721127,1569399901933,
 4.3087325,1569399902943,
 4.2169013,1569399903945,
 4.0219717,1569399904944,
 4.049014,1569399905946,
 4.063662,1569399906943,
 4.1194367,1569399907941,
 4.129014,1569399908942,
 4.122817,1569399909942,
 4.117183,1569399910943,
 4.1205635,1569399911947,
 4.2022533,1569399912982,
 4.2552114,1569399913947,
 3.710986,1569399914943,
 3.2856338,1569399915945,
 3.1442254,1569399916935,
 3.4185915,1569399917941,
 3.447324,1569399918943,
 3.4095774,1569399919938,
 3.5954928,1569399920940,
 4.0377464,1569399921941,
 4.148732,1569399922936,
 4.0878873,1569399923928,
 4.04,1569399924925,
 3.8940845,1569399925927,
 3.9357746,1569399926927,
 3.7419717,1569399927932,
 3.7887323,1569399928942,
 3.7414083,1569399929942,
 4.2602816,1569399930930,
 4.63831,1569399931933,
 4.792676,1569399932954,
 4.6647887,1569399933937,
 4.470986,1569399934930,
 4.342535,1569399935938,
 4.44169,1569399936936,
 4.506479,1569399937938,
 4.3988733,1569399938939,
 4.198873,1569399939938,
 3.9650705,1569399940942,
 3.8523943,1569399941934,
 3.9661973,1569399942938,
 3.95831,1569399943944,
 3.9988732,1569399944945,
 4.1814084,1569399945937,
 4.114366,1569399946940,
 4.099718,1569399947947,
 3.9983099,1569399948942,
 3.945352,1569399949937,
 3.8833802,1569399950978,
 3.8084507,1569399951942,
 3.531831,1569399952938,
 3.010141,1569399953945,
 3.0529578,1569399954942,
 3.2766197,1569399955941,
 3.7211268,1569399956935,
 4.089014,1569399957940,
 4.1560564,1569399958942,
 4.220845,1569399959939,
 4.597183,1569399960935,
 4.9138026,1569399961939,
 5.0816903,1569399962945,
 5.153803,1569399963932,
 5.0095773,1569399964932,
 4.832676,1569399965934,
 4.04,1569399966933,
 3.4738028,1569399967934,
 3.016338,1569399968926,
 2.6546478,1569399969951,
 2.5667605,1569399970931,
 2.915493,1569399971937,
 3.1166198,1569399972935,
 3.5650704,1569399973938,
 3.9870422,1569399974936,
 4.24169,1569399975937,
 4.050141,1569399976935,
 3.8512676,1569399977941,
 3.4805634,1569399978935,
 3.4743662,1569399979935,
 3.536338,1569399980937,
 4.401127,1569399981930,
 4.791549,1569399982939,
 4.694648,1569399983939,
 4.4005632,1569399984939,
 3.6411269,1569399985935,
 3.2304225,1569399986929,
 3.0670424,1569399987929,
 2.9476056,1569399988964,
 3.4264789,1569399989942,
 3.6974647,1569399990939,
 4.127324,1569399991937,
 4.3014083,1569399992928,
 4.1470423,1569399993936,
 4.059155,1569399994945,
 3.7814085,1569399995937,
 3.593803,1569399996927,
 3.7104225,1569399997929,
 3.6642253,1569399998933,
 3.88,1569399999923,
 3.9814084,1569400000938,
 3.9278874,1569400001940,
 3.87831,1569400002943,
 4.0022535,1569400003937,
 4.0907044,1569400004944,
 3.988169,1569400005936,
 3.8428168,1569400006943,
 3.7166197,1569400007942,
 3.4174647,1569400008959,
 3.1588733,1569400009948,
 2.9030986,1569400010934,
 3.108169,1569400011944,
 3.4687324,1569400012943,
 3.665352,1569400013941,
 3.7943661,1569400014940,
 3.9847887,1569400015937,
 3.9684508,1569400016940,
 4.0523944,1569400017938,
 4.0484505,1569400018936,
 4.020845,1569400019936,
 3.9949296,1569400020926,
 3.7932394,1569400021926,
 3.6997182,1569400022938,
 3.7414083,1569400023932,
 3.8726761,1569400024929,
 3.8287325,1569400025922,
 3.6332395,1569400026929,
 3.7487323,1569400027964,
 3.5740845,1569400028933,
 3.569014,1569400029938,
 4.1408453,1569400030940,
 4.75662,1569400031940,
 5.352113,1569400032928,
 5.1769013,1569400033934,
 5.075493,1569400034933,
 5.069859,1569400035935,
 4.7002816,1569400036931,
 4.3149295,1569400037935,
 4.0822535,1569400038935,
 4.00507,1569400039928,
 4.249014,1569400040933,
 4.333521,1569400041938,
 4.4439435,1569400042938,
 4.6022534,1569400043935,
 4.83662,1569400044938,
 5.078873,1569400045927,
 5.2788734,1569400046939,
 5.481127,1569400047988,
 5.432676,1569400048933,
 5.3233805,1569400049937,
 5.053521,1569400050932,
 4.4112678,1569400051932,
 4.070986,1569400052938,
 3.1892958,1569400053929,
 1.8456337,1569400054942,
 1.5712676,1569400055933,
 1.5814085,1569400056938,
 1.5673239,1569400057935,
 2.0985916,1569400058936,
 2.8867605,1569400059938,
 2.8760564,1569400060937,
 3.146479,1569400061927,
 3.0180283,1569400062935,
 3.3256338,1569400063936,
 3.6507041,1569400064930,
 3.9594367,1569400065960,
 3.8366196,1569400066932,
 3.7549295,1569400067955,
 4.0219717,1569400068928,
 4.371831,1569400069935,
 4.732958,1569400070958,
 4.9385915,1569400071936,
 5.2343664,1569400072932,
 5.340845,1569400073937,
 5.167887,1569400074933,
 4.983662,1569400075934,
 4.6394367,1569400076931,
 3.8242254,1569400077930,
 3.3977466,1569400078936,
 3.188169,1569400079930,
 4.2602816,1569400080932,
 4.8738027,1569400081937,
 4.7802815,1569400082937,
 4.5870423,1569400083933,
 4.2185917,1569400084974,
 3.9076056,1569400085937,
 3.7369015,1569400086939,
 3.7983098,1569400087938,
 4.330141,1569400088940,
 4.846197,1569400089933,
 4.858028,1569400090929,
 4.6608453,1569400091938,
 4.592676,1569400092937,
 4.404507,1569400093932,
 4.2850704,1569400094937,
 4.134648,1569400095936,
 3.9059155,1569400096931,
 3.8670423,1569400097941,
 4.28,1569400098937,
 4.7312675,1569400099938,
 4.6569014,1569400100938,
 4.5385914,1569400101927,
 4.567324,1569400102949,
 4.728451,1569400103938,
 4.842817,1569400104935,
 4.901972,1569400105928,
 4.7346478,1569400106939,
 3.7909858,1569400107935,
 2.908169,1569400108930,
 2.497465,1569400109938,
 2.334648,1569400110936,
 2.1971831,1569400111936,
 2.1239436,1569400112936,
 2.6292958,1569400113943,
 2.6647887,1569400114942,
 2.5515492,1569400115946,
 2.548169,1569400116945,
 2.5149295,1569400117940,
 2.3949296,1569400118938,
 2.5261972,1569400119936,
 2.6912675,1569400120938,
 3.124507,1569400121972,
 3.5532393,1569400122944,
 3.646197,1569400123944,
 3.1025352,1569400124942,
 3.0095775,1569400125939,
 2.7892957,1569400126933,
 2.6214085,1569400127941,
 3.0,1569400128935,
 3.36169,1569400129935,
 3.5132394,1569400130932,
 3.7419717,1569400131939,
 4.0377464,1569400132937,
 4.3143663,1569400133938,
 4.6219716,1569400134932,
 4.6230984,1569400135940,
 4.4174647,1569400136936,
 4.2895775,1569400137924,
 4.038873,1569400138947,
 3.8985915,1569400139939,
 3.9087324,1569400140936,
 4.5949297,1569400141943,
 5.3414083,1569400142934,
 5.7684507,1569400143941,
 5.5966196,1569400144936,
 5.3977466,1569400145939,
 4.9622536,1569400146934,
 4.9819717,1569400147938,
 4.8529577,1569400148930,
 4.5160565,1569400149933,
 4.11831,1569400150934,
 3.8907042,1569400151942,
 3.925634,1569400152938,
 3.9622536,1569400153939,
 3.9216902,1569400154943,
 4.131831,1569400155942,
 4.1447887,1569400156936,
 4.0816903,1569400157939,
 4.000563,1569400158936,
 3.955493,1569400159995,
 3.8602817,1569400160938,
 3.4704225,1569400161936,
 3.1256337,1569400162939,
 2.6704226,1569400163935,
 2.4715493,1569400164937,
 2.557183,1569400165935,
 2.7295775,1569400166934,
 3.1588733,1569400167935,
 3.5701408,1569400168937,
 3.9498591,1569400169936,
 4.367324,1569400170933,
 4.633803,1569400171931,
 4.585352,1569400172933,
 4.530704,1569400173932,
 4.382535,1569400174935,
 4.430986,1569400175938,
 4.3059154,1569400176926,
 4.1847887,1569400177932,
 3.5994365,1569400178946,
 2.9515493,1569400179934,
 2.6743662,1569400180924,
 2.3149295,1569400181932,
 2.3876057,1569400182946,
 2.9729578,1569400183930,
 3.353803,1569400184930,
 3.6276057,1569400185927,
 3.9171832,1569400186944,
 3.844507,1569400187947,
 3.722817,1569400188932,
 3.6259155,1569400189946,
 3.2580283,1569400190933,
 3.0985916,1569400191928,
 3.3560565,1569400192929,
 3.5070422,1569400193956,
 3.5216901,1569400194949,
 3.742535,1569400195928,
 3.9025352,1569400196939,
 3.9847887,1569400197940,
 3.8923943,1569400198928,
 3.7290142,1569400199926,
 3.7430985,1569400200939,
 3.482817,1569400201946,
 3.6259155,1569400202939,
 4.7008452,1569400203939,
 4.9104223,1569400204941,
 4.782535,1569400205939,
 4.583662,1569400206921,
 4.4923944,1569400207939,
 4.3633804,1569400208919,
 4.374648,1569400209917,
 4.3138027,1569400210917,
 4.1509857,1569400211919,
 3.9442253,1569400212936,
 4.258028,1569400213941,
 4.7092957,1569400214939,
 4.80169,1569400215939,
 4.6011267,1569400216939,
 4.4467607,1569400217932,
 3.985352,1569400218940,
 3.1791549,1569400219940,
 2.9476056,1569400220940,
 2.670986,1569400221939,
 2.7436619,1569400222940,
 3.235493,1569400223940,
 3.4738028,1569400224939,
 3.066479,1569400225940,
 2.9611268,1569400226941,
 2.7261972,1569400227939,
 2.633803,1569400228917,
 2.8304226,1569400229937,
 2.8929577,1569400230928,
 2.863662,1569400231939,
 2.8467605,1569400232939,
 2.9847887,1569400233930,
 3.3780282,1569400234926,
 3.7594366,1569400235922,
 3.9284508,1569400236914,
 3.9002817,1569400237948,
 3.792676,1569400238919,
 3.6214085,1569400239923,
 3.581972,1569400240931,
 3.7752113,1569400241927,
 3.606197,1569400242926,
 4.1121125,1569400243936,
 4.8394365,1569400244943,
 5.2732396,1569400245946,
 5.148169,1569400246931,
 5.1509857,1569400247927,
 5.0405636,1569400248941,
 4.9521127,1569400249923,
 4.451831,1569400250930,
 3.9825351,1569400251926,
 3.8388731,1569400252933,
 3.7166197,1569400253932,
 3.7639437,1569400254934,
 3.7690141,1569400255925,
 3.724507,1569400256936,
 3.6456337,1569400257924,
 3.3560565,1569400258933,
 3.1876056,1569400259935,
 3.11831,1569400260929,
 3.0602818,1569400261929,
 3.0276055,1569400262926,
 2.9735212,1569400263937,
 2.9222536,1569400264933,
 2.8597183,1569400265923,
 2.4597182,1569400266927,
 2.265352,1569400267915,
 1.9453521,1569400268914,
 1.8095775,1569400269924,
 2.3802817,1569400270928,
 2.8439436,1569400271927,
 3.0433803,1569400272928,
 3.3166196,1569400273920,
 3.8,1569400274944,
 3.9059155,1569400275930,
 4.15831,1569400276919,
 4.404507,1569400277930,
 4.666479,1569400278930,
 4.75831,1569400279924,
 4.693521,1569400280925,
 4.56,1569400281919,
 4.2760563,1569400282923,
 3.9943662,1569400283923,
 3.7222536,1569400284926,
 3.3949296,1569400285924,
 3.1346478,1569400286920,
 3.257465,1569400287928,
 3.327324,1569400288929,
 3.933521,1569400289936,
 3.8850703,1569400290929,
 3.781972,1569400291934,
 3.494648,1569400292921,
 3.1825352,1569400293929,
 3.1876056,1569400294928,
 3.3138027,1569400295928,
 3.7166197,1569400296921,
 4.4969015,1569400297924,
 4.6670423,1569400298920,
 4.39662,1569400299924,
 3.6670423,1569400300926,
 3.4760563,1569400301927,
 3.2687323,1569400302920,
 3.0732393,1569400303922,
 2.9757748,1569400304921,
 2.7853522,1569400305926,
 3.1594367,1569400306925,
 3.5397184,1569400307928,
 3.9678874,1569400308927,
 4.3667607,1569400309925,
 4.3876057,1569400310926,
 4.1949296,1569400311924,
 3.976338,1569400312919,
 4.1109858,1569400313914,
 3.9690142,1569400314941,
 3.8647888,1569400315916,
 3.7684507,1569400316915,
 4.122817,1569400317915,
 4.289014,1569400318927,
 4.167324,1569400319925,
 3.896338,1569400320926,
 3.6394367,1569400321923,
 3.5267606,1569400322922,
 3.435493,1569400323924,
 3.3160563,1569400324937,
 3.1267605,1569400325930,
 2.9639437,1569400326929,
 2.7414083,1569400327926,
 2.6895776,1569400328926,
 3.0292957,1569400329923,
 3.3740845,1569400330924,
 3.7138028,1569400331928,
 3.989859,1569400332925,
 4.122817,1569400333924,
 4.24169,1569400334933,
 4.193803,1569400335928,
 4.1769013,1569400336922,
 4.024225,1569400337921,
 3.7853522,1569400338923,
 3.5076056,1569400339920,
 3.5628169,1569400340925,
 3.6738029,1569400341925,
 3.6247888,1569400342914,
 3.6056337,1569400343913,
 3.5509858,1569400344906,
 3.6185915,1569400345918,
 3.571831,1569400346923,
 3.710986,1569400347916,
 4.001127,1569400348917,
 4.1149297,1569400349918,
 4.108169,1569400350919,
 4.092958,1569400351919,
 4.6022534,1569400352922,
 4.4923944,1569400353924,
 4.4338026,1569400354923,
 4.6907043,1569400355919,
 4.5166197,1569400356923,
 3.8828168,1569400357917,
 3.7087324,1569400358921,
 3.6991549,1569400359919,
 3.7098591,1569400360924,
 3.6760564,1569400361932,
 3.5661972,1569400362925,
 3.549859,1569400363927,
 3.6602817,1569400364931,
 4.144225,1569400365928,
 4.168451,1569400366927,
 4.078873,1569400367932,
 3.9904225,1569400368928,
 3.938028,1569400369930,
 3.889014,1569400370928,
 3.8107042,1569400371933,
 3.3453522,1569400372933,
 3.2811267,1569400373930,
 3.2123945,1569400374924,
 3.1425352,1569400375922,
 3.1447887,1569400376928,
 3.475493,1569400377921,
 3.4332395,1569400378926,
 3.0478873,1569400379926,
 2.5453522,1569400380923,
 2.275493,1569400381920,
 1.8850704,1569400382925,
 1.6822535,1569400383926,
 2.0969014,1569400384921,
 3.3442254,1569400385928,
 3.567324,1569400386919,
 3.597183,1569400387924,
 4.674366,1569400388924,
 5.293521,1569400389923,
 5.1278872,1569400390929,
 4.957183,1569400391932,
 4.791549,1569400392929,
 4.739155,1569400393927,
 4.644507,1569400394946,
 4.5830984,1569400395923,
 4.3785915,1569400396926,
 4.292958,1569400397928,
 4.222535,1569400398929,
 4.0676055,1569400399939,
 3.9442253,1569400400930,
 3.7983098,1569400401931,
 3.4732394,1569400402928,
 2.9859154,1569400403931,
 2.76,1569400404928,
 2.9943662,1569400405923,
 3.3785915,1569400406921,
 3.4850705,1569400407928,
 3.3746479,1569400408925,
 3.2259154,1569400409924,
 3.1160564,1569400410931,
 3.2225351,1569400411926,
 3.1047888,1569400412927,
 3.2388732,1569400413918,
 3.6597183,1569400414934,
 3.7509859,1569400415924,
 3.7380283,1569400416924,
 3.9278874,1569400417918,
 3.8828168,1569400418926,
 3.7588732,1569400419924,
 3.690141,1569400420923,
 3.484507,1569400421926,
 3.402817,1569400422926,
 3.9250705,1569400423929,
 4.4377465,1569400424924,
 4.8033805,1569400425930,
 4.8050704,1569400426927,
 4.701972,1569400427925,
 4.473803,1569400428924,
 4.2985916,1569400429919,
 4.1904225,1569400430913,
 4.172958,1569400431911,
 4.4940844,1569400432926,
 4.862535,1569400433930,
 4.891268,1569400434926,
 4.792113,1569400435929,
 4.672676,1569400436928,
 4.5216904,1569400437929,
 4.3938026,1569400438929,
 3.3605633,1569400439940,
 2.4935212,1569400440928,
 1.9560564,1569400441927,
 1.8073239,1569400442930,
 1.9673239,1569400443928,
 2.2039437,1569400444930,
 1.8073239,1569400445936,
 1.7504225,1569400446922,
 1.7414085,1569400447929,
 2.1960564,1569400448928,
 2.9222536,1569400449930,
 3.7639437,1569400450934,
 3.5802817,1569400451929,
 3.294648,1569400452952,
 3.1369014,1569400453926,
 2.9983099,1569400454927,
 3.8107042,1569400455926,
 4.115493,1569400456924,
 3.8687325,1569400457922,
 3.668169,1569400458924,
 3.7160563,1569400459919,
 3.896338,1569400460923,
 4.1019716,1569400461922,
 4.260845,1569400462925,
 4.3988733,1569400463927,
 4.377465,1569400464918,
 4.2,1569400465923,
 4.0416903,1569400466930,
 3.8687325,1569400467922,
 3.7492957,1569400468922,
 3.5442255,1569400469927,
 2.4084506,1569400470922,
 2.028169,1569400471931,
 1.856338,1569400472966,
 2.4332395,1569400473932,
 2.2709858,1569400474928,
 2.0360563,1569400475924,
 1.8597183,1569400476926,
 2.644507,1569400477920,
 3.3030987,1569400478927,
 3.8321128,1569400479925,
 4.3780284,1569400480923,
 5.1312675,1569400481924,
 5.6332393,1569400482916,
 6.0676055,1569400483922,
 6.3352113,1569400484925,
 6.3076057,1569400485928,
 6.090141,1569400486928,
 5.746479,1569400487935,
 5.1752114,1569400488936,
 4.5667605,1569400489928,
 3.980845,1569400490932,
 3.696338,1569400491928,
 3.4935212,1569400492965,
 3.3470423,1569400493928,
 3.419155,1569400494932,
 2.5814085,1569400495933,
 1.0152112,1569400496929,
 0.73126763,1569400497928,
 1.2287323,1569400498934,
 1.6208451,1569400499935,
 1.88,1569400500932,
 2.7205634,1569400501926,
 2.3211267,1569400502931,
 1.8794366,1569400503924,
 2.0033803,1569400504925,
 2.2259154,1569400505927,
 2.413521,1569400506932,
 2.490141,1569400507927,
 2.9166198,1569400508931,
 2.7757747,1569400509928,
 2.7892957,1569400510927,
 2.8349295,1569400511921,
 2.9588733,1569400512924,
 3.0157747,1569400513921,
 2.9814084,1569400514927,
 3.2676055,1569400515920,
 3.7166197,1569400516920,
 4.143662,1569400517926,
 4.2484508,1569400518923,
 4.1842256,1569400519917,
 4.1757746,1569400520922,
 4.108169,1569400521920,
 4.1070423,1569400522917,
 3.936338,1569400523928,
 4.000563,1569400524922,
 3.7949295,1569400525924,
 3.8292959,1569400526927,
 3.7340846,1569400527924,
 3.740845,1569400528917,
 4.0670424,1569400529923,
 4.346479,1569400530960,
 4.8242254,1569400531932,
 4.9628167,1569400532930,
 4.949296,1569400533919,
 4.8822536,1569400534924,
 4.813521,1569400535932,
 4.5785913,1569400536928,
 4.426479,1569400537924,
 4.509296,1569400538932,
 4.475493,1569400539928,
 4.420845,1569400540926,
 4.3430986,1569400541933,
 4.2659154,1569400542929,
 4.2377467,1569400543932,
 4.164507,1569400544924,
 4.0715494,1569400545924,
 3.8129578,1569400546924,
 3.607324,1569400547930,
 3.5977464,1569400548925,
 3.5397184,1569400549915,
 3.339155,1569400550960,
 4.0321126,1569400551914,
 4.706479,1569400552917,
 5.004507,1569400553921,
 4.8422537,1569400554920,
 4.647887,1569400555927,
 4.48169,1569400556918,
 4.3842254,1569400557919,
 4.257465,1569400558915,
 4.0777464,1569400559920,
 3.8923943,1569400560919,
 3.6422536,1569400561912,
 3.301972,1569400562917,
 3.0625353,1569400563916,
 3.2140846,1569400564923,
 3.5076056,1569400565924,
 3.668169,1569400566931,
 3.8957746,1569400567918,
 3.945352,1569400568921,
 3.84169,1569400569981,
 3.4895775,1569400570933,
 3.3701408,1569400571931,
 3.4647887,1569400572929,
 3.970141,1569400573918,
 4.7357745,1569400574928,
 4.628169,1569400575922,
 4.6056337,1569400576924,
 4.579718,1569400577929,
 4.4225354,1569400578927,
 4.2202816,1569400579925,
 4.059718,1569400580915,
 4.420282,1569400581925,
 4.647324,1569400582921,
 4.620845,1569400583920,
 4.5323944,1569400584913,
 4.3577466,1569400585925,
 4.1954927,1569400586922,
 4.032676,1569400587915,
 4.367324,1569400588914,
 4.5239434,1569400589911,
 4.6952114,1569400590908,
 4.8157744,1569400591917,
 4.7149296,1569400592920,
 4.5723944,1569400593921,
 4.3459153,1569400594922,
 4.1109858,1569400595920,
 3.9661973,1569400596922,
 3.524507,1569400597917,
 2.9791548,1569400598922,
 2.7149296,1569400599922,
 2.5611267,1569400600922,
 2.5797184,1569400601919,
 2.8687325,1569400602914,
 3.3802817,1569400603918,
 3.4529576,1569400604917,
 3.6749296,1569400605916,
 3.5577464,1569400606918,
 3.0901408,1569400607921,
 3.1121128,1569400608938,
 3.468169,1569400609916,
 3.4304225,1569400610917,
 3.4011269,1569400611916,
 3.6242254,1569400612914,
 4.047324,1569400613908,
 4.2343664,1569400614909,
 4.1261973,1569400615912,
 3.6597183,1569400616915,
 2.8822534,1569400617915,
 2.9532394,1569400618911,
 2.8766198,1569400619920,
 3.5160563,1569400620903,
 3.5538027,1569400621915,
 3.590986,1569400622916,
 4.4276056,1569400623917,
 5.104225,1569400624915,
 5.1019716,1569400625919,
 5.024789,1569400626919,
 4.9594364,1569400627937,
 4.875493,1569400628916,
 4.777465,1569400629922,
 4.6749296,1569400630918,
 4.361127,1569400631912,
 4.291831,1569400632918,
 4.3138027,1569400633926,
 4.4985914,1569400634926,
 4.6659155,1569400635925,
 4.8045073,1569400636922,
 4.7346478,1569400637926,
 4.6461973,1569400638926,
 4.569014,1569400639924,
 4.4676056,1569400640921,
 3.8749297,1569400641920,
 3.6270423,1569400642917,
 3.2923944,1569400644007,
 3.0022535,1569400644915,
 3.8614085,1569400645913,
 4.618592,1569400646936,
 4.8980284,1569400647911,
 5.103662,1569400648919,
 5.336901,1569400649917,
 5.559437,1569400650919,
 5.8090143,1569400651918,
 5.9470425,1569400652913,
 5.5115495,1569400653910,
 4.682817,1569400654917,
 4.2185917,1569400655911,
 3.8540845,1569400656918,
 3.8929577,1569400657917,
 4.2022533,1569400658913,
 4.429859,1569400659917,
 4.574648,1569400660906,
 4.6360564,1569400661913,
 4.3797183,1569400662917,
 4.429859,1569400663916,
 4.787042,1569400664915,
 5.1414084,1569400665965,
 5.193803,1569400666921,
 5.2202816,1569400667926,
 5.2546477,1569400668923,
 5.1757746,1569400669914,
 4.900845,1569400670921,
 4.6952114,1569400671916,
 4.5239434,1569400672919,
 4.5121126,1569400673921,
 4.623662,1569400674925,
 4.7205634,1569400675921,
 4.635493,1569400676917,
 4.4366198,1569400677912,
 4.317183,1569400678911,
 4.362817,1569400679914,
 4.173521,1569400680910,
 3.9560564,1569400681938,
 3.9915493,1569400682920,
 3.9966197,1569400683915,
 3.8901408,1569400684913,
 3.1126761,1569400685915,
 2.607324,1569400686913,
 2.169014,1569400687907,
 2.063662,1569400688913,
 2.0428169,1569400689915,
 1.9695774,1569400690925,
 0.6850704,1569400691926,
 0.44732395,1569400692918,
 0.5408451,1569400693914,
 1.2585915,1569400694916,
 0.93464786,1569400695917,
 0.8569014,1569400696919,
 1.451831,1569400697922,
 1.6180282,1569400698923,
 1.6997184,1569400699936,
 1.804507,1569400700910,
 2.4112675,1569400701924,
 3.0760562,1569400702914,
 3.2332394,1569400703917,
 3.259155,1569400704917,
 3.2202816,1569400705936,
 2.976338,1569400706921,
 2.96,1569400707916,
 3.188169,1569400708914,
 3.2050705,1569400709918,
 3.63831,1569400710914,
 4.2242255,1569400711910,
 4.4292955,1569400712905,
 4.401127,1569400713906,
 4.3605633,1569400714905,
 4.293521,1569400715908,
 4.216338,1569400716909,
 4.134648,1569400717911,
 4.0957747,1569400718910,
 3.931831,1569400719908,
 3.915493,1569400720933,
 4.668732,1569400721906,
 5.064789,1569400722907,
 5.2495775,1569400723910,
 5.2692957,1569400724909,
 5.2794366,1569400725912,
 5.104789,1569400726914,
 4.9650702,1569400727913,
 4.7149296,1569400728916,
 4.5707045,1569400729910,
 4.588169,1569400730915,
 4.633803,1569400731916,
 4.4895773,1569400732917,
 4.5487323,1569400733915,
 4.661972,1569400734914,
 4.7938027,1569400735911,
 4.764507,1569400736912,
 4.649014,1569400737915,
 4.447324,1569400738940,
 3.9892957,1569400739915,
 3.7532394,1569400740909,
 3.96,1569400741915,
 4.0732393,1569400742912,
 4.3684506,1569400743915,
 4.662535,1569400744915,
 4.906479,1569400745920,
 5.1104226,1569400746910,
 5.1723943,1569400747912,
 5.437183,1569400748911,
 5.338028,1569400749908,
 5.093521,1569400750907,
 4.7515492,1569400751899,
 4.3769016,1569400752915,
 4.073803,1569400753918,
 4.103662,1569400754912,
 4.0895777,1569400755915,
 4.083944,1569400756915,
 4.0140843,1569400757912,
 3.8794367,1569400758962,
 3.515493,1569400759913,
 3.2732394,1569400760917,
 3.8704226,1569400761914,
 4.2642255,1569400762913,
 4.816901,1569400763917,
 4.9887323,1569400764916,
 5.0084505,1569400765917,
 4.882817,1569400766912,
 4.7154927,1569400767911,
 4.5166197,1569400768912,
 4.365634,1569400769908,
 4.415211,1569400770910,
 4.8090143,1569400771912,
 4.697465,1569400772911,
 4.6709857,1569400773914,
 4.4957747,1569400774919,
 4.459155,1569400775904,
 4.444507,1569400776933,
 4.647324,1569400777902,
 4.6715493,1569400778908,
 4.7932396,1569400779907,
 4.8935213,1569400780913,
 4.835493,1569400781924,
 4.575211,1569400782920,
 4.204507,1569400783916,
 3.834366,1569400784918,
 3.552676,1569400785921,
 3.3025353,1569400786921,
 2.8169014,1569400787917,
 2.7577465,1569400788923,
 2.774648,1569400789914,
 2.9842253,1569400790918,
 3.3138027,1569400791916,
 2.9419718,1569400792920,
 3.0259154,1569400793918,
 2.9323943,1569400794920,
 3.12,1569400795914,
 3.2349296,1569400796927,
 3.16,1569400797912,
 3.2276056,1569400798926,
 3.1543663,1569400799915,
 2.8698592,1569400800914,
 2.5740845,1569400801915,
 2.5504224,1569400802910,
 3.3960564,1569400803903,
 3.522817,1569400804901,
 3.490141,1569400805911,
 3.5132394,1569400806909,
 3.7504225,1569400807903,
 4.3160563,1569400808913,
 4.76169,1569400809900,
 4.8478875,1569400810916,
 4.841127,1569400811912,
 4.6552114,1569400812904,
 4.4478874,1569400813908,
 4.3194366,1569400814909,
 4.464789,1569400815919,
 4.4197183,1569400816909,
 4.2569013,1569400817917,
 4.0957747,1569400818908,
 3.8670423,1569400819914,
 3.8377464,1569400820906,
 3.8873239,1569400821910,
 4.4321127,1569400822921,
 5.1752114,1569400823917,
 5.5870423,1569400824916,
 5.7949295,1569400825916,
 5.6647887,1569400826920,
 5.336338,1569400827910,
 5.115493,1569400828915,
 5.1216903,1569400829919,
 5.292394,1569400830915,
 5.28,1569400831923,
 5.138028,1569400832919,
 4.68169,1569400833914,
 3.7138028,1569400834926,
 2.930704,1569400835914,
 2.4467607,1569400836909,
 2.357183,1569400837936,
 3.0687325,1569400838906,
 4.0461974,1569400839908,
 4.8338027,1569400840899,
 5.272113,1569400841908,
 5.441127,1569400842913,
 5.702535,1569400843917,
 5.8935213,1569400844918,
 6.0259156,1569400845920,
 5.955493,1569400846915,
 5.637183,1569400847909,
 5.3340845,1569400848913,
 5.0585914,1569400849902,
 4.495211,1569400850910,
 4.060845,1569400851911,
 3.6377466,1569400852906,
 3.265352,1569400853911,
 3.1323943,1569400854909,
 3.1723943,1569400855906,
 3.7757747,1569400856927,
 4.222535,1569400857904,
 4.152676,1569400858908,
 4.006197,1569400859909,
 3.7538028,1569400860899,
 3.4569013,1569400861908,
 3.3797183,1569400862906,
 3.5780282,1569400863909,
 3.5774648,1569400864921,
 4.2332397,1569400865910,
 4.0816903,1569400866911,
 3.9605634,1569400867904,
 3.970141,1569400868907,
 3.886197,1569400869906,
 3.7194366,1569400870925,
 4.55831,1569400871909,
 5.3177466,1569400872907,
 5.244507,1569400873913,
 5.3780284,1569400874907,
 5.662535,1569400875906,
 5.530141,1569400876951,
 5.20338,1569400877907,
 5.0467606,1569400878902,
 4.940282,1569400879904,
 4.9183097,1569400880910,
 4.835493,1569400881916,
 4.7577467,1569400882915,
 4.5904226,1569400883913,
 4.489014,1569400884907,
 4.569014,1569400885906,
 4.592676,1569400886912,
 4.3549294,1569400887907,
 3.9876056,1569400888909,
 3.7239437,1569400889905,
 3.7729578,1569400890912,
 4.2095776,1569400891908,
 4.792113,1569400892906,
 5.2411265,1569400893903,
 5.397183,1569400894920,
 5.282817,1569400895910,
 4.8388734,1569400896904,
 3.974648,1569400897901,
 3.6574647,1569400898906,
 3.5092957,1569400899908,
 3.7121127,1569400900900,
 3.7025352,1569400901907,
 3.7983098,1569400902908,
 4.3532395,1569400903907,
 4.380282,1569400904907,
 4.842817,1569400905913,
 5.5211267,1569400906907,
 5.9025354,1569400907905,
 5.612958,1569400908899,
 5.5087323,1569400909902,
 5.0721126,1569400910897,
 4.92169,1569400911898,
 4.729014,1569400912893,
 4.7892957,1569400913898,
 4.559437,1569400914923,
 4.409014,1569400915900,
 4.47493,1569400916907,
 4.687324,1569400917918,
 4.9369016,1569400918907,
 5.023662,1569400919911,
 5.1295776,1569400920909,
 5.1785917,1569400921910,
 5.1915493,1569400922915,
 5.379155,1569400923911,
 5.4574647,1569400924907,
 5.325634,1569400925912,
 5.128451,1569400926904,
 4.965634,1569400927898,
 4.15831,1569400928904,
 3.4321127,1569400929904,
 3.133521,1569400930903,
 2.7487323,1569400931905,
 2.783662,1569400932895,
 3.7138028,1569400933930,
 4.52507,1569400934905,
 5.138592,1569400935912,
 5.3876057,1569400936901,
 5.4439435,1569400937955,
 5.169014,1569400938910,
 5.1853523,1569400939907,
 5.4822536,1569400940903,
 5.7194366,1569400941908,
 5.855775,1569400942908,
 5.7746477,1569400943909,
 5.5059156,1569400944905,
 5.232113,1569400945896,
 4.8642254,1569400946903,
 4.5870423,1569400947899,
 4.247887,1569400948898,
 4.1121125,1569400949905,
 4.222535,1569400950906,
 4.1025352,1569400951900,
 4.043944,1569400952900,
 3.9425352,1569400953922,
 3.6321127,1569400954898,
 3.3476057,1569400955907,
 3.742535,1569400956905,
 3.9459155,1569400957898,
 4.28,1569400958896,
 3.9442253,1569400959905,
 3.7594366,1569400960895,
 3.8107042,1569400961900,
 3.6749296,1569400962896,
 3.6670423,1569400963890,
 3.557183,1569400964899,
 3.964507,1569400965893,
 4.266479,1569400966899,
 4.4495773,1569400967906,
 4.761127,1569400968910,
 4.674366,1569400969901,
 4.5414085,1569400970911,
 4.381408,1569400971900,
 4.1707044,1569400972897,
 4.302535,1569400973895,
 4.2569013,1569400974899,
 4.466479,1569400975902,
 4.465352,1569400976894,
 4.312113,1569400977904,
 4.297465,1569400978908,
 4.2597184,1569400979907,
 4.16,1569400980901,
 4.019718,1569400981901,
 3.896338,1569400982901,
 3.7616901,1569400983906,
 3.4985917,1569400984903,
 3.1053522,1569400985906,
 3.1019719,1569400986904,
 3.4811268,1569400987897,
 3.8247888,1569400988902,
 3.8259156,1569400989901,
 3.8805635,1569400990903,
 3.9419718,1569400991906,
 4.000563,1569400992903,
 3.7938027,1569400993906,
 3.5092957,1569400994903,
 3.2619717,1569400995902,
 3.3583097,1569400996900,
 3.5802817,1569400997906,
 3.6574647,1569400998896,
 3.613521,1569400999899,
 3.9385915,1569401000895,
 4.3352113,1569401001887,
 4.5521126,1569401002896,
 4.940282,1569401003900,
 5.2157745,1569401004896,
 5.389859,1569401005892,
 5.5177464,1569401006906,
 5.1954927,1569401007897,
 5.1132393,1569401008897,
 4.886197,1569401009897,
 4.592676,1569401010896,
 4.35662,1569401011899,
 4.228169,1569401012912,
 4.2230988,1569401013899,
 4.2095776,1569401014898,
 4.1019716,1569401015900,
 4.047324,1569401016893,
 4.0371833,1569401017894,
 3.9346478,1569401018905,
 3.88169,1569401019903,
 3.8794367,1569401020897,
 3.7825353,1569401021897,
 2.7290142,1569401022902,
 1.7335211,1569401023895,
 1.4529577,1569401024894,
 1.3261971,1569401025898,
 1.7521126,1569401026899,
 1.699155,1569401027900,
 1.3278873,1569401028896,
 1.6292958,1569401029892,
 1.9430985,1569401030891,
 1.4833803,1569401031894,
 0.7492958,1569401032919,
 0.30535212,1569401035901,
 1.0484507,1569401036894,
 1.2828169,1569401037896,
 0.7543662,1569401038894,
 1.0005634,1569401055894,
 1.5498592,1569401056903,
 1.903662,1569401057899,
 2.268169,1569401058895,
 2.6,1569401059895,
 2.6704226,1569401060893,
 2.5898592,1569401061895,
 2.5470424,1569401062895,
 2.4078872,1569401063894,
 2.0895774,1569401064895,
 2.1864789,1569401065892,
 3.2732394,1569401066898,
 3.9678874,1569401067888,
 4.336338,1569401068904,
 4.6985917,1569401069896,
 4.83662,1569401070900,
 4.8647885,1569401071914,
 4.8388734,1569401072901,
 4.842817,1569401073898,
 5.162817,1569401074890,
 5.5960565,1569401075895,
 5.579155,1569401076894,
 5.330141,1569401077892,
 5.1430984,1569401078896,
 4.891268,1569401079899,
 4.5825353,1569401080894,
 3.9791548,1569401081897,
 3.165634,1569401082900,
 2.642817,1569401083897,
 2.8247888,1569401084898,
 3.294648,1569401085899,
 3.788169,1569401086898,
 3.9459155,1569401087899,
 3.8338027,1569401088897,
 3.6416903,1569401089889,
 3.24,1569401090925,
 3.2484508,1569401091898,
 3.660845,1569401092901,
 4.380282,1569401093890,
 4.6715493,1569401094895,
 4.740845,1569401095901,
 4.4726763,1569401096892,
 4.648451,1569401097898,
 4.24,1569401098891,
 4.08,1569401099896,
 3.9447887,1569401100892,
 4.1402817,1569401101901,
 4.80169,1569401102905,
 4.9459157,1569401103891,
 4.867042,1569401104901,
 4.6405635,1569401105895,
 4.4439435,1569401106902,
 4.450704,1569401107898,
 4.48,1569401108887,
 4.2405634,1569401109915,
 4.0287323,1569401110896,
 4.0867605,1569401111895,
 4.099155,1569401112901,
 4.0405636,1569401113897,
 3.8833802,1569401114895,
 4.1752114,1569401115896,
 4.088451,1569401116895,
 3.9949296,1569401117898,
 3.809014,1569401118896,
 3.4343662,1569401119901,
 3.1802816,1569401120900,
 3.3977466,1569401121895,
 3.9211268,1569401122901,
 4.03831,1569401123899,
 4.682817,1569401124905,
 4.9628167,1569401125901,
 4.9397182,1569401126908,
 4.579718,1569401127899,
 4.2230988,1569401128897,
 3.9532394,1569401129940,
 3.9870422,1569401130895,
 4.1701407,1569401131898,
 5.425352,1569401132886,
 5.7904224,1569401133891,
 5.6777463,1569401134894,
 5.614648,1569401135895,
 5.7250705,1569401136897,
 5.831549,1569401137899,
 5.5121126,1569401138894,
 5.3487325,1569401139893,
 5.157183,1569401140891,
 5.042817,1569401141895,
 4.6969013,1569401142902,
 4.540282,1569401143894,
 4.6005635,1569401144903,
 4.8923945,1569401145900,
 5.3487325,1569401146898,
 5.2704225,1569401147895,
 5.2405634,1569401148923,
 5.2450705,1569401149903,
 5.1656337,1569401150903,
 5.186479,1569401151902,
 5.1278872,1569401152907,
 5.0816903,1569401153902,
 4.9515495,1569401154898,
 4.522817,1569401155898,
 3.9470422,1569401156897,
 3.660845,1569401157903,
 3.2107043,1569401158892,
 2.8135211,1569401159894,
 2.5898592,1569401160895,
 2.6647887,1569401161892,
 3.4692957,1569401162903,
 4.0659156,1569401163893,
 4.4760566,1569401164901,
 4.9819717,1569401165892,
 5.3098593,1569401166931,
 5.608451,1569401167902,
 5.663099,1569401168896,
 5.414648,1569401169902,
 5.2185917,1569401170901,
 5.084507,1569401171903,
 4.988169,1569401172893,
 4.854648,1569401173895,
 4.739155,1569401174897,
 4.580845,1569401175895,
 4.4484506,1569401176894,
 3.8484507,1569401177892,
 3.0557747,1569401178895,
 2.5447888,1569401179893,
 2.6157746,1569401180899,
 3.1369014,1569401181897,
 3.7842255,1569401182900,
 3.7307043,1569401183891,
 3.7442253,1569401184896,
 3.9464788,1569401185902,
 3.7092957,1569401186898,
 3.3825352,1569401187897,
 3.4450705,1569401188893,
 4.7346478,1569401189899,
 5.2659154,1569401190896,
 5.059718,1569401191897,
 4.885634,1569401192904,
 4.5825353,1569401193893,
 4.0664787,1569401194891,
 3.7887323,1569401195889,
 3.6890142,1569401196893,
 4.9087324,1569401197896,
 5.647887,1569401198898,
 5.552676,1569401199907,
 5.3842254,1569401200899,
 4.960563,1569401201895,
 4.7887325,1569401202885,
 4.762817,1569401203879,
 4.6557746,1569401204888,
 4.764507,1569401205890,
 4.7504225,1569401206898,
 4.499155,1569401207898,
 4.494648,1569401208895,
 4.570141,1569401209895,
 4.5864787,1569401210897,
 4.3887324,1569401211895,
 3.6952112,1569401212892,
 3.259155,1569401213902,
 3.0985916,1569401214901,
 3.0338027,1569401215902,
 3.3402817,1569401216898,
 3.5115492,1569401217900,
 3.4963381,1569401218895,
 3.3757746,1569401219900,
 3.2907043,1569401220899,
 3.6185915,1569401221896,
 3.6625352,1569401222896,
 4.128451,1569401223893,
 4.3633804,1569401224894,
 4.699155,1569401225898,
 4.764507,1569401226886,
 4.7149296,1569401227890,
 4.650141,1569401228886,
 4.55831,1569401229886,
 4.4625354,1569401230891,
 4.291831,1569401231894,
 4.5115495,1569401232898,
 4.738028,1569401233904,
 5.1402817,1569401234893,
 5.3695774,1569401235891,
 5.24,1569401236889,
 5.024789,1569401237898,
 5.038873,1569401238895,
 4.974648,1569401239901,
 4.6901407,1569401240899,
 4.2659154,1569401241897,
 4.163944,1569401242898,
 4.293521,1569401243896,
 4.366197,1569401244900,
 4.762817,1569401245899,
 5.1194367,1569401246906,
 5.1859155,1569401247895,
 5.0676055,1569401248902,
 4.9222536,1569401249902,
 4.303662,1569401250894,
 3.6597183,1569401251898,
 3.366197,1569401252895,
 3.056338,1569401253893,
 2.9622536,1569401254899,
 3.268169,1569401255902,
 3.456338,1569401256895,
 3.9419718,1569401257896,
 4.3932395,1569401258895,
 4.8276057,1569401259896,
 4.9076056,1569401260894,
 4.7707043,1569401261892,
 4.6495776,1569401262895,
 4.508169,1569401263884,
 4.348169,1569401264897,
 4.173521,1569401265952,
 3.8208451,1569401266894,
 3.3014085,1569401267892,
 2.8433802,1569401268890,
 2.690141,1569401269882,
 2.771831,1569401270886,
 2.849014,1569401271887,
 2.7650704,1569401272887,
 2.7205634,1569401273889,
 2.6157746,1569401274890,
 2.5504224,1569401275893,
 2.6022534,1569401276890,
 2.950986,1569401277890,
 3.096338,1569401278891,
 3.4219718,1569401279898,
 3.6123943,1569401280892,
 4.049577,1569401281881,
 4.4940844,1569401282885,
 4.6259155,1569401283890,
 4.8450704,1569401284890,
 4.5695777,1569401285893,
 4.416338,1569401286891,
 3.690704,1569401287891,
 3.3369014,1569401288886,
 3.1239436,1569401289885,
 3.0180283,1569401290890,
 3.7847888,1569401291893,
 4.038873,1569401292890,
 3.9374647,1569401293896,
 3.8929577,1569401294899,
 3.6771832,1569401295896,
 3.4445071,1569401296889,
 3.4050703,1569401297880,
 3.4715493,1569401298887,
 3.5278873,1569401299882,
 4.0907044,1569401300885,
 4.5611267,1569401301887,
 5.059155,1569401302890,
 4.99831,1569401303900,
 4.868169,1569401304891,
 4.7577467,1569401305894,
 4.6247888,1569401306896,
 4.1278872,1569401307893,
 3.6687324,1569401308895,
 3.416338,1569401309896,
 3.3194366,1569401310894,
 3.4185915,1569401311902,
 3.7943661,1569401312893,
 3.9160564,1569401313891,
 3.9504225,1569401314893,
 4.1369014,1569401315894,
 4.122817,1569401316891,
 4.0805635,1569401317884,
 4.024789,1569401318894,
 3.731831,1569401319898,
 3.388169,1569401320890,
 3.4721127,1569401321892,
 3.7030985,1569401322884,
 3.7014084,1569401323880,
 3.6540844,1569401324888,
 3.6360564,1569401325880,
 3.6005633,1569401326881,
 3.5160563,1569401327882,
 4.2107043,1569401328889,
 4.828169,1569401329883,
 5.013521,1569401330888,
 5.346479,1569401331890,
 5.4174647,1569401332883,
 5.281127,1569401333889,
 5.023662,1569401334892,
 4.72,1569401335891,
 4.454648,1569401336896,
 4.148732,1569401337895,
 4.218028,1569401338895,
 4.167324,1569401339894,
 4.149859,1569401340894,
 4.6850705,1569401341892,
 4.8602815,1569401342891,
 4.777465,1569401343938,
 4.8084507,1569401344894,
 4.9650702,1569401345895,
 5.233803,1569401346892,
 5.35662,1569401347896,
 5.2011266,1569401348895,
 5.0259156,1569401349891,
 4.610141,1569401350890,
 3.8602817,1569401351894,
 3.5233803,1569401352895,
 3.259155,1569401353896,
 2.9521127,1569401354895,
 3.0794365,1569401355891,
 3.1571832,1569401356893,
 3.2642252,1569401357898,
 3.5188732,1569401358894,
 4.260845,1569401359892,
 4.3340845,1569401360893,
 4.6923943,1569401361886,
 4.9340844,1569401362914,
 4.8112674,1569401363900,
 4.856338,1569401364894,
 5.11831,1569401365890,
 5.0230985,1569401366891,
 4.8935213,1569401367893,
 4.8078876,1569401368882,
 4.602817,1569401369893,
 3.8726761,1569401370889,
 3.44,1569401371887,
 3.306479,1569401372884,
 3.1684506,1569401373890,
 2.8056338,1569401374889,
 2.463662,1569401375891,
 2.781972,1569401376878,
 3.1419718,1569401377880,
 3.3847888,1569401378903,
 3.6056337,1569401379884,
 3.828169,1569401380888,
 3.9025352,1569401381911,
 3.7960563,1569401382893,
 3.508169,1569401383893,
 3.309859,1569401384892,
 3.1887324,1569401385890,
 3.1177466,1569401386891,
 3.0439436,1569401387894,
 2.244507,1569401388892,
 1.5267606,1569401389883,
 0.81014085,1569401390886,
 0.6873239,1569401392886,
 1.0422535,1569401393883,
 1.2202817,1569401394882,
 1.0625352,1569401395902,
 1.0298592,1569401396889,
 1.0557747,1569401397878,
 1.0439436,1569401398879,
 1.3538028,1569401399880,
 1.2523943,1569401400879,
 0.76112676,1569401401871,
 0.49070424,1569401407889,
 0.62985915,1569401408882,
 0.53521127,1569401411884,
 0.6997183,1569401412883,
 0.72056335,1569401413895,
 0.52450705,1569401414894,
 0.45352113,1569401415901,
 0.5250704,1569401417882,
 0.84,1569401418884,
 0.44225353,1569401421878,
 0.6614084,1569401422880,
 0.36112675,1569401423878,
