 0.20169014,1569399760946,
 0.4721127,1569399761951,
 0.74140847,1569399762946,
 0.77971834,1569399763946,
 0.5909859,1569399764952,
 0.5419718,1569399765943,
 0.72056335,1569399766945,
 0.8011268,1569399767948,
 0.755493,1569399768950,
 0.8050704,1569399769948,
 0.60676056,1569399770955,
 0.5785915,1569399771953,
 0.59887326,1569399772954,
 0.44394365,1569399773944,
 0.26760563,1569399776952,
 1.0709859,1569399777945,
 1.3616902,1569399778950,
 1.5966197,1569399779943,
 1.849014,1569399780947,
 1.96,1569399781949,
 2.1785915,1569399782935,
 2.419155,1569399783944,
 2.6101408,1569399784936,
 2.7278874,1569399785938,
 2.8957746,1569399786948,
 2.8315494,1569399787952,
 2.757183,1569399788950,
 2.5797184,1569399789948,
 2.456338,1569399790954,
 2.15831,1569399791943,
 2.309859,1569399792934,
 2.2861972,1569399793987,
 2.3639436,1569399794949,
 2.2540846,1569399795953,
 2.029859,1569399796942,
 1.9876057,1569399797953,
 2.0264788,1569399798947,
 2.2557747,1569399799943,
 2.180845,1569399800951,
 2.277183,1569399801951,
 2.6185915,1569399802944,
 2.5577464,1569399803938,
 2.5408452,1569399804955,
 2.7684507,1569399805946,
 2.900845,1569399806940,
 2.7785916,1569399807944,
 2.64,1569399808941,
 2.8011267,1569399809941,
 3.2405634,1569399810948,
 3.4388733,1569399811940,
 3.6676056,1569399812948,
 3.7690141,1569399813963,
 3.8811266,1569399814948,
 3.7949295,1569399815957,
 3.4980283,1569399816954,
 2.548169,1569399817950,
 1.7853521,1569399818956,
 1.3605634,1569399819945,
 1.4315493,1569399820954,
 1.1639436,1569399821955,
 1.8050704,1569399822954,
 1.969014,1569399823946,
 2.0332394,1569399824950,
 2.8135211,1569399825943,
 2.8180282,1569399826949,
 3.0721126,1569399827956,
 3.2422535,1569399828955,
 2.9205635,1569399829951,
 2.7611268,1569399830953,
 2.7983098,1569399831957,
 2.7960563,1569399832946,
 2.6377466,1569399833963,
 2.9966197,1569399834948,
 3.0597184,1569399835947,
 2.8726761,1569399836952,
 2.6507041,1569399837953,
 2.4692957,1569399838952,
 2.228169,1569399839948,
 2.2090142,1569399840943,
 2.6676056,1569399841942,
 3.2833803,1569399842939,
 3.5943663,1569399843940,
 3.730141,1569399844945,
 4.3729577,1569399845944,
 4.950423,1569399846944,
 4.9340844,1569399847944,
 4.7684507,1569399848946,
 4.6304226,1569399849940,
 4.460282,1569399850933,
 4.2602816,1569399851950,
 3.9876056,1569399852944,
 3.7278874,1569399853944,
 3.6394367,1569399854964,
 3.583662,1569399855953,
 4.1402817,1569399856951,
 4.647324,1569399857946,
 5.155493,1569399858947,
 5.4439435,1569399859936,
 5.8084507,1569399860936,
 5.901972,1569399861936,
 5.6461973,1569399862934,
 5.389859,1569399863933,
 5.153803,1569399864936,
 4.8247886,1569399865934,
 4.251831,1569399866947,
 3.889014,1569399867945,
 3.4298592,1569399868958,
 3.2980282,1569399869947,
 3.3566198,1569399870939,
 3.28,1569399871933,
 3.228169,1569399872953,
 3.2456338,1569399873932,
 3.1892958,1569399874937,
 3.4050703,1569399875932,
 3.644507,1569399876947,
 3.8405633,1569399877939,
 4.0670424,1569399878940,
 4.3785915,1569399879940,
 4.72338,1569399880947,
 4.8140845,1569399881948,
 4.654648,1569399882952,
 4.644507,1569399883949,
 4.6022534,1569399884947,
 4.5707045,1569399885947,
 4.5611267,1569399886948,
 4.635493,1569399887948,
 4.830986,1569399888948,
 4.9723945,1569399889937,
 4.99831,1569399890940,
 4.748169,1569399891942,
 4.806197,1569399892967,
 4.8523946,1569399893954,
 4.769014,1569399894947,
 4.6394367,1569399895948,
 3.9876056,1569399896940,
 3.1042254,1569399897956,
 2.64,1569399898942,
 2.5470424,1569399899942,
 3.002817,1569399900947,
 3.6721127,1569399901935,
 4.3087325,1569399902947,
 4.2169013,1569399903947,
 4.0219717,1569399904946,
 4.049014,1569399905951,
 4.063662,1569399906947,
 4.1194367,1569399907945,
 4.129014,1569399908947,
 4.122817,1569399909947,
 4.117183,1569399910944,
 4.1205635,1569399911949,
 4.2022533,1569399912984,
 4.2552114,1569399913951,
 3.710986,1569399914947,
 3.2856338,1569399915949,
 3.1442254,1569399916937,
 3.4185915,1569399917946,
 3.447324,1569399918947,
 3.4095774,1569399919942,
 3.5954928,1569399920944,
 4.0377464,1569399921946,
 4.148732,1569399922940,
 4.0878873,1569399923934,
 4.04,1569399924927,
 3.8940845,1569399925931,
 3.9357746,1569399926928,
 3.7419717,1569399927933,
 3.7887323,1569399928946,
 3.7414083,1569399929949,
 4.2602816,1569399930931,
 4.63831,1569399931935,
 4.792676,1569399932956,
 4.6647887,1569399933939,
 4.470986,1569399934934,
 4.342535,1569399935944,
 4.44169,1569399936938,
 4.506479,1569399937942,
 4.3988733,1569399938943,
 4.198873,1569399939940,
 3.9650705,1569399940946,
 3.8523943,1569399941936,
 3.9661973,1569399942940,
 3.95831,1569399943948,
 3.9988732,1569399944950,
 4.1814084,1569399945939,
 4.114366,1569399946941,
 4.099718,1569399947953,
 3.9983099,1569399948944,
 3.945352,1569399949939,
 3.8833802,1569399950979,
 3.8084507,1569399951944,
 3.531831,1569399952942,
 3.010141,1569399953949,
 3.0529578,1569399954946,
 3.2766197,1569399955945,
 3.7211268,1569399956936,
 4.089014,1569399957941,
 4.1560564,1569399958947,
 4.220845,1569399959944,
 4.597183,1569399960936,
 4.9138026,1569399961941,
 5.0816903,1569399962949,
 5.153803,1569399963934,
 5.0095773,1569399964934,
 4.832676,1569399965936,
 4.04,1569399966934,
 3.4738028,1569399967936,
 3.016338,1569399968928,
 2.6546478,1569399969952,
 2.5667605,1569399970933,
 2.915493,1569399971939,
 3.1166198,1569399972937,
 3.5650704,1569399973940,
 3.9870422,1569399974938,
 4.24169,1569399975939,
 4.050141,1569399976937,
 3.8512676,1569399977943,
 3.4805634,1569399978946,
 3.4743662,1569399979937,
 3.536338,1569399980939,
 4.401127,1569399981931,
 4.791549,1569399982944,
 4.694648,1569399983941,
 4.4005632,1569399984943,
 3.6411269,1569399985939,
 3.2304225,1569399986931,
 3.0670424,1569399987931,
 2.9476056,1569399988966,
 3.4264789,1569399989945,
 3.6974647,1569399990940,
 4.127324,1569399991939,
 4.3014083,1569399992930,
 4.1470423,1569399993940,
 4.059155,1569399994950,
 3.7814085,1569399995939,
 3.593803,1569399996929,
 3.7104225,1569399997932,
 3.6642253,1569399998936,
 3.88,1569399999925,
 3.9814084,1569400000942,
 3.9278874,1569400001942,
 3.87831,1569400002951,
 4.0022535,1569400003941,
 4.0907044,1569400004948,
 3.988169,1569400005938,
 3.8428168,1569400006952,
 3.7166197,1569400007944,
 3.4174647,1569400008961,
 3.1588733,1569400009952,
 2.9030986,1569400010936,
 3.108169,1569400011948,
 3.4687324,1569400012948,
 3.665352,1569400013942,
 3.7943661,1569400014944,
 3.9847887,1569400015941,
 3.9684508,1569400016945,
 4.0523944,1569400017943,
 4.0484505,1569400018938,
 4.020845,1569400019938,
 3.9949296,1569400020928,
 3.7932394,1569400021928,
 3.6997182,1569400022942,
 3.7414083,1569400023935,
 3.8726761,1569400024933,
 3.8287325,1569400025924,
 3.6332395,1569400026931,
 3.7487323,1569400027966,
 3.5740845,1569400028936,
 3.569014,1569400029942,
 4.1408453,1569400030944,
 4.75662,1569400031944,
 5.352113,1569400032929,
 5.1769013,1569400033938,
 5.075493,1569400034938,
 5.069859,1569400035939,
 4.7002816,1569400036932,
 4.3149295,1569400037939,
 4.0822535,1569400038940,
 4.00507,1569400039930,
 4.249014,1569400040937,
 4.333521,1569400041946,
 4.4439435,1569400042942,
 4.6022534,1569400043939,
 4.83662,1569400044942,
 5.078873,1569400045929,
 5.2788734,1569400046941,
 5.481127,1569400047991,
 5.432676,1569400048937,
 5.3233805,1569400049942,
 5.053521,1569400050936,
 4.4112678,1569400051937,
 4.070986,1569400052942,
 3.1892958,1569400053931,
 1.8456337,1569400054946,
 1.5712676,1569400055938,
 1.5814085,1569400056942,
 1.5673239,1569400057937,
 2.0985916,1569400058938,
 2.8867605,1569400059942,
 2.8760564,1569400060941,
 3.146479,1569400061929,
 3.0180283,1569400062939,
 3.3256338,1569400063940,
 3.6507041,1569400064932,
 3.9594367,1569400065962,
 3.8366196,1569400066933,
 3.7549295,1569400067950,
 4.0219717,1569400068930,
 4.371831,1569400069937,
 4.732958,1569400070965,
 4.9385915,1569400071938,
 5.2343664,1569400072939,
 5.340845,1569400073941,
 5.167887,1569400074937,
 4.983662,1569400075938,
 4.6394367,1569400076932,
 3.8242254,1569400077935,
 3.3977466,1569400078940,
 3.188169,1569400079932,
 4.2602816,1569400080934,
 4.8738027,1569400081944,
 4.7802815,1569400082941,
 4.5870423,1569400083935,
 4.2185917,1569400084961,
 3.9076056,1569400085941,
 3.7369015,1569400086943,
 3.7983098,1569400087942,
 4.330141,1569400088944,
 4.846197,1569400089938,
 4.858028,1569400090931,
 4.6608453,1569400091942,
 4.592676,1569400092942,
 4.404507,1569400093934,
 4.2850704,1569400094941,
 4.134648,1569400095938,
 3.9059155,1569400096933,
 3.8670423,1569400097945,
 4.28,1569400098942,
 4.7312675,1569400099940,
 4.6569014,1569400100940,
 4.5385914,1569400101929,
 4.567324,1569400102951,
 4.728451,1569400103942,
 4.842817,1569400104940,
 4.901972,1569400105930,
 4.7346478,1569400106941,
 3.7909858,1569400107940,
 2.908169,1569400108932,
 2.497465,1569400109942,
 2.334648,1569400110938,
 2.1971831,1569400111940,
 2.1239436,1569400112941,
 2.6292958,1569400113948,
 2.6647887,1569400114947,
 2.5515492,1569400115950,
 2.548169,1569400116950,
 2.5149295,1569400117945,
 2.3949296,1569400118940,
 2.5261972,1569400119940,
 2.6912675,1569400120940,
 3.124507,1569400121973,
 3.5532393,1569400122948,
 3.646197,1569400123949,
 3.1025352,1569400124947,
 3.0095775,1569400125943,
 2.7892957,1569400126936,
 2.6214085,1569400127945,
 3.0,1569400128937,
 3.36169,1569400129938,
 3.5132394,1569400130937,
 3.7419717,1569400131946,
 4.0377464,1569400132942,
 4.3143663,1569400133942,
 4.6219716,1569400134937,
 4.6230984,1569400135945,
 4.4174647,1569400136940,
 4.2895775,1569400137926,
 4.038873,1569400138949,
 3.8985915,1569400139944,
 3.9087324,1569400140938,
 4.5949297,1569400141948,
 5.3414083,1569400142937,
 5.7684507,1569400143945,
 5.5966196,1569400144940,
 5.3977466,1569400145943,
 4.9622536,1569400146939,
 4.9819717,1569400147943,
 4.8529577,1569400148935,
 4.5160565,1569400149936,
 4.11831,1569400150937,
 3.8907042,1569400151945,
 3.925634,1569400152944,
 3.9622536,1569400153944,
 3.9216902,1569400154947,
 4.131831,1569400155945,
 4.1447887,1569400156938,
 4.0816903,1569400157944,
 4.000563,1569400158938,
 3.955493,1569400159996,
 3.8602817,1569400160942,
 3.4704225,1569400161938,
 3.1256337,1569400162943,
 2.6704226,1569400163939,
 2.4715493,1569400164942,
 2.557183,1569400165940,
 2.7295775,1569400166936,
 3.1588733,1569400167939,
 3.5701408,1569400168942,
 3.9498591,1569400169938,
 4.367324,1569400170940,
 4.633803,1569400171933,
 4.585352,1569400172936,
 4.530704,1569400173937,
 4.382535,1569400174939,
 4.430986,1569400175942,
 4.3059154,1569400176928,
 4.1847887,1569400177934,
 3.5994365,1569400178950,
 2.9515493,1569400179937,
 2.6743662,1569400180926,
 2.3149295,1569400181935,
 2.3876057,1569400182947,
 2.9729578,1569400183931,
 3.353803,1569400184936,
 3.6276057,1569400185929,
 3.9171832,1569400186948,
 3.844507,1569400187952,
 3.722817,1569400188937,
 3.6259155,1569400189950,
 3.2580283,1569400190939,
 3.0985916,1569400191930,
 3.3560565,1569400192931,
 3.5070422,1569400193961,
 3.5216901,1569400194954,
 3.742535,1569400195929,
 3.9025352,1569400196941,
 3.9847887,1569400197941,
 3.8923943,1569400198930,
 3.7290142,1569400199929,
 3.7430985,1569400200941,
 3.482817,1569400201950,
 3.6259155,1569400202941,
 4.7008452,1569400203941,
 4.9104223,1569400204942,
 4.782535,1569400205941,
 4.583662,1569400206923,
 4.4923944,1569400207941,
 4.3633804,1569400208923,
 4.374648,1569400209919,
 4.3138027,1569400210918,
 4.1509857,1569400211921,
 3.9442253,1569400212939,
 4.258028,1569400213945,
 4.7092957,1569400214941,
 4.80169,1569400215941,
 4.6011267,1569400216941,
 4.4467607,1569400217934,
 3.985352,1569400218942,
 3.1791549,1569400219942,
 2.9476056,1569400220941,
 2.670986,1569400221941,
 2.7436619,1569400222942,
 3.235493,1569400223941,
 3.4738028,1569400224941,
 3.066479,1569400225941,
 2.9611268,1569400226942,
 2.7261972,1569400227941,
 2.633803,1569400228919,
 2.8304226,1569400229939,
 2.8929577,1569400230939,
 2.863662,1569400231941,
 2.8467605,1569400232942,
 2.9847887,1569400233937,
 3.3780282,1569400234928,
 3.7594366,1569400235925,
 3.9284508,1569400236916,
 3.9002817,1569400237950,
 3.792676,1569400238923,
 3.6214085,1569400239928,
 3.581972,1569400240935,
 3.7752113,1569400241935,
 3.606197,1569400242934,
 4.1121125,1569400243940,
 4.8394365,1569400244945,
 5.2732396,1569400245947,
 5.148169,1569400246936,
 5.1509857,1569400247934,
 5.0405636,1569400248946,
 4.9521127,1569400249925,
 4.451831,1569400250938,
 3.9825351,1569400251930,
 3.8388731,1569400252938,
 3.7166197,1569400253944,
 3.7639437,1569400254939,
 3.7690141,1569400255927,
 3.724507,1569400256938,
 3.6456337,1569400257926,
 3.3560565,1569400258936,
 3.1876056,1569400259946,
 3.11831,1569400260940,
 3.0602818,1569400261933,
 3.0276055,1569400262930,
 2.9735212,1569400263941,
 2.9222536,1569400264938,
 2.8597183,1569400265925,
 2.4597182,1569400266931,
 2.265352,1569400267917,
 1.9453521,1569400268918,
 1.8095775,1569400269928,
 2.3802817,1569400270932,
 2.8439436,1569400271931,
 3.0433803,1569400272933,
 3.3166196,1569400273922,
 3.8,1569400274942,
 3.9059155,1569400275939,
 4.15831,1569400276921,
 4.404507,1569400277934,
 4.666479,1569400278934,
 4.75831,1569400279928,
 4.693521,1569400280929,
 4.56,1569400281923,
 4.2760563,1569400282927,
 3.9943662,1569400283928,
 3.7222536,1569400284931,
 3.3949296,1569400285929,
 3.1346478,1569400286925,
 3.257465,1569400287932,
 3.327324,1569400288934,
 3.933521,1569400289948,
 3.8850703,1569400290933,
 3.781972,1569400291938,
 3.494648,1569400292923,
 3.1825352,1569400293931,
 3.1876056,1569400294933,
 3.3138027,1569400295932,
 3.7166197,1569400296923,
 4.4969015,1569400297929,
 4.6670423,1569400298922,
 4.39662,1569400299928,
 3.6670423,1569400300930,
 3.4760563,1569400301933,
 3.2687323,1569400302925,
 3.0732393,1569400303926,
 2.9757748,1569400304926,
 2.7853522,1569400305930,
 3.1594367,1569400306932,
 3.5397184,1569400307932,
 3.9678874,1569400308933,
 4.3667607,1569400309929,
 4.3876057,1569400310930,
 4.1949296,1569400311929,
 3.976338,1569400312921,
 4.1109858,1569400313916,
 3.9690142,1569400314945,
 3.8647888,1569400315922,
 3.7684507,1569400316917,
 4.122817,1569400317917,
 4.289014,1569400318931,
 4.167324,1569400319929,
 3.896338,1569400320930,
 3.6394367,1569400321925,
 3.5267606,1569400322925,
 3.435493,1569400323928,
 3.3160563,1569400324942,
 3.1267605,1569400325935,
 2.9639437,1569400326933,
 2.7414083,1569400327928,
 2.6895776,1569400328928,
 3.0292957,1569400329925,
 3.3740845,1569400330934,
 3.7138028,1569400331930,
 3.989859,1569400332929,
 4.122817,1569400333926,
 4.24169,1569400334935,
 4.193803,1569400335933,
 4.1769013,1569400336924,
 4.024225,1569400337923,
 3.7853522,1569400338925,
 3.5076056,1569400339922,
 3.5628169,1569400340927,
 3.6738029,1569400341929,
 3.6247888,1569400342916,
 3.6056337,1569400343915,
 3.5509858,1569400344908,
 3.6185915,1569400345920,
 3.571831,1569400346925,
 3.710986,1569400347918,
 4.001127,1569400348920,
 4.1149297,1569400349919,
 4.108169,1569400350921,
 4.092958,1569400351921,
 4.6022534,1569400352924,
 4.4923944,1569400353926,
 4.4338026,1569400354925,
 4.6907043,1569400355920,
 4.5166197,1569400356924,
 3.8828168,1569400357918,
 3.7087324,1569400358923,
 3.6991549,1569400359921,
 3.7098591,1569400360926,
 3.6760564,1569400361936,
 3.5661972,1569400362927,
 3.549859,1569400363928,
 3.6602817,1569400364935,
 4.144225,1569400365931,
 4.168451,1569400366931,
 4.078873,1569400367933,
 3.9904225,1569400368930,
 3.938028,1569400369934,
 3.889014,1569400370932,
 3.8107042,1569400371937,
 3.3453522,1569400372937,
 3.2811267,1569400373934,
 3.2123945,1569400374926,
 3.1425352,1569400375924,
 3.1447887,1569400376933,
 3.475493,1569400377925,
 3.4332395,1569400378930,
 3.0478873,1569400379932,
 2.5453522,1569400380927,
 2.275493,1569400381921,
 1.8850704,1569400382929,
 1.6822535,1569400383931,
 2.0969014,1569400384926,
 3.3442254,1569400385932,
 3.567324,1569400386921,
 3.597183,1569400387928,
 4.674366,1569400388929,
 5.293521,1569400389928,
 5.1278872,1569400390933,
 4.957183,1569400391938,
 4.791549,1569400392933,
 4.739155,1569400393931,
 4.644507,1569400394950,
 4.5830984,1569400395939,
 4.3785915,1569400396930,
 4.292958,1569400397932,
 4.222535,1569400398934,
 4.0676055,1569400399936,
 3.9442253,1569400400934,
 3.7983098,1569400401935,
 3.4732394,1569400402932,
 2.9859154,1569400403935,
 2.76,1569400404932,
 2.9943662,1569400405927,
 3.3785915,1569400406927,
 3.4850705,1569400407932,
 3.3746479,1569400408929,
 3.2259154,1569400409929,
 3.1160564,1569400410937,
 3.2225351,1569400411930,
 3.1047888,1569400412931,
 3.2388732,1569400413920,
 3.6597183,1569400414936,
 3.7509859,1569400415928,
 3.7380283,1569400416929,
 3.9278874,1569400417922,
 3.8828168,1569400418930,
 3.7588732,1569400419929,
 3.690141,1569400420927,
 3.484507,1569400421930,
 3.402817,1569400422931,
 3.9250705,1569400423933,
 4.4377465,1569400424928,
 4.8033805,1569400425935,
 4.8050704,1569400426932,
 4.701972,1569400427929,
 4.473803,1569400428928,
 4.2985916,1569400429923,
 4.1904225,1569400430914,
 4.172958,1569400431912,
 4.4940844,1569400432928,
 4.862535,1569400433934,
 4.891268,1569400434930,
 4.792113,1569400435936,
 4.672676,1569400436930,
 4.5216904,1569400437936,
 4.3938026,1569400438933,
 3.3605633,1569400439945,
 2.4935212,1569400440932,
 1.9560564,1569400441931,
 1.8073239,1569400442935,
 1.9673239,1569400443932,
 2.2039437,1569400444935,
 1.8073239,1569400445940,
 1.7504225,1569400446927,
 1.7414085,1569400447934,
 2.1960564,1569400448932,
 2.9222536,1569400449937,
 3.7639437,1569400450938,
 3.5802817,1569400451931,
 3.294648,1569400452954,
 3.1369014,1569400453931,
 2.9983099,1569400454928,
 3.8107042,1569400455931,
 4.115493,1569400456928,
 3.8687325,1569400457923,
 3.668169,1569400458929,
 3.7160563,1569400459923,
 3.896338,1569400460928,
 4.1019716,1569400461926,
 4.260845,1569400462929,
 4.3988733,1569400463931,
 4.377465,1569400464922,
 4.2,1569400465929,
 4.0416903,1569400466925,
 3.8687325,1569400467926,
 3.7492957,1569400468929,
 3.5442255,1569400469931,
 2.4084506,1569400470924,
 2.028169,1569400471933,
 1.856338,1569400472967,
 2.4332395,1569400473936,
 2.2709858,1569400474933,
 2.0360563,1569400475929,
 1.8597183,1569400476930,
 2.644507,1569400477921,
 3.3030987,1569400478931,
 3.8321128,1569400479929,
 4.3780284,1569400480928,
 5.1312675,1569400481928,
 5.6332393,1569400482920,
 6.0676055,1569400483926,
 6.3352113,1569400484930,
 6.3076057,1569400485932,
 6.090141,1569400486934,
 5.746479,1569400487939,
 5.1752114,1569400488941,
 4.5667605,1569400489932,
 3.980845,1569400490936,
 3.696338,1569400491930,
 3.4935212,1569400492967,
 3.3470423,1569400493932,
 3.419155,1569400494939,
 2.5814085,1569400495937,
 1.0152112,1569400496933,
 0.73126763,1569400497933,
 1.2287323,1569400498938,
 1.6208451,1569400499940,
 1.88,1569400500935,
 2.7205634,1569400501930,
 2.3211267,1569400502936,
 1.8794366,1569400503926,
 2.0033803,1569400504929,
 2.2259154,1569400505931,
 2.413521,1569400506937,
 2.490141,1569400507931,
 2.9166198,1569400508935,
 2.7757747,1569400509937,
 2.7892957,1569400510933,
 2.8349295,1569400511923,
 2.9588733,1569400512928,
 3.0157747,1569400513922,
 2.9814084,1569400514931,
 3.2676055,1569400515927,
 3.7166197,1569400516922,
 4.143662,1569400517931,
 4.2484508,1569400518927,
 4.1842256,1569400519919,
 4.1757746,1569400520926,
 4.108169,1569400521925,
 4.1070423,1569400522919,
 3.936338,1569400523933,
 4.000563,1569400524923,
 3.7949295,1569400525929,
 3.8292959,1569400526931,
 3.7340846,1569400527929,
 3.740845,1569400528919,
 4.0670424,1569400529932,
 4.346479,1569400530962,
 4.8242254,1569400531935,
 4.9628167,1569400532934,
 4.949296,1569400533926,
 4.8822536,1569400534929,
 4.813521,1569400535927,
 4.5785913,1569400536932,
 4.426479,1569400537929,
 4.509296,1569400538936,
 4.475493,1569400539932,
 4.420845,1569400540931,
 4.3430986,1569400541937,
 4.2659154,1569400542933,
 4.2377467,1569400543937,
 4.164507,1569400544929,
 4.0715494,1569400545928,
 3.8129578,1569400546928,
 3.607324,1569400547934,
 3.5977464,1569400548929,
 3.5397184,1569400549917,
 3.339155,1569400550962,
 4.0321126,1569400551916,
 4.706479,1569400552922,
 5.004507,1569400553928,
 4.8422537,1569400554924,
 4.647887,1569400555931,
 4.48169,1569400556922,
 4.3842254,1569400557923,
 4.257465,1569400558920,
 4.0777464,1569400559925,
 3.8923943,1569400560924,
 3.6422536,1569400561916,
 3.301972,1569400562921,
 3.0625353,1569400563920,
 3.2140846,1569400564928,
 3.5076056,1569400565928,
 3.668169,1569400566935,
 3.8957746,1569400567920,
 3.945352,1569400568923,
 3.84169,1569400569983,
 3.4895775,1569400570936,
 3.3701408,1569400571936,
 3.4647887,1569400572933,
 3.970141,1569400573923,
 4.7357745,1569400574932,
 4.628169,1569400575923,
 4.6056337,1569400576926,
 4.579718,1569400577933,
 4.4225354,1569400578931,
 4.2202816,1569400579930,
 4.059718,1569400580917,
 4.420282,1569400581929,
 4.647324,1569400582925,
 4.620845,1569400583922,
 4.5323944,1569400584914,
 4.3577466,1569400585929,
 4.1954927,1569400586925,
 4.032676,1569400587917,
 4.367324,1569400588916,
 4.5239434,1569400589913,
 4.6952114,1569400590909,
 4.8157744,1569400591922,
 4.7149296,1569400592922,
 4.5723944,1569400593923,
 4.3459153,1569400594924,
 4.1109858,1569400595922,
 3.9661973,1569400596924,
 3.524507,1569400597918,
 2.9791548,1569400598924,
 2.7149296,1569400599924,
 2.5611267,1569400600924,
 2.5797184,1569400601921,
 2.8687325,1569400602916,
 3.3802817,1569400603920,
 3.4529576,1569400604919,
 3.6749296,1569400605918,
 3.5577464,1569400606920,
 3.0901408,1569400607928,
 3.1121128,1569400608940,
 3.468169,1569400609918,
 3.4304225,1569400610919,
 3.4011269,1569400611918,
 3.6242254,1569400612916,
 4.047324,1569400613913,
 4.2343664,1569400614913,
 4.1261973,1569400615915,
 3.6597183,1569400616918,
 2.8822534,1569400617921,
 2.9532394,1569400618917,
 2.8766198,1569400619925,
 3.5160563,1569400620908,
 3.5538027,1569400621917,
 3.590986,1569400622921,
 4.4276056,1569400623919,
 5.104225,1569400624920,
 5.1019716,1569400625921,
 5.024789,1569400626921,
 4.9594364,1569400627938,
 4.875493,1569400628921,
 4.777465,1569400629929,
 4.6749296,1569400630923,
 4.361127,1569400631918,
 4.291831,1569400632923,
 4.3138027,1569400633930,
 4.4985914,1569400634931,
 4.6659155,1569400635927,
 4.8045073,1569400636926,
 4.7346478,1569400637930,
 4.6461973,1569400638931,
 4.569014,1569400639929,
 4.4676056,1569400640925,
 3.8749297,1569400641925,
 3.6270423,1569400642921,
 3.2923944,1569400644013,
 3.0022535,1569400644917,
 3.8614085,1569400645915,
 4.618592,1569400646938,
 4.8980284,1569400647913,
 5.103662,1569400648927,
 5.336901,1569400649924,
 5.559437,1569400650923,
 5.8090143,1569400651922,
 5.9470425,1569400652918,
 5.5115495,1569400653914,
 4.682817,1569400654922,
 4.2185917,1569400655912,
 3.8540845,1569400656922,
 3.8929577,1569400657922,
 4.2022533,1569400658914,
 4.429859,1569400659922,
 4.574648,1569400660907,
 4.6360564,1569400661915,
 4.3797183,1569400662921,
 4.429859,1569400663918,
 4.787042,1569400664919,
 5.1414084,1569400665966,
 5.193803,1569400666925,
 5.2202816,1569400667923,
 5.2546477,1569400668927,
 5.1757746,1569400669918,
 4.900845,1569400670927,
 4.6952114,1569400671921,
 4.5239434,1569400672923,
 4.5121126,1569400673925,
 4.623662,1569400674931,
 4.7205634,1569400675926,
 4.635493,1569400676924,
 4.4366198,1569400677918,
 4.317183,1569400678915,
 4.362817,1569400679919,
 4.173521,1569400680912,
 3.9560564,1569400681940,
 3.9915493,1569400682925,
 3.9966197,1569400683917,
 3.8901408,1569400684917,
 3.1126761,1569400685919,
 2.607324,1569400686917,
 2.169014,1569400687909,
 2.063662,1569400688916,
 2.0428169,1569400689917,
 1.9695774,1569400690929,
 0.6850704,1569400691931,
 0.44732395,1569400692922,
 0.5408451,1569400693916,
 1.2585915,1569400694918,
 0.93464786,1569400695919,
 0.8569014,1569400696921,
 1.451831,1569400697924,
 1.6180282,1569400698927,
 1.6997184,1569400699937,
 1.804507,1569400700912,
 2.4112675,1569400701925,
 3.0760562,1569400702918,
 3.2332394,1569400703919,
 3.259155,1569400704920,
 3.2202816,1569400705930,
 2.976338,1569400706922,
 2.96,1569400707920,
 3.188169,1569400708918,
 3.2050705,1569400709920,
 3.63831,1569400710915,
 4.2242255,1569400711912,
 4.4292955,1569400712907,
 4.401127,1569400713908,
 4.3605633,1569400714907,
 4.293521,1569400715910,
 4.216338,1569400716911,
 4.134648,1569400717916,
 4.0957747,1569400718912,
 3.931831,1569400719910,
 3.915493,1569400720934,
 4.668732,1569400721908,
 5.064789,1569400722909,
 5.2495775,1569400723912,
 5.2692957,1569400724911,
 5.2794366,1569400725914,
 5.104789,1569400726915,
 4.9650702,1569400727915,
 4.7149296,1569400728918,
 4.5707045,1569400729912,
 4.588169,1569400730917,
 4.633803,1569400731917,
 4.4895773,1569400732919,
 4.5487323,1569400733917,
 4.661972,1569400734916,
 4.7938027,1569400735912,
 4.764507,1569400736914,
 4.649014,1569400737917,
 4.447324,1569400738941,
 3.9892957,1569400739917,
 3.7532394,1569400740911,
 3.96,1569400741917,
 4.0732393,1569400742914,
 4.3684506,1569400743920,
 4.662535,1569400744917,
 4.906479,1569400745925,
 5.1104226,1569400746911,
 5.1723943,1569400747916,
 5.437183,1569400748915,
 5.338028,1569400749912,
 5.093521,1569400750911,
 4.7515492,1569400751908,
 4.3769016,1569400752920,
 4.073803,1569400753920,
 4.103662,1569400754916,
 4.0895777,1569400755917,
 4.083944,1569400756921,
 4.0140843,1569400757913,
 3.8794367,1569400758964,
 3.515493,1569400759919,
 3.2732394,1569400760921,
 3.8704226,1569400761918,
 4.2642255,1569400762917,
 4.816901,1569400763921,
 4.9887323,1569400764920,
 5.0084505,1569400765921,
 4.882817,1569400766913,
 4.7154927,1569400767915,
 4.5166197,1569400768916,
 4.365634,1569400769912,
 4.415211,1569400770911,
 4.8090143,1569400771916,
 4.697465,1569400772919,
 4.6709857,1569400773920,
 4.4957747,1569400774923,
 4.459155,1569400775906,
 4.444507,1569400776935,
 4.647324,1569400777911,
 4.6715493,1569400778912,
 4.7932396,1569400779911,
 4.8935213,1569400780919,
 4.835493,1569400781928,
 4.575211,1569400782924,
 4.204507,1569400783921,
 3.834366,1569400784922,
 3.552676,1569400785925,
 3.3025353,1569400786925,
 2.8169014,1569400787922,
 2.7577465,1569400788927,
 2.774648,1569400789915,
 2.9842253,1569400790925,
 3.3138027,1569400791922,
 2.9419718,1569400792924,
 3.0259154,1569400793925,
 2.9323943,1569400794924,
 3.12,1569400795916,
 3.2349296,1569400796929,
 3.16,1569400797914,
 3.2276056,1569400798930,
 3.1543663,1569400799920,
 2.8698592,1569400800918,
 2.5740845,1569400801919,
 2.5504224,1569400802915,
 3.3960564,1569400803910,
 3.522817,1569400804905,
 3.490141,1569400805915,
 3.5132394,1569400806916,
 3.7504225,1569400807910,
 4.3160563,1569400808919,
 4.76169,1569400809902,
 4.8478875,1569400810920,
 4.841127,1569400811916,
 4.6552114,1569400812909,
 4.4478874,1569400813913,
 4.3194366,1569400814911,
 4.464789,1569400815921,
 4.4197183,1569400816914,
 4.2569013,1569400817922,
 4.0957747,1569400818910,
 3.8670423,1569400819920,
 3.8377464,1569400820913,
 3.8873239,1569400821913,
 4.4321127,1569400822925,
 5.1752114,1569400823921,
 5.5870423,1569400824920,
 5.7949295,1569400825920,
 5.6647887,1569400826924,
 5.336338,1569400827914,
 5.115493,1569400828922,
 5.1216903,1569400829923,
 5.292394,1569400830921,
 5.28,1569400831928,
 5.138028,1569400832923,
 4.68169,1569400833918,
 3.7138028,1569400834930,
 2.930704,1569400835917,
 2.4467607,1569400836910,
 2.357183,1569400837937,
 3.0687325,1569400838910,
 4.0461974,1569400839913,
 4.8338027,1569400840901,
 5.272113,1569400841912,
 5.441127,1569400842917,
 5.702535,1569400843922,
 5.8935213,1569400844922,
 6.0259156,1569400845924,
 5.955493,1569400846917,
 5.637183,1569400847914,
 5.3340845,1569400848917,
 5.0585914,1569400849906,
 4.495211,1569400850914,
 4.060845,1569400851915,
 3.6377466,1569400852914,
 3.265352,1569400853915,
 3.1323943,1569400854914,
 3.1723943,1569400855907,
 3.7757747,1569400856929,
 4.222535,1569400857905,
 4.152676,1569400858910,
 4.006197,1569400859913,
 3.7538028,1569400860900,
 3.4569013,1569400861913,
 3.3797183,1569400862911,
 3.5780282,1569400863913,
 3.5774648,1569400864925,
 4.2332397,1569400865914,
 4.0816903,1569400866915,
 3.9605634,1569400867907,
 3.970141,1569400868911,
 3.886197,1569400869910,
 3.7194366,1569400870930,
 4.55831,1569400871914,
 5.3177466,1569400872912,
 5.244507,1569400873918,
 5.3780284,1569400874909,
 5.662535,1569400875907,
 5.530141,1569400876952,
 5.20338,1569400877908,
 5.0467606,1569400878907,
 4.940282,1569400879908,
 4.9183097,1569400880914,
 4.835493,1569400881921,
 4.7577467,1569400882919,
 4.5904226,1569400883917,
 4.489014,1569400884911,
 4.569014,1569400885911,
 4.592676,1569400886916,
 4.3549294,1569400887911,
 3.9876056,1569400888913,
 3.7239437,1569400889907,
 3.7729578,1569400890916,
 4.2095776,1569400891912,
 4.792113,1569400892910,
 5.2411265,1569400893904,
 5.397183,1569400894922,
 5.282817,1569400895917,
 4.8388734,1569400896909,
 3.974648,1569400897904,
 3.6574647,1569400898908,
 3.5092957,1569400899912,
 3.7121127,1569400900904,
 3.7025352,1569400901912,
 3.7983098,1569400902912,
 4.3532395,1569400903911,
 4.380282,1569400904912,
 4.842817,1569400905917,
 5.5211267,1569400906911,
 5.9025354,1569400907909,
 5.612958,1569400908901,
 5.5087323,1569400909907,
 5.0721126,1569400910901,
 4.92169,1569400911906,
 4.729014,1569400912896,
 4.7892957,1569400913900,
 4.559437,1569400914925,
 4.409014,1569400915902,
 4.47493,1569400916911,
 4.687324,1569400917923,
 4.9369016,1569400918911,
 5.023662,1569400919915,
 5.1295776,1569400920913,
 5.1785917,1569400921914,
 5.1915493,1569400922919,
 5.379155,1569400923918,
 5.4574647,1569400924914,
 5.325634,1569400925918,
 5.128451,1569400926912,
 4.965634,1569400927900,
 4.15831,1569400928908,
 3.4321127,1569400929908,
 3.133521,1569400930909,
 2.7487323,1569400931909,
 2.783662,1569400932897,
 3.7138028,1569400933928,
 4.52507,1569400934911,
 5.138592,1569400935917,
 5.3876057,1569400936906,
 5.4439435,1569400937957,
 5.169014,1569400938914,
 5.1853523,1569400939911,
 5.4822536,1569400940908,
 5.7194366,1569400941915,
 5.855775,1569400942912,
 5.7746477,1569400943913,
 5.5059156,1569400944909,
 5.232113,1569400945900,
 4.8642254,1569400946908,
 4.5870423,1569400947903,
 4.247887,1569400948900,
 4.1121125,1569400949909,
 4.222535,1569400950910,
 4.1025352,1569400951905,
 4.043944,1569400952902,
 3.9425352,1569400953924,
 3.6321127,1569400954901,
 3.3476057,1569400955911,
 3.742535,1569400956910,
 3.9459155,1569400957900,
 4.28,1569400958900,
 3.9442253,1569400959909,
 3.7594366,1569400960896,
 3.8107042,1569400961904,
 3.6749296,1569400962900,
 3.6670423,1569400963892,
 3.557183,1569400964904,
 3.964507,1569400965895,
 4.266479,1569400966901,
 4.4495773,1569400967910,
 4.761127,1569400968916,
 4.674366,1569400969906,
 4.5414085,1569400970916,
 4.381408,1569400971902,
 4.1707044,1569400972898,
 4.302535,1569400973897,
 4.2569013,1569400974903,
 4.466479,1569400975906,
 4.465352,1569400976901,
 4.312113,1569400977907,
 4.297465,1569400978913,
 4.2597184,1569400979911,
 4.16,1569400980903,
 4.019718,1569400981903,
 3.896338,1569400982903,
 3.7616901,1569400983908,
 3.4985917,1569400984905,
 3.1053522,1569400985908,
 3.1019719,1569400986906,
 3.4811268,1569400987899,
 3.8247888,1569400988905,
 3.8259156,1569400989903,
 3.8805635,1569400990905,
 3.9419718,1569400991908,
 4.000563,1569400992905,
 3.7938027,1569400993908,
 3.5092957,1569400994905,
 3.2619717,1569400995904,
 3.3583097,1569400996902,
 3.5802817,1569400997908,
 3.6574647,1569400998898,
 3.613521,1569400999901,
 3.9385915,1569401000897,
 4.3352113,1569401001889,
 4.5521126,1569401002898,
 4.940282,1569401003903,
 5.2157745,1569401004898,
 5.389859,1569401005894,
 5.5177464,1569401006908,
 5.1954927,1569401007898,
 5.1132393,1569401008899,
 4.886197,1569401009900,
 4.592676,1569401010897,
 4.35662,1569401011901,
 4.228169,1569401012913,
 4.2230988,1569401013901,
 4.2095776,1569401014900,
 4.1019716,1569401015901,
 4.047324,1569401016894,
 4.0371833,1569401017896,
 3.9346478,1569401018907,
 3.88169,1569401019907,
 3.8794367,1569401020899,
 3.7825353,1569401021899,
 2.7290142,1569401022906,
 1.7335211,1569401023896,
 1.4529577,1569401024896,
 1.3261971,1569401025900,
 1.7521126,1569401026900,
 1.699155,1569401027905,
 1.3278873,1569401028899,
 1.6292958,1569401029894,
 1.9430985,1569401030892,
 1.4833803,1569401031896,
 0.7492958,1569401032921,
 0.30535212,1569401035903,
 1.0484507,1569401036895,
 1.2828169,1569401037897,
 0.7543662,1569401038897,
 1.0005634,1569401055895,
 1.5498592,1569401056905,
 1.903662,1569401057901,
 2.268169,1569401058898,
 2.6,1569401059898,
 2.6704226,1569401060895,
 2.5898592,1569401061897,
 2.5470424,1569401062897,
 2.4078872,1569401063896,
 2.0895774,1569401064897,
 2.1864789,1569401065894,
 3.2732394,1569401066900,
 3.9678874,1569401067890,
 4.336338,1569401068908,
 4.6985917,1569401069898,
 4.83662,1569401070902,
 4.8647885,1569401071915,
 4.8388734,1569401072903,
 4.842817,1569401073900,
 5.162817,1569401074892,
 5.5960565,1569401075899,
 5.579155,1569401076896,
 5.330141,1569401077894,
 5.1430984,1569401078901,
 4.891268,1569401079901,
 4.5825353,1569401080896,
 3.9791548,1569401081901,
 3.165634,1569401082904,
 2.642817,1569401083899,
 2.8247888,1569401084902,
 3.294648,1569401085903,
 3.788169,1569401086902,
 3.9459155,1569401087908,
 3.8338027,1569401088899,
 3.6416903,1569401089891,
 3.24,1569401090927,
 3.2484508,1569401091903,
 3.660845,1569401092905,
 4.380282,1569401093892,
 4.6715493,1569401094903,
 4.740845,1569401095905,
 4.4726763,1569401096898,
 4.648451,1569401097900,
 4.24,1569401098893,
 4.08,1569401099900,
 3.9447887,1569401100896,
 4.1402817,1569401101905,
 4.80169,1569401102907,
 4.9459157,1569401103893,
 4.867042,1569401104905,
 4.6405635,1569401105896,
 4.4439435,1569401106906,
 4.450704,1569401107902,
 4.48,1569401108889,
 4.2405634,1569401109916,
 4.0287323,1569401110903,
 4.0867605,1569401111897,
 4.099155,1569401112905,
 4.0405636,1569401113899,
 3.8833802,1569401114899,
 4.1752114,1569401115900,
 4.088451,1569401116900,
 3.9949296,1569401117904,
 3.809014,1569401118898,
 3.4343662,1569401119906,
 3.1802816,1569401120908,
 3.3977466,1569401121899,
 3.9211268,1569401122905,
 4.03831,1569401123901,
 4.682817,1569401124912,
 4.9628167,1569401125905,
 4.9397182,1569401126913,
 4.579718,1569401127900,
 4.2230988,1569401128899,
 3.9532394,1569401129942,
 3.9870422,1569401130901,
 4.1701407,1569401131902,
 5.425352,1569401132889,
 5.7904224,1569401133893,
 5.6777463,1569401134898,
 5.614648,1569401135899,
 5.7250705,1569401136901,
 5.831549,1569401137903,
 5.5121126,1569401138897,
 5.3487325,1569401139897,
 5.157183,1569401140895,
 5.042817,1569401141900,
 4.6969013,1569401142906,
 4.540282,1569401143896,
 4.6005635,1569401144908,
 4.8923945,1569401145905,
 5.3487325,1569401146900,
 5.2704225,1569401147897,
 5.2405634,1569401148926,
 5.2450705,1569401149907,
 5.1656337,1569401150906,
 5.186479,1569401151906,
 5.1278872,1569401152911,
 5.0816903,1569401153904,
 4.9515495,1569401154902,
 4.522817,1569401155902,
 3.9470422,1569401156903,
 3.660845,1569401157905,
 3.2107043,1569401158895,
 2.8135211,1569401159896,
 2.5898592,1569401160899,
 2.6647887,1569401161897,
 3.4692957,1569401162907,
 4.0659156,1569401163895,
 4.4760566,1569401164905,
 4.9819717,1569401165894,
 5.3098593,1569401166932,
 5.608451,1569401167907,
 5.663099,1569401168898,
 5.414648,1569401169906,
 5.2185917,1569401170905,
 5.084507,1569401171906,
 4.988169,1569401172897,
 4.854648,1569401173897,
 4.739155,1569401174901,
 4.580845,1569401175899,
 4.4484506,1569401176898,
 3.8484507,1569401177894,
 3.0557747,1569401178897,
 2.5447888,1569401179896,
 2.6157746,1569401180904,
 3.1369014,1569401181902,
 3.7842255,1569401182904,
 3.7307043,1569401183893,
 3.7442253,1569401184900,
 3.9464788,1569401185911,
 3.7092957,1569401186905,
 3.3825352,1569401187901,
 3.4450705,1569401188897,
 4.7346478,1569401189903,
 5.2659154,1569401190900,
 5.059718,1569401191903,
 4.885634,1569401192916,
 4.5825353,1569401193898,
 4.0664787,1569401194895,
 3.7887323,1569401195895,
 3.6890142,1569401196900,
 4.9087324,1569401197901,
 5.647887,1569401198901,
 5.552676,1569401199911,
 5.3842254,1569401200903,
 4.960563,1569401201899,
 4.7887325,1569401202890,
 4.762817,1569401203881,
 4.6557746,1569401204890,
 4.764507,1569401205895,
 4.7504225,1569401206905,
 4.499155,1569401207902,
 4.494648,1569401208903,
 4.570141,1569401209900,
 4.5864787,1569401210902,
 4.3887324,1569401211899,
 3.6952112,1569401212897,
 3.259155,1569401213906,
 3.0985916,1569401214908,
 3.0338027,1569401215906,
 3.3402817,1569401216902,
 3.5115492,1569401217904,
 3.4963381,1569401218900,
 3.3757746,1569401219904,
 3.2907043,1569401220903,
 3.6185915,1569401221910,
 3.6625352,1569401222898,
 4.128451,1569401223897,
 4.3633804,1569401224896,
 4.699155,1569401225902,
 4.764507,1569401226893,
 4.7149296,1569401227894,
 4.650141,1569401228890,
 4.55831,1569401229891,
 4.4625354,1569401230895,
 4.291831,1569401231898,
 4.5115495,1569401232902,
 4.738028,1569401233908,
 5.1402817,1569401234897,
 5.3695774,1569401235895,
 5.24,1569401236894,
 5.024789,1569401237902,
 5.038873,1569401238899,
 4.974648,1569401239909,
 4.6901407,1569401240903,
 4.2659154,1569401241901,
 4.163944,1569401242903,
 4.293521,1569401243898,
 4.366197,1569401244903,
 4.762817,1569401245905,
 5.1194367,1569401246912,
 5.1859155,1569401247897,
 5.0676055,1569401248906,
 4.9222536,1569401249905,
 4.303662,1569401250898,
 3.6597183,1569401251902,
 3.366197,1569401252899,
 3.056338,1569401253895,
 2.9622536,1569401254903,
 3.268169,1569401255906,
 3.456338,1569401256897,
 3.9419718,1569401257902,
 4.3932395,1569401258900,
 4.8276057,1569401259900,
 4.9076056,1569401260898,
 4.7707043,1569401261897,
 4.6495776,1569401262899,
 4.508169,1569401263886,
 4.348169,1569401264899,
 4.173521,1569401265954,
 3.8208451,1569401266898,
 3.3014085,1569401267895,
 2.8433802,1569401268894,
 2.690141,1569401269888,
 2.771831,1569401270890,
 2.849014,1569401271889,
 2.7650704,1569401272891,
 2.7205634,1569401273893,
 2.6157746,1569401274894,
 2.5504224,1569401275897,
 2.6022534,1569401276897,
 2.950986,1569401277894,
 3.096338,1569401278896,
 3.4219718,1569401279903,
 3.6123943,1569401280896,
 4.049577,1569401281887,
 4.4940844,1569401282887,
 4.6259155,1569401283891,
 4.8450704,1569401284895,
 4.5695777,1569401285897,
 4.416338,1569401286895,
 3.690704,1569401287897,
 3.3369014,1569401288891,
 3.1239436,1569401289889,
 3.0180283,1569401290895,
 3.7847888,1569401291897,
 4.038873,1569401292895,
 3.9374647,1569401293901,
 3.8929577,1569401294903,
 3.6771832,1569401295903,
 3.4445071,1569401296891,
 3.4050703,1569401297885,
 3.4715493,1569401298890,
 3.5278873,1569401299887,
 4.0907044,1569401300888,
 4.5611267,1569401301892,
 5.059155,1569401302892,
 4.99831,1569401303901,
 4.868169,1569401304896,
 4.7577467,1569401305898,
 4.6247888,1569401306901,
 4.1278872,1569401307900,
 3.6687324,1569401308899,
 3.416338,1569401309900,
 3.3194366,1569401310898,
 3.4185915,1569401311906,
 3.7943661,1569401312896,
 3.9160564,1569401313895,
 3.9504225,1569401314897,
 4.1369014,1569401315901,
 4.122817,1569401316896,
 4.0805635,1569401317889,
 4.024789,1569401318902,
 3.731831,1569401319903,
 3.388169,1569401320892,
 3.4721127,1569401321897,
 3.7030985,1569401322888,
 3.7014084,1569401323882,
 3.6540844,1569401324892,
 3.6360564,1569401325884,
 3.6005633,1569401326886,
 3.5160563,1569401327886,
 4.2107043,1569401328893,
 4.828169,1569401329887,
 5.013521,1569401330892,
 5.346479,1569401331896,
 5.4174647,1569401332887,
 5.281127,1569401333893,
 5.023662,1569401334896,
 4.72,1569401335898,
 4.454648,1569401336900,
 4.148732,1569401337899,
 4.218028,1569401338900,
 4.167324,1569401339898,
 4.149859,1569401340899,
 4.6850705,1569401341899,
 4.8602815,1569401342893,
 4.777465,1569401343940,
 4.8084507,1569401344896,
 4.9650702,1569401345899,
 5.233803,1569401346896,
 5.35662,1569401347900,
 5.2011266,1569401348904,
 5.0259156,1569401349895,
 4.610141,1569401350896,
 3.8602817,1569401351901,
 3.5233803,1569401352899,
 3.259155,1569401353900,
 2.9521127,1569401354900,
 3.0794365,1569401355896,
 3.1571832,1569401356897,
 3.2642252,1569401357903,
 3.5188732,1569401358898,
 4.260845,1569401359896,
 4.3340845,1569401360898,
 4.6923943,1569401361888,
 4.9340844,1569401362915,
 4.8112674,1569401363904,
 4.856338,1569401364898,
 5.11831,1569401365895,
 5.0230985,1569401366895,
 4.8935213,1569401367897,
 4.8078876,1569401368883,
 4.602817,1569401369897,
 3.8726761,1569401370893,
 3.44,1569401371889,
 3.306479,1569401372888,
 3.1684506,1569401373894,
 2.8056338,1569401374894,
 2.463662,1569401375895,
 2.781972,1569401376880,
 3.1419718,1569401377885,
 3.3847888,1569401378908,
 3.6056337,1569401379888,
 3.828169,1569401380890,
 3.9025352,1569401381913,
 3.7960563,1569401382900,
 3.508169,1569401383899,
 3.309859,1569401384896,
 3.1887324,1569401385894,
 3.1177466,1569401386895,
 3.0439436,1569401387898,
 2.244507,1569401388896,
 1.5267606,1569401389886,
 0.81014085,1569401390892,
 0.6873239,1569401392890,
 1.0422535,1569401393887,
 1.2202817,1569401394886,
 1.0625352,1569401395897,
 1.0298592,1569401396895,
 1.0557747,1569401397880,
 1.0439436,1569401398881,
 1.3538028,1569401399885,
 1.2523943,1569401400884,
 0.76112676,1569401401872,
 0.49070424,1569401407896,
 0.62985915,1569401408887,
 0.53521127,1569401411886,
 0.6997183,1569401412888,
 0.72056335,1569401413902,
 0.52450705,1569401414900,
 0.45352113,1569401415906,
 0.5250704,1569401417884,
 0.84,1569401418886,
 0.44225353,1569401421882,
 0.6614084,1569401422888,
 0.36112675,1569401423883,
