 0.0050704223,1577001131439,
 0.01915493,1577001132228,
 0.0056338026,1577001133215,
 0.021971831,1577001134239,
 0.01802817,1577001135234,
 0.0135211265,1577001136224,
 0.011267605,1577001137219,
 0.014084507,1577001138205,
 0.009014085,1577001139237,
 0.006197183,1577001140202,
 0.014084507,1577001141462,
 0.02028169,1577001142166,
 0.014084507,1577001143168,
 0.023661971,1577001144240,
 0.03605634,1577001145172,
 0.0135211265,1577001146169,
 0.028732395,1577001147171,
 0.0135211265,1577001148168,
 0.014084507,1577001149163,
 0.015211267,1577001150189,
 0.0135211265,1577001151167,
 0.0056338026,1577001152169,
 0.0033802816,1577001153175,
 0.017464789,1577001154174,
 0.0135211265,1577001155170,
 0.0067605632,1577001156172,
 0.017464789,1577001157171,
 0.01971831,1577001158170,
 0.023098592,1577001159169,
 0.0016901408,1577001160163,
 0.015774649,1577001161162,
 0.0056338026,1577001162167,
 0.012957746,1577001163167,
 0.009577465,1577001164165,
 0.0073239435,1577001165166,
 0.0135211265,1577001166168,
 0.007887324,1577001167165,
 0.015211267,1577001168167,
 0.011830986,1577001169170,
 0.02084507,1577001170170,
 0.007887324,1577001171162,
 0.0016901408,1577001172161,
 0.023661971,1577001173161,
 0.0045070425,1577001174166,
 0.024225352,1577001175164,
 0.009577465,1577001176156,
 0.017464789,1577001177159,
 0.0011267606,1577001178155,
 0.027605634,1577001179168,
 0.0028169013,1577001180177,
 0.01915493,1577001181163,
 0.009014085,1577001182161,
 0.0056338026,1577001183162,
 0.009577465,1577001184160,
 0.003943662,1577001185159,
 0.009577465,1577001186160,
 0.0028169013,1577001187158,
 0.031549297,1577001188161,
 0.017464789,1577001189166,
 0.009577465,1577001190162,
 0.0033802816,1577001191162,
 0.32732394,1577001192170,
 0.72788733,1577001193172,
 1.0985916,1577001194164,
 1.2039436,1577001195168,
 1.0095775,1577001196167,
 0.05971831,1577001197157,
 0.011267605,1577001198159,
 0.007887324,1577001199159,
 0.33746478,1577001200164,
 0.8270423,1577001201164,
 1.2169014,1577001202165,
 2.0940845,1577001203165,
 2.7239437,1577001204166,
 2.6715493,1577001205166,
 2.5521126,1577001206167,
 3.0484507,1577001207162,
 3.950986,1577001208165,
 4.6507044,1577001209160,
 4.8890142,1577001210165,
 5.623662,1577001211154,
 6.242817,1577001212166,
 6.911549,1577001213163,
 7.534648,1577001214166,
 7.8101406,1577001215163,
 8.117183,1577001216160,
 7.986479,1577001217159,
 7.7154927,1577001218160,
 7.3695774,1577001219167,
 6.8140845,1577001220166,
 5.6850705,1577001221168,
 4.9425354,1577001222171,
 4.634366,1577001223170,
 4.5819716,1577001224166,
 4.971831,1577001225165,
 5.3092957,1577001226166,
 5.707042,1577001227167,
 6.055211,1577001228165,
 6.2946477,1577001229158,
 5.4180284,1577001230169,
 4.92169,1577001231168,
 4.4259157,1577001232166,
 3.952676,1577001233165,
 3.2084508,1577001234167,
 2.6969013,1577001235164,
 2.7261972,1577001236163,
 3.6270423,1577001237166,
 4.056338,1577001238165,
 4.459718,1577001239165,
 4.854648,1577001240168,
 5.15831,1577001241167,
 5.613521,1577001242167,
 6.16338,1577001243166,
 6.931831,1577001244168,
 7.564507,1577001245169,
 7.908169,1577001246169,
 8.15831,1577001247162,
 8.3678875,1577001248168,
 8.63493,1577001249167,
 8.8225355,1577001250165,
 8.838873,1577001251167,
 9.108732,1577001252169,
 9.386478,1577001253171,
 9.353239,1577001254169,
 9.3340845,1577001255168,
 9.268169,1577001256171,
 9.273239,1577001257167,
 9.282253,1577001258166,
 9.347042,1577001259172,
 9.35831,1577001260168,
 9.4354925,1577001261168,
 8.842817,1577001262165,
 7.1808453,1577001263168,
 6.4878874,1577001264169,
 5.6997185,1577001265168,
 5.5340843,1577001266163,
 5.0760565,1577001267167,
 4.4478874,1577001268167,
 3.685634,1577001269163,
 2.866479,1577001270173,
 2.2794366,1577001271170,
 1.729014,1577001272166,
 1.0411267,1577001273167,
 0.69859153,1577001274168,
 0.1284507,1577001275164,
 0.028732395,1577001276163,
 0.02028169,1577001277163,
 0.011830986,1577001278160,
 0.007887324,1577001279160,
 0.010140845,1577001280159,
 0.008450705,1577001281157,
 0.023098592,1577001282165,
 0.014084507,1577001283158,
 0.0073239435,1577001284159,
 0.01690141,1577001285157,
 0.012394366,1577001286157,
 0.008450705,1577001287152,
 0.011830986,1577001288155,
 0.0056338026,1577001289154,
 0.023098592,1577001290156,
 0.007887324,1577001291157,
 0.0016901408,1577001292156,
 0.0135211265,1577001293157,
 0.7819718,1577001294164,
 1.7177465,1577001295177,
 2.6078873,1577001296172,
 3.5447888,1577001297173,
 4.4715495,1577001298172,
 5.3938026,1577001299171,
 5.8980284,1577001300186,
 6.034366,1577001301174,
 6.425352,1577001302177,
 7.049014,1577001303173,
 7.4687324,1577001304177,
 7.0349298,1577001305174,
 6.348169,1577001306173,
 5.740845,1577001307169,
 5.5723944,1577001308169,
 6.024789,1577001309168,
 6.6360564,1577001310174,
 6.4704227,1577001311169,
 5.4422536,1577001312177,
 4.651831,1577001313170,
 4.0856338,1577001314169,
 3.9076056,1577001315172,
 4.163944,1577001316167,
 4.424789,1577001317170,
 4.5121126,1577001318174,
 4.0630984,1577001319168,
 3.4140844,1577001320166,
 2.7780282,1577001321171,
 2.8366196,1577001322166,
 3.016338,1577001323169,
 3.6895776,1577001324168,
 4.6095777,1577001325166,
 5.6760564,1577001326167,
 6.900845,1577001327163,
 7.8980284,1577001328180,
 8.854648,1577001329175,
 9.651831,1577001330178,
 10.617465,1577001331175,
 11.35493,1577001332168,
 11.8732395,1577001333171,
 12.327324,1577001334169,
 12.76507,1577001335168,
 12.171831,1577001336169,
 11.201127,1577001337172,
 10.48507,1577001338165,
 10.100282,1577001339172,
 10.376338,1577001340169,
 10.455774,1577001341169,
 10.356056,1577001342176,
 10.401127,1577001343173,
 10.593802,1577001344172,
 10.789296,1577001345171,
 11.030422,1577001346167,
 10.964507,1577001347164,
 11.084507,1577001348160,
 11.52338,1577001349164,
 11.784225,1577001350172,
 12.1543665,1577001351167,
 12.07662,1577001352167,
 12.127324,1577001353178,
 12.053521,1577001354176,
 11.676056,1577001355171,
 10.1205635,1577001356163,
 9.229296,1577001357166,
 8.583098,1577001358167,
 8.460845,1577001359167,
 8.764507,1577001360179,
 9.019155,1577001361172,
 9.526197,1577001362170,
 9.696901,1577001363171,
 9.450141,1577001364170,
 9.431549,1577001365169,
 9.225352,1577001366170,
 9.016901,1577001367165,
 8.776338,1577001368168,
 8.576338,1577001369167,
 7.9712677,1577001370172,
 7.818028,1577001371166,
 7.5876055,1577001372175,
 7.4467607,1577001373175,
 7.1605635,1577001374172,
 6.747042,1577001375171,
 6.772958,1577001376171,
 7.322817,1577001377168,
 8.117746,1577001378166,
 8.935775,1577001379169,
 9.492958,1577001380168,
 9.63493,1577001381171,
 9.757183,1577001382168,
 9.450705,1577001383167,
 9.122817,1577001384171,
 8.681127,1577001385168,
 7.8422537,1577001386172,
 7.4050703,1577001387170,
 7.1205635,1577001388170,
 7.8439436,1577001389164,
 8.658591,1577001390172,
 9.073803,1577001391168,
 9.23493,1577001392171,
 8.648451,1577001393174,
 7.72169,1577001394183,
 7.230986,1577001395174,
 7.3549294,1577001396170,
 8.054647,1577001397174,
 8.43493,1577001398167,
 7.6602817,1577001399167,
 6.966197,1577001400170,
 7.0625353,1577001401169,
 7.2022533,1577001402176,
 7.0969014,1577001403177,
 6.4287324,1577001404173,
 5.6670423,1577001405171,
 5.0411267,1577001406184,
 4.8287325,1577001407164,
 4.948169,1577001408170,
 5.367324,1577001409171,
 5.6078873,1577001410174,
 5.006197,1577001411174,
 4.7932396,1577001412169,
 3.0411267,1577001413172,
 0.68,1577001414169,
 0.03887324,1577001415169,
 0.016338028,1577001416167,
 0.01690141,1577001417169,
 0.010140845,1577001418163,
 0.015774649,1577001419174,
 0.0073239435,1577001420180,
 0.024225352,1577001421168,
 0.029859155,1577001422166,
 0.123943664,1577001423164,
 0.034366198,1577001424167,
 0.003943662,1577001425161,
 0.0371831,1577001426174,
 0.3143662,1577001427177,
 1.8698591,1577001428175,
 2.8969014,1577001429177,
 3.731831,1577001430174,
 4.563944,1577001431167,
 4.6123943,1577001432170,
 4.1740847,1577001433166,
 3.7712677,1577001434168,
 3.4630985,1577001435168,
 2.6974647,1577001436159,
 2.0394366,1577001437162,
 1.5915493,1577001438166,
 2.1002817,1577001439159,
 2.8614085,1577001440164,
 3.3442254,1577001441162,
 2.5340846,1577001442166,
 1.771831,1577001443161,
 1.675493,1577001444160,
 2.432676,1577001445159,
 3.3295774,1577001446166,
 4.139155,1577001447159,
 4.886197,1577001448159,
 3.1723943,1577001449168,
 2.712676,1577001450173,
 2.96,1577001451168,
 3.4569013,1577001452166,
 3.8873239,1577001453170,
 4.410704,1577001454166,
 5.1261973,1577001455168,
 5.300845,1577001456167,
 4.629859,1577001457169,
 3.6078873,1577001458162,
 2.299155,1577001459163,
 1.4923943,1577001460165,
 1.3707042,1577001461164,
 1.8698591,1577001462169,
 2.7194366,1577001463168,
 3.4388733,1577001464167,
 4.24169,1577001465163,
 4.618028,1577001466167,
 4.861972,1577001467168,
 4.5723944,1577001468171,
 5.183662,1577001469168,
 5.287887,1577001470166,
 5.8794365,1577001471168,
 5.802817,1577001472169,
 5.575211,1577001473170,
 6.2185917,1577001474174,
 6.268169,1577001475172,
 7.0585914,1577001476166,
 7.2585917,1577001477171,
 7.6264787,1577001478169,
 8.338028,1577001479168,
 8.724507,1577001480182,
 8.966197,1577001481176,
 8.749296,1577001482174,
 8.891831,1577001483171,
 9.140845,1577001484174,
 8.886761,1577001485170,
 8.730704,1577001486174,
 8.788169,1577001487172,
 8.652958,1577001488171,
 9.103662,1577001489176,
 9.668733,1577001490174,
 10.108732,1577001491177,
 10.409577,1577001492175,
 10.129578,1577001493184,
 10.0929575,1577001494168,
 10.115493,1577001495172,
 10.16169,1577001496170,
 10.1881695,1577001497173,
 10.220845,1577001498172,
 10.252395,1577001499172,
 10.268732,1577001500176,
 10.062535,1577001501177,
 9.962817,1577001502172,
 9.708733,1577001503171,
 9.494084,1577001504176,
 9.567324,1577001505167,
 9.587605,1577001506169,
 9.6659155,1577001507167,
 9.76507,1577001508170,
 9.782536,1577001509174,
 9.837183,1577001510177,
 9.943662,1577001511176,
 10.055775,1577001512173,
 10.345352,1577001513173,
 10.583098,1577001514171,
 10.788169,1577001515174,
 11.047887,1577001516170,
 11.27662,1577001517173,
 11.534648,1577001518166,
 11.060845,1577001519166,
 10.949296,1577001520167,
 11.063099,1577001521165,
 11.339718,1577001522174,
 11.499155,1577001523166,
 11.787605,1577001524172,
 12.111549,1577001525167,
 12.39493,1577001526168,
 12.491831,1577001527167,
 12.714366,1577001528174,
 12.385916,1577001529174,
 12.557183,1577001530172,
 12.960564,1577001531170,
 13.370705,1577001532171,
 13.834366,1577001533166,
 14.375212,1577001534167,
 14.852958,1577001535172,
 15.44,1577001536171,
 15.764507,1577001537170,
 15.371831,1577001538171,
 15.565634,1577001539169,
 15.906479,1577001540179,
 16.301971,1577001541173,
 16.660282,1577001542172,
 16.464788,1577001543169,
 16.650703,1577001544171,
 16.904789,1577001545160,
 17.219154,1577001546169,
 17.498028,1577001547171,
 17.839437,1577001548170,
 18.10648,1577001549164,
 18.379154,1577001550165,
 18.664225,1577001551163,
 18.95155,1577001552172,
 18.865353,1577001553173,
 18.369015,1577001554170,
 17.736338,1577001555172,
 17.07662,1577001556168,
 16.48338,1577001557172,
 15.973521,1577001558176,
 15.530141,1577001559174,
 15.08,1577001560177,
 14.498028,1577001561173,
 13.891831,1577001562174,
 13.325634,1577001563169,
 12.665352,1577001564176,
 12.339718,1577001565173,
 12.114367,1577001566173,
 11.774084,1577001567174,
 11.669295,1577001568174,
 11.653522,1577001569172,
 11.849578,1577001570179,
 12.178592,1577001571172,
 12.593802,1577001572172,
 12.998874,1577001573172,
 13.31493,1577001574166,
 13.157183,1577001575173,
 13.207888,1577001576172,
 12.805071,1577001577168,
 12.495774,1577001578166,
 12.375212,1577001579172,
 12.242817,1577001580165,
 12.135775,1577001581165,
 12.05014,1577001582171,
 11.949296,1577001583169,
 11.67324,1577001584166,
 11.415212,1577001585160,
 11.383099,1577001586163,
 11.371267,1577001587165,
 11.327324,1577001588166,
 11.346478,1577001589165,
 11.345916,1577001590169,
 11.472676,1577001591173,
 11.561127,1577001592164,
 11.709859,1577001593164,
 11.874929,1577001594175,
 12.071549,1577001595173,
 12.260282,1577001596163,
 12.471549,1577001597171,
 12.68169,1577001598173,
 12.968451,1577001599173,
 13.251831,1577001600199,
 13.074367,1577001601184,
 12.986479,1577001602172,
 13.006197,1577001603165,
 13.059718,1577001604169,
 12.850704,1577001605172,
 12.395493,1577001606175,
 12.111549,1577001607170,
 12.194366,1577001608169,
 12.035493,1577001609170,
 11.95155,1577001610171,
 11.930704,1577001611173,
 12.026479,1577001612174,
 11.9132395,1577001613174,
 11.6935215,1577001614164,
 10.361127,1577001615170,
 9.067606,1577001616168,
 8.658029,1577001617166,
 8.785352,1577001618168,
 9.1205635,1577001619171,
 9.254648,1577001620173,
 9.241127,1577001621166,
 9.181409,1577001622170,
 9.202253,1577001623170,
 9.118874,1577001624174,
 8.827043,1577001625157,
 8.216338,1577001626165,
 6.4585915,1577001627168,
 5.52507,1577001628164,
 5.385352,1577001629168,
 5.986479,1577001630174,
 6.2247887,1577001631172,
 7.12338,1577001632163,
 7.7053523,1577001633171,
 8.229296,1577001634169,
 8.719437,1577001635171,
 9.242817,1577001636170,
 9.736338,1577001637167,
 10.149859,1577001638168,
 10.412395,1577001639165,
 10.624788,1577001640170,
 10.849014,1577001641165,
 10.847324,1577001642170,
 10.60338,1577001643164,
 10.520563,1577001644165,
 10.447887,1577001645167,
 10.44338,1577001646165,
 10.48338,1577001647167,
 10.746479,1577001648171,
 11.103099,1577001649169,
 11.469859,1577001650167,
 11.870422,1577001651169,
 12.277184,1577001652166,
 12.71155,1577001653166,
 12.730141,1577001654165,
 12.860845,1577001655172,
 13.019718,1577001656167,
 13.20676,1577001657167,
 13.347606,1577001658166,
 13.491267,1577001659173,
 13.685634,1577001660168,
 13.842817,1577001661160,
 13.941408,1577001662162,
 14.104225,1577001663159,
 14.224789,1577001664159,
 14.368451,1577001665159,
 14.233239,1577001666163,
 14.218028,1577001667158,
 14.189296,1577001668157,
 13.849014,1577001669158,
 13.856901,1577001670158,
 13.965633,1577001671158,
 14.130704,1577001672153,
 14.299718,1577001673155,
 14.48169,1577001674155,
 14.673802,1577001675160,
 14.880564,1577001676157,
 14.892394,1577001677156,
 14.683944,1577001678160,
 14.6321125,1577001679163,
 14.525634,1577001680157,
 14.430985,1577001681168,
 14.345916,1577001682158,
 13.992113,1577001683154,
 13.883944,1577001684161,
 13.885633,1577001685156,
 13.885633,1577001686160,
 13.651268,1577001687159,
 13.042817,1577001688160,
 12.374084,1577001689159,
 11.506479,1577001690160,
 10.899718,1577001691159,
 10.296338,1577001692158,
 9.67324,1577001693162,
 9.094085,1577001694158,
 8.612958,1577001695158,
 8.0698595,1577001696160,
 7.9228168,1577001697156,
 7.9239435,1577001698155,
 7.9876056,1577001699155,
 8.0929575,1577001700156,
 7.9442253,1577001701152,
 6.6811266,1577001702158,
 5.348169,1577001703154,
 3.9594367,1577001704153,
 3.5622535,1577001705157,
 3.7216902,1577001706156,
 4.869859,1577001707158,
 6.27831,1577001708159,
 6.9284506,1577001709156,
 7.724507,1577001710157,
 7.9138026,1577001711163,
 8.242253,1577001712154,
 8.777465,1577001713159,
 9.287888,1577001714164,
 9.300845,1577001715163,
 9.081127,1577001716160,
 9.1988735,1577001717173,
 9.787605,1577001718160,
 10.412958,1577001719169,
 10.944789,1577001720166,
 11.512113,1577001721164,
 12.166197,1577001722162,
 12.578591,1577001723157,
 12.914366,1577001724161,
 13.138592,1577001725161,
 13.148732,1577001726165,
 13.312676,1577001727162,
 13.114929,1577001728162,
 13.209014,1577001729164,
 13.372395,1577001730159,
 13.205634,1577001731160,
 12.942535,1577001732167,
 12.641127,1577001733161,
 12.147606,1577001734159,
 11.631549,1577001735159,
 10.033239,1577001736161,
 8.697465,1577001737160,
 8.07662,1577001738167,
 7.7667603,1577001739162,
 7.407324,1577001740159,
 7.256338,1577001741154,
 7.0856338,1577001742158,
 6.841127,1577001743159,
 7.0952115,1577001744166,
 6.4,1577001745162,
 4.8602815,1577001746159,
 3.886197,1577001747158,
 3.7707043,1577001748158,
 4.6315494,1577001749158,
 6.0721126,1577001750167,
 7.404507,1577001751161,
 8.581972,1577001752154,
 9.747605,1577001753160,
 10.83831,1577001754162,
 11.722254,1577001755160,
 12.47662,1577001756164,
 13.345352,1577001757160,
 14.112676,1577001758162,
 14.02986,1577001759153,
 13.79155,1577001760156,
 13.861408,1577001761156,
 14.122817,1577001762163,
 14.480563,1577001763155,
 14.960564,1577001764158,
 15.436056,1577001765159,
 15.515493,1577001766160,
 15.60507,1577001767161,
 15.792112,1577001768164,
 15.789296,1577001769159,
 16.049013,1577001770154,
 16.397182,1577001771165,
 16.722816,1577001772158,
 16.511549,1577001773160,
 14.745352,1577001774165,
 12.148169,1577001775162,
 10.48676,1577001776158,
 10.204507,1577001777158,
 10.660282,1577001778160,
 11.031549,1577001779170,
 11.48338,1577001780162,
 12.023662,1577001781153,
 12.582535,1577001782161,
 13.192676,1577001783159,
 13.618591,1577001784158,
 13.667605,1577001785161,
 14.019155,1577001786161,
 14.305916,1577001787159,
 14.612394,1577001788156,
 14.848451,1577001789157,
 14.832676,1577001790165,
 14.732958,1577001791161,
 14.371831,1577001792162,
 13.968451,1577001793164,
 13.543098,1577001794164,
 13.121127,1577001795164,
 12.740845,1577001796165,
 12.416902,1577001797162,
 11.548169,1577001798169,
 9.7949295,1577001799163,
 7.967324,1577001800166,
 7.157183,1577001801165,
 7.0630984,1577001802164,
 7.8433805,1577001803161,
 8.8118305,1577001804165,
 9.766761,1577001805164,
 10.262535,1577001806163,
 10.881126,1577001807163,
 11.570704,1577001808162,
 12.091268,1577001809164,
 12.493521,1577001810162,
 13.00338,1577001811162,
 13.381409,1577001812162,
 13.393803,1577001813165,
 13.567324,1577001814161,
 13.746479,1577001815163,
 13.980282,1577001816167,
 14.218028,1577001817165,
 14.175211,1577001818162,
 14.16845,1577001819163,
 13.946479,1577001820161,
 12.203381,1577001821157,
 11.005633,1577001822166,
 10.701972,1577001823162,
 10.572394,1577001824162,
 10.718873,1577001825163,
 11.215775,1577001826173,
 11.84,1577001827165,
 12.514366,1577001828163,
 13.069296,1577001829163,
 13.15662,1577001830166,
 13.5814085,1577001831163,
 13.950986,1577001832159,
 14.212957,1577001833165,
 14.556056,1577001834169,
 14.732958,1577001835166,
 14.870986,1577001836163,
 15.179155,1577001837164,
 15.529014,1577001838164,
 15.597747,1577001839163,
 15.755493,1577001840166,
 15.887887,1577001841169,
 15.781408,1577001842164,
 15.656338,1577001843160,
 15.421409,1577001844162,
 14.331267,1577001845163,
 13.8,1577001846167,
 12.8456335,1577001847166,
 11.916057,1577001848164,
 11.722254,1577001849165,
 10.96,1577001850159,
 10.278873,1577001851164,
 10.024789,1577001852166,
 9.992676,1577001853163,
 10.206197,1577001854164,
 10.153803,1577001855163,
 10.011831,1577001856163,
 9.135775,1577001857163,
 8.125634,1577001858169,
 7.732958,1577001859164,
 7.92,1577001860161,
 7.7059155,1577001861153,
 7.3994365,1577001862163,
 7.336901,1577001863160,
 7.2704225,1577001864165,
 7.3678875,1577001865164,
 7.9047885,1577001866160,
 8.885071,1577001867165,
 9.87831,1577001868158,
 10.814084,1577001869160,
 11.375212,1577001870165,
 11.487324,1577001871161,
 11.541972,1577001872157,
 11.842254,1577001873160,
 12.296902,1577001874162,
 12.792676,1577001875162,
 13.3340845,1577001876166,
 13.872676,1577001877161,
 14.427042,1577001878164,
 14.8794365,1577001879157,
 14.870422,1577001880162,
 15.184225,1577001881163,
 15.559437,1577001882165,
 15.935211,1577001883162,
 16.166197,1577001884160,
 16.339155,1577001885163,
 16.598873,1577001886167,
 16.625916,1577001887160,
 16.854084,1577001888163,
 16.592676,1577001889163,
 16.812958,1577001890156,
 16.574648,1577001891161,
 16.672676,1577001892161,
 16.292957,1577001893162,
 16.135212,1577001894166,
 15.890141,1577001895163,
 15.728451,1577001896161,
 15.628733,1577001897160,
 15.335211,1577001898161,
 15.28845,1577001899166,
 15.277184,1577001900162,
 14.979718,1577001901157,
 14.421409,1577001902161,
 14.121127,1577001903159,
 13.896338,1577001904158,
 13.933521,1577001905161,
 13.60169,1577001906166,
 12.351549,1577001907161,
 11.437183,1577001908155,
 10.901972,1577001909162,
 10.342535,1577001910163,
 10.242817,1577001911160,
 10.369014,1577001912162,
 10.609577,1577001913162,
 10.955493,1577001914159,
 11.277746,1577001915160,
 11.641127,1577001916158,
 12.069296,1577001917156,
 12.504788,1577001918162,
 12.969014,1577001919152,
 13.512113,1577001920156,
 13.618029,1577001921155,
 13.413521,1577001922157,
 13.48169,1577001923156,
 13.063662,1577001924158,
 12.760564,1577001925157,
 12.3616905,1577001926155,
 11.869296,1577001927156,
 11.470986,1577001928160,
 11.376338,1577001929155,
 11.386478,1577001930153,
 11.463099,1577001931158,
 11.672112,1577001932156,
 12.148169,1577001933155,
 12.703098,1577001934156,
 13.264789,1577001935154,
 13.854085,1577001936158,
 14.441127,1577001937150,
 14.865915,1577001938161,
 14.616901,1577001939158,
 14.420845,1577001940160,
 14.258592,1577001941155,
 14.219155,1577001942164,
 14.2219715,1577001943162,
 14.268169,1577001944159,
 14.32676,1577001945163,
 14.44,1577001946159,
 14.566761,1577001947160,
 14.677183,1577001948155,
 14.754366,1577001949159,
 14.688451,1577001950159,
 14.708733,1577001951158,
 14.590423,1577001952156,
 14.618029,1577001953159,
 14.509295,1577001954165,
 14.560563,1577001955159,
 14.541972,1577001956157,
 14.539155,1577001957157,
 14.554366,1577001958158,
 14.563944,1577001959157,
 14.400563,1577001960157,
 14.450705,1577001961157,
 14.494084,1577001962155,
 14.377465,1577001963159,
 14.492394,1577001964152,
 14.715493,1577001965156,
 14.948732,1577001966156,
 15.137465,1577001967154,
 15.350986,1577001968155,
 15.535212,1577001969153,
 15.752676,1577001970153,
 16.027605,1577001971157,
 16.265915,1577001972160,
 16.486197,1577001973157,
 16.224226,1577001974158,
 15.807887,1577001975157,
 15.659155,1577001976157,
 15.346478,1577001977154,
 14.826479,1577001978162,
 14.156056,1577001979157,
 13.597183,1577001980156,
 13.096338,1577001981154,
 12.946479,1577001982157,
 12.937465,1577001983155,
 12.876619,1577001984159,
 12.79324,1577001985158,
 12.754366,1577001986155,
 12.904225,1577001987154,
 13.39662,1577001988149,
 13.962254,1577001989154,
 14.440563,1577001990157,
 14.667042,1577001991156,
 14.908732,1577001992156,
 15.107606,1577001993155,
 15.313239,1577001994155,
 15.48676,1577001995157,
 15.661972,1577001996159,
 15.721127,1577001997157,
 15.467606,1577001998157,
 15.405634,1577001999150,
 15.344225,1577002000155,
 15.357746,1577002001156,
 15.393239,1577002002162,
 15.282817,1577002003155,
 15.03662,1577002004154,
 14.68,1577002005155,
 14.326198,1577002006149,
 13.984225,1577002007155,
 13.63324,1577002008157,
 13.369577,1577002009154,
 13.159436,1577002010148,
 13.002254,1577002011152,
 12.900846,1577002012153,
 12.75155,1577002013154,
 12.597183,1577002014158,
 12.300282,1577002015150,
 12.199436,1577002016150,
 12.071549,1577002017144,
 11.954929,1577002018149,
 11.780845,1577002019156,
 11.510986,1577002020153,
 11.40507,1577002021150,
 11.315493,1577002022149,
 11.24,1577002023148,
 11.04845,1577002024149,
 10.24,1577002025150,
 9.766761,1577002026152,
 9.56338,1577002027152,
 9.2895775,1577002028143,
 7.8022537,1577002029147,
 6.445634,1577002030150,
 4.382535,1577002031145,
 3.1661973,1577002032149,
 3.0461972,1577002033145,
 2.373521,1577002034145,
 1.6912676,1577002035143,
 1.548169,1577002036145,
 2.1521127,1577002037144,
 3.0321126,1577002038152,
 3.8022535,1577002039144,
 4.714366,1577002040146,
 5.5295773,1577002041145,
 6.35662,1577002042149,
 6.7104225,1577002043142,
 7.227606,1577002044143,
 8.452958,1577002045145,
 9.146479,1577002046140,
 10.083381,1577002047145,
 10.909296,1577002048145,
 11.164507,1577002049145,
 11.467606,1577002050146,
 11.917183,1577002051146,
 12.36676,1577002052144,
 12.76507,1577002053143,
 12.773521,1577002054146,
 12.549295,1577002055148,
 12.677183,1577002056148,
 12.889578,1577002057146,
 13.186479,1577002058148,
 13.63493,1577002059155,
 13.620845,1577002060150,
 13.663098,1577002061148,
 13.483944,1577002062155,
 13.650704,1577002063148,
 13.521127,1577002064146,
 13.512676,1577002065145,
 13.543662,1577002066148,
 13.421972,1577002067148,
 13.1436615,1577002068145,
 12.742536,1577002069146,
 12.312676,1577002070147,
 12.232113,1577002071147,
 12.094648,1577002072146,
 11.819155,1577002073146,
 11.503662,1577002074152,
 11.31493,1577002075143,
 11.179718,1577002076145,
 10.939718,1577002077147,
 10.6152115,1577002078144,
 10.35662,1577002079145,
 10.322817,1577002080149,
 10.746479,1577002081147,
 11.12,1577002082146,
 11.376902,1577002083149,
 10.918873,1577002084147,
 11.212395,1577002085147,
 11.769014,1577002086146,
 12.210141,1577002087149,
 12.344789,1577002088146,
 12.270423,1577002089150,
 12.343099,1577002090150,
 12.529577,1577002091149,
 12.578591,1577002092151,
 12.575774,1577002093147,
 12.79155,1577002094146,
 13.080564,1577002095145,
 13.273803,1577002096144,
 13.454648,1577002097143,
 13.636056,1577002098152,
 13.875493,1577002099146,
 14.086197,1577002100147,
 14.345916,1577002101149,
 14.656901,1577002102148,
 14.873803,1577002103148,
 15.068169,1577002104151,
 15.262535,1577002105151,
 15.408451,1577002106148,
 15.579155,1577002107148,
 15.806197,1577002108144,
 16.08507,1577002109149,
 16.28169,1577002110153,
 16.157183,1577002111150,
 16.342535,1577002112148,
 16.541409,1577002113148,
 16.50479,1577002114151,
 16.59831,1577002115147,
 16.674929,1577002116153,
 16.734648,1577002117148,
 16.801691,1577002118150,
 16.933521,1577002119150,
 17.08,1577002120146,
 17.185352,1577002121148,
 17.159437,1577002122153,
 16.96676,1577002123150,
 16.784225,1577002124147,
 16.797747,1577002125150,
 16.78986,1577002126141,
 16.605635,1577002127147,
 16.410704,1577002128151,
 16.248451,1577002129147,
 16.08,1577002130146,
 15.916057,1577002131148,
 15.71324,1577002132147,
 15.498591,1577002133145,
 15.259718,1577002134158,
 15.0360565,1577002135149,
 14.821408,1577002136149,
 14.629295,1577002137143,
 14.422535,1577002138148,
 14.24,1577002139152,
 14.063662,1577002140148,
 13.892394,1577002141149,
 13.703662,1577002142149,
 13.506479,1577002143145,
 13.225352,1577002144143,
 13.099154,1577002145149,
 12.810141,1577002146151,
 12.460281,1577002147147,
 12.131831,1577002148144,
 11.737465,1577002149147,
 11.457465,1577002150150,
 11.339718,1577002151149,
 11.290704,1577002152152,
 11.197746,1577002153148,
 11.081127,1577002154147,
 10.9301405,1577002155147,
 10.839437,1577002156146,
 10.783662,1577002157147,
 10.76,1577002158153,
 10.689014,1577002159147,
 10.324507,1577002160148,
 9.968451,1577002161149,
 9.207888,1577002162147,
 7.979155,1577002163150,
 6.7459154,1577002164151,
 5.7154927,1577002165147,
 4.9138026,1577002166140,
 4.275493,1577002167145,
 3.7205634,1577002168145,
 3.2490141,1577002169147,
 3.2974648,1577002170150,
 2.4602816,1577002171145,
 1.7515492,1577002172145,
 1.3025352,1577002173143,
 1.0394366,1577002174146,
 1.2676057,1577002175147,
 0.7769014,1577002176149,
 0.033239435,1577002177135,
 0.31492957,1577002178143,
 0.9109859,1577002179150,
 0.5104225,1577002180148,
 0.17464788,1577002181148,
 0.58084506,1577002182155,
 1.4861972,1577002183150,
 2.16,1577002184144,
 3.5943663,1577002185150,
 5.257465,1577002186148,
 6.638873,1577002187152,
 8.041127,1577002188150,
 9.230423,1577002189149,
 10.375774,1577002190152,
 11.6935215,1577002191151,
 13.105915,1577002192151,
 14.31662,1577002193153,
 15.322817,1577002194158,
 16.205633,1577002195146,
 16.699718,1577002196151,
 16.41521,1577002197150,
 16.178028,1577002198151,
 15.864225,1577002199156,
 15.47324,1577002200152,
 15.091268,1577002201151,
 14.650704,1577002202148,
 14.178028,1577002203151,
 13.953239,1577002204149,
 14.024225,1577002205149,
 14.289014,1577002206148,
 14.412958,1577002207149,
 13.926197,1577002208150,
 13.664226,1577002209148,
 13.6,1577002210151,
 13.169578,1577002211149,
 13.108732,1577002212152,
 12.823662,1577002213144,
 12.912112,1577002214149,
 13.045071,1577002215150,
 13.210141,1577002216150,
 13.492958,1577002217146,
 13.735211,1577002218154,
 13.967887,1577002219150,
 13.928451,1577002220150,
 13.868732,1577002221150,
 13.886761,1577002222149,
 13.92169,1577002223149,
 13.975211,1577002224146,
 14.066479,1577002225149,
 14.214085,1577002226148,
 14.577465,1577002227148,
 15.32338,1577002228146,
 16.13014,1577002229148,
 16.930141,1577002230153,
 17.686197,1577002231150,
 17.617464,1577002232151,
 17.170704,1577002233149,
 17.067606,1577002234150,
 16.63662,1577002235144,
 16.077183,1577002236153,
 15.531831,1577002237149,
 15.025915,1577002238149,
 14.539719,1577002239149,
 13.889014,1577002240147,
 13.234366,1577002241148,
 12.534648,1577002242154,
 12.11831,1577002243150,
 12.095211,1577002244147,
 12.372958,1577002245148,
 12.230986,1577002246143,
 12.113803,1577002247146,
 11.726197,1577002248153,
 11.7104225,1577002249148,
 11.8225355,1577002250148,
 12.033803,1577002251150,
 12.294085,1577002252149,
 12.857465,1577002253143,
 13.710986,1577002254154,
 13.375774,1577002255147,
 13.0146475,1577002256147,
 12.961126,1577002257145,
 12.898028,1577002258145,
 12.464226,1577002259152,
 11.898028,1577002260150,
 11.669859,1577002261147,
 11.498028,1577002262147,
 11.02986,1577002263147,
 10.72338,1577002264140,
 10.788169,1577002265147,
 10.862535,1577002266150,
 10.836619,1577002267146,
 10.884507,1577002268147,
 10.673802,1577002269146,
 10.489014,1577002270149,
 10.504226,1577002271145,
 10.383099,1577002272150,
 9.898028,1577002273147,
 9.246197,1577002274148,
 9.054647,1577002275139,
 8.764507,1577002276147,
 8.501972,1577002277145,
 8.628733,1577002278151,
 8.918873,1577002279147,
 9.257464,1577002280148,
 9.908169,1577002281146,
 10.613522,1577002282146,
 11.368451,1577002283148,
 11.455212,1577002284148,
 11.75831,1577002285149,
 12.569015,1577002286143,
 13.429296,1577002287146,
 14.146479,1577002288147,
 14.043943,1577002289146,
 13.950422,1577002290151,
 14.053521,1577002291145,
 13.778591,1577002292146,
 13.795493,1577002293140,
 13.849014,1577002294146,
 13.581972,1577002295148,
 13.339155,1577002296150,
 13.123943,1577002297145,
 12.932394,1577002298145,
 12.772958,1577002299148,
 12.606761,1577002300146,
 12.44,1577002301146,
 12.27662,1577002302154,
 12.11662,1577002303145,
 11.976901,1577002304139,
 11.875493,1577002305144,
 11.637747,1577002306146,
 11.196056,1577002307146,
 10.652958,1577002308149,
 10.101408,1577002309148,
 9.552676,1577002310142,
 8.19831,1577002311141,
 6.7752113,1577002312140,
 6.1070423,1577002313140,
 5.544225,1577002314145,
 5.267042,1577002315138,
 5.0484505,1577002316143,
 4.832113,1577002317142,
 4.544225,1577002318146,
 4.347042,1577002319148,
 4.204507,1577002320145,
 4.2101407,1577002321145,
 4.025352,1577002322137,
 3.95831,1577002323138,
 4.2214084,1577002324137,
 5.1002817,1577002325143,
 5.5921125,1577002326142,
 6.4642253,1577002327143,
 8.080564,1577002328161,
 9.680563,1577002329158,
 11.051831,1577002330146,
 12.44676,1577002331161,
 13.76,1577002332149,
 13.969578,1577002333159,
 14.017465,1577002334164,
 14.144225,1577002335158,
 14.040564,1577002336157,
 14.209578,1577002337164,
 14.258028,1577002338155,
 13.99662,1577002339164,
 14.3616905,1577002340161,
 14.823662,1577002341161,
 15.123381,1577002342157,
 15.2557745,1577002343150,
 15.608451,1577002344146,
 15.94986,1577002345163,
 16.061409,1577002346145,
 16.115494,1577002347156,
 16.173521,1577002348155,
 16.197184,1577002349146,
 16.228733,1577002350163,
 16.060282,1577002351163,
 15.836619,1577002352146,
 15.677747,1577002353150,
 15.597747,1577002354155,
 15.51662,1577002355144,
 15.380281,1577002356164,
 15.055211,1577002357151,
 14.789296,1577002358145,
 14.327324,1577002359146,
 13.781408,1577002360151,
 13.452958,1577002361144,
 13.068732,1577002362159,
 12.6597185,1577002363152,
 12.781408,1577002364142,
 13.027042,1577002365144,
 13.414084,1577002366155,
 13.682254,1577002367156,
 13.961126,1577002368147,
 14.200563,1577002369144,
 14.36676,1577002370143,
 14.103099,1577002371161,
 14.159436,1577002372150,
 14.318873,1577002373160,
 14.335774,1577002374160,
 14.126197,1577002375177,
 14.090141,1577002376168,
 13.804507,1577002377176,
 13.373521,1577002378176,
 12.983099,1577002379182,
 12.739155,1577002380175,
 12.854648,1577002381177,
 13.117183,1577002382168,
 13.275493,1577002383173,
 13.43831,1577002384156,
 13.671549,1577002385168,
 13.875493,1577002386175,
 14.067042,1577002387169,
 14.3064785,1577002388173,
 14.521127,1577002389175,
 14.701972,1577002390168,
 14.92338,1577002391167,
 15.112676,1577002392176,
 15.291831,1577002393167,
 15.224789,1577002394173,
 14.988732,1577002395173,
 14.750986,1577002396168,
 14.347606,1577002397167,
 14.069296,1577002398189,
 13.749296,1577002399167,
 13.468169,1577002400179,
 13.2557745,1577002401173,
 13.338592,1577002402178,
 13.590423,1577002403175,
 13.829296,1577002404159,
 13.76338,1577002405168,
 13.567324,1577002406175,
 13.749859,1577002407161,
 13.9577465,1577002408167,
 14.058592,1577002409174,
 14.186479,1577002410167,
 14.303662,1577002411168,
 14.40676,1577002412169,
 14.461409,1577002413137,
 14.225352,1577002414167,
 14.372395,1577002415141,
 14.045634,1577002416169,
 13.850141,1577002417175,
 13.83831,1577002418142,
 13.638873,1577002419141,
 13.526197,1577002420138,
 13.315493,1577002421141,
 13.172957,1577002422192,
 12.859155,1577002423143,
 11.899718,1577002424140,
 10.440563,1577002425145,
 10.251831,1577002426144,
 10.479437,1577002427143,
 10.934085,1577002428146,
 11.521127,1577002429144,
 12.169578,1577002430143,
 12.674366,1577002431135,
 13.115493,1577002432140,
 13.578591,1577002433143,
 13.873803,1577002434149,
 14.052958,1577002435141,
 14.231549,1577002436141,
 14.443944,1577002437141,
 14.628169,1577002438140,
 14.617465,1577002439146,
 14.561127,1577002440146,
 14.469859,1577002441143,
 14.340845,1577002442135,
 14.218028,1577002443145,
 14.105915,1577002444139,
 14.140845,1577002445142,
 14.16,1577002446146,
 14.069296,1577002447141,
 13.978592,1577002448142,
 13.870986,1577002449139,
 13.75831,1577002450153,
 13.704789,1577002451142,
 13.786479,1577002452149,
 13.837747,1577002453135,
 13.812394,1577002454142,
 13.780845,1577002455143,
 13.797747,1577002456140,
 13.778591,1577002457143,
 13.758873,1577002458147,
 13.741408,1577002459141,
 13.715493,1577002460136,
 13.68,1577002461141,
 13.600563,1577002462144,
 13.575212,1577002463140,
 13.526197,1577002464143,
 13.463662,1577002465143,
 13.374084,1577002466141,
 13.243943,1577002467140,
 13.252957,1577002468140,
 13.274366,1577002469141,
 13.219718,1577002470144,
 13.002254,1577002471139,
 12.98986,1577002472143,
 12.968451,1577002473142,
 12.860282,1577002474145,
 12.67324,1577002475145,
 12.5030985,1577002476145,
 12.316056,1577002477141,
 12.350986,1577002478140,
 12.242817,1577002479142,
 12.027042,1577002480140,
 12.016901,1577002481141,
 12.056338,1577002482142,
 12.053521,1577002483140,
 11.88338,1577002484141,
 11.699718,1577002485141,
 11.463662,1577002486140,
 11.108169,1577002487141,
 10.479437,1577002488145,
 9.39662,1577002489137,
 7.9904227,1577002490140,
 6.6230984,1577002491141,
 5.8687325,1577002492144,
 4.71831,1577002493135,
 3.9769013,1577002494145,
 3.3678873,1577002495140,
 2.868169,1577002496139,
 2.4247887,1577002497139,
 1.9954929,1577002498139,
 2.1949296,1577002499145,
 1.8197184,1577002500136,
 0.9284507,1577002501139,
 0.3030986,1577002502139,
 0.014647887,1577002503131,
 0.0022535212,1577002504129,
 0.011267605,1577002505130,
 0.015211267,1577002506134,
 0.008450705,1577002507133,
 0.009577465,1577002508131,
 0.011267605,1577002509129,
 0.0067605632,1577002510134,
 0.0022535212,1577002511126,
 0.006197183,1577002512135,
 0.0050704223,1577002513131,
 0.010140845,1577002514132,
 0.008450705,1577002515132,
 0.01690141,1577002516131,
 0.009577465,1577002517131,
 0.008450705,1577002518136,
 0.007887324,1577002519133,
 0.0050704223,1577002520133,
 0.0022535212,1577002521133,
 0.0005633803,1577002522129,
 0.010140845,1577002523131,
 0.009577465,1577002524135,
 0.0050704223,1577002525132,
 0.014084507,1577002526133,
 0.0135211265,1577002527131,
 0.011830986,1577002528130,
 0.0011267606,1577002529127,
 0.009014085,1577002530137,
 0.28901407,1577002531140,
 0.9802817,1577002532136,
 1.7059155,1577002533136,
 2.491831,1577002534138,
 3.3802817,1577002535138,
 4.252958,1577002536142,
 4.9960566,1577002537138,
 5.656338,1577002538137,
 5.8850703,1577002539144,
 5.79831,1577002540132,
 5.979155,1577002541140,
 6.5014086,1577002542145,
 7.055211,1577002543138,
 7.4078875,1577002544137,
 7.647887,1577002545143,
 7.9769015,1577002546138,
 8.466479,1577002547138,
 9.021408,1577002548141,
 9.5538025,1577002549137,
 9.894085,1577002550139,
 9.760564,1577002551133,
 9.806197,1577002552138,
 9.9070425,1577002553139,
 9.979155,1577002554144,
 10.016901,1577002555138,
 10.130704,1577002556136,
 10.220845,1577002557138,
 10.305916,1577002558135,
 10.441127,1577002559142,
 10.503662,1577002560143,
 10.590423,1577002561138,
 10.671549,1577002562134,
 10.569015,1577002563137,
 10.402817,1577002564136,
 10.339718,1577002565137,
 10.301409,1577002566143,
 10.214648,1577002567138,
 10.136338,1577002568138,
 10.097465,1577002569132,
 10.093521,1577002570142,
 10.023099,1577002571139,
 9.700282,1577002572141,
 9.684507,1577002573138,
 9.773521,1577002574137,
 9.922254,1577002575136,
 10.207888,1577002576136,
 10.574648,1577002577138,
 11.051831,1577002578144,
 11.586479,1577002579137,
 12.187606,1577002580131,
 12.304225,1577002581137,
 12.566197,1577002582138,
 12.529014,1577002583137,
 12.116056,1577002584142,
 11.749296,1577002585139,
 11.312676,1577002586136,
 11.000564,1577002587136,
 10.629295,1577002588136,
 10.228732,1577002589138,
 9.959436,1577002590141,
 10.005633,1577002591132,
 10.358873,1577002592135,
 10.771268,1577002593135,
 11.144225,1577002594139,
 11.481127,1577002595137,
 11.834366,1577002596141,
 12.099718,1577002597135,
 12.425352,1577002598129,
 12.785915,1577002599135,
 12.670986,1577002600135,
 12.588733,1577002601135,
 12.578591,1577002602139,
 12.347042,1577002603138,
 11.961126,1577002604135,
 10.700845,1577002605135,
 8.662536,1577002606135,
 6.76169,1577002607134,
 6.409014,1577002608140,
 6.0304227,1577002609130,
 6.463662,1577002610135,
 7.0371833,1577002611135,
 7.7667603,1577002612136,
 8.492958,1577002613136,
 9.250704,1577002614141,
 9.907605,1577002615137,
 10.678309,1577002616136,
 11.216902,1577002617136,
 11.807887,1577002618136,
 12.453521,1577002619140,
 12.665352,1577002620133,
 13.042817,1577002621138,
 13.103662,1577002622136,
 13.100282,1577002623135,
 12.869296,1577002624134,
 12.772958,1577002625137,
 12.631549,1577002626140,
 12.629859,1577002627133,
 12.68507,1577002628134,
 12.656901,1577002629136,
 12.794366,1577002630137,
 12.827605,1577002631132,
 12.901972,1577002632141,
 12.929014,1577002633136,
 12.987606,1577002634135,
 13.014085,1577002635140,
 13.041127,1577002636134,
 13.135775,1577002637135,
 13.163381,1577002638136,
 13.2495775,1577002639135,
 13.345916,1577002640137,
 13.442817,1577002641135,
 13.501972,1577002642136,
 13.55831,1577002643135,
 13.614648,1577002644139,
 13.722254,1577002645136,
 13.7504225,1577002646136,
 13.867043,1577002647135,
 13.956057,1577002648135,
 14.00169,1577002649132,
 14.007324,1577002650138,
 13.928451,1577002651135,
 13.84,1577002652134,
 13.637183,1577002653134,
 13.293521,1577002654134,
 12.827043,1577002655133,
 12.656901,1577002656135,
 12.409577,1577002657132,
 12.126197,1577002658135,
 11.861972,1577002659135,
 11.68507,1577002660128,
 11.538591,1577002661134,
 11.312676,1577002662139,
 11.084507,1577002663136,
 10.84338,1577002664137,
 10.575774,1577002665134,
 10.335774,1577002666134,
 10.271549,1577002667131,
 10.334648,1577002668134,
 10.432113,1577002669132,
 10.541972,1577002670134,
 10.562817,1577002671130,
 10.512676,1577002672132,
 10.376338,1577002673135,
 10.233239,1577002674140,
 10.04845,1577002675134,
 9.861972,1577002676136,
 9.043381,1577002677136,
 7.973521,1577002678130,
 7.117183,1577002679155,
 6.8197184,1577002680139,
 6.5357747,1577002681138,
 6.2552114,1577002682134,
 6.5921125,1577002683135,
 7.322817,1577002684133,
 8.0360565,1577002685134,
 8.864225,1577002686140,
 9.721127,1577002687134,
 10.330141,1577002688135,
 10.834366,1577002689128,
 11.352113,1577002690136,
 11.872676,1577002691137,
 12.423099,1577002692138,
 13.026479,1577002693134,
 13.646197,1577002694136,
 14.190986,1577002695134,
 14.234366,1577002696131,
 14.345916,1577002697133,
 14.432113,1577002698140,
 14.321691,1577002699136,
 13.935775,1577002700129,
 13.67324,1577002701133,
 13.479437,1577002702135,
 13.391549,1577002703132,
 13.517747,1577002704138,
 13.669859,1577002705135,
 13.816338,1577002706133,
 13.982535,1577002707127,
 13.974085,1577002708131,
 13.842254,1577002709132,
 13.7611265,1577002710138,
 13.710986,1577002711138,
 13.625352,1577002712135,
 13.537465,1577002713134,
 13.468733,1577002714136,
 13.3678875,1577002715133,
 13.304225,1577002716137,
 13.242817,1577002717135,
 13.191549,1577002718129,
 13.140845,1577002719133,
 12.9746475,1577002720132,
 12.799437,1577002721134,
 12.672676,1577002722143,
 12.429296,1577002723134,
 12.153239,1577002724132,
 11.9070425,1577002725132,
 11.681127,1577002726133,
 11.472676,1577002727133,
 11.3402815,1577002728141,
 11.35493,1577002729128,
 11.404507,1577002730133,
 11.505352,1577002731136,
 11.656338,1577002732134,
 11.580281,1577002733134,
 11.229296,1577002734139,
 10.578028,1577002735136,
 10.28507,1577002736129,
 10.104225,1577002737132,
 10.342535,1577002738132,
 10.674366,1577002739138,
 10.832676,1577002740133,
 10.409577,1577002741136,
 9.787043,1577002742134,
 9.485634,1577002743133,
 9.324507,1577002744133,
 9.343099,1577002745130,
 9.540845,1577002746135,
 9.700845,1577002747126,
 9.836057,1577002748130,
 9.890141,1577002749129,
 9.8563385,1577002750132,
 9.857465,1577002751128,
 9.663098,1577002752134,
 9.451831,1577002753130,
 9.185916,1577002754130,
 8.967887,1577002755130,
 8.813521,1577002756130,
 8.902535,1577002757129,
 8.92,1577002758130,
 8.789859,1577002759131,
 8.730141,1577002760130,
 8.712676,1577002761130,
 8.839437,1577002762131,
 9.282253,1577002763128,
 9.461972,1577002764129,
 9.127324,1577002765127,
 8.790422,1577002766129,
 8.52507,1577002767128,
 8.375774,1577002768127,
 8.765634,1577002769125,
 9.268732,1577002770132,
 9.606761,1577002771129,
 9.695775,1577002772129,
 9.606761,1577002773126,
 9.501409,1577002774128,
 9.502535,1577002775129,
 10.247324,1577002776127,
 11.074367,1577002777128,
 11.424226,1577002778127,
 11.513803,1577002779129,
 11.570141,1577002780126,
 11.616901,1577002781128,
 11.732394,1577002782133,
 11.859718,1577002783129,
 12.027042,1577002784128,
 12.220282,1577002785125,
 12.410705,1577002786127,
 12.259155,1577002787123,
 11.689014,1577002788129,
 11.336902,1577002789127,
 10.996057,1577002790135,
 10.717747,1577002791130,
 10.463099,1577002792129,
 10.270423,1577002793129,
 10.077746,1577002794134,
 9.962817,1577002795133,
 9.824225,1577002796129,
 9.658591,1577002797131,
 9.5814085,1577002798127,
 9.625352,1577002799134,
 9.768451,1577002800148,
 9.9301405,1577002801131,
 10.079436,1577002802128,
 10.229296,1577002803127,
 10.40338,1577002804126,
 10.165071,1577002805121,
 10.163943,1577002806132,
 10.24507,1577002807131,
 10.345352,1577002808131,
 10.433803,1577002809128,
 10.579155,1577002810133,
 10.709859,1577002811127,
 10.836619,1577002812132,
 10.507042,1577002813129,
 10.470423,1577002814128,
 10.509859,1577002815127,
 10.6597185,1577002816122,
 10.475493,1577002817128,
 9.920564,1577002818133,
 9.633802,1577002819130,
 9.31662,1577002820128,
 9.101408,1577002821128,
 8.778591,1577002822129,
 8.6935215,1577002823127,
 8.276056,1577002824131,
 8.290704,1577002825126,
 8.352113,1577002826124,
 8.095211,1577002827127,
 8.19662,1577002828126,
 8.283944,1577002829128,
 8.336902,1577002830134,
 8.403944,1577002831132,
 8.561127,1577002832129,
 8.701972,1577002833129,
 8.836619,1577002834125,
 9.047887,1577002835131,
 9.313239,1577002836134,
 9.598873,1577002837129,
 9.664789,1577002838127,
 9.773521,1577002839130,
 9.930704,1577002840128,
 10.256902,1577002841130,
 10.617465,1577002842136,
 10.992113,1577002843129,
 11.333521,1577002844128,
 11.220282,1577002845123,
 10.833803,1577002846128,
 10.820845,1577002847127,
 10.63662,1577002848133,
 10.432113,1577002849127,
 10.281127,1577002850127,
 10.106479,1577002851127,
 9.917747,1577002852126,
 9.745915,1577002853128,
 9.523944,1577002854135,
 9.322253,1577002855129,
 9.267606,1577002856124,
 9.371831,1577002857128,
 9.535774,1577002858128,
 9.756619,1577002859134,
 10.01014,1577002860147,
 10.322817,1577002861130,
 10.517747,1577002862128,
 10.574648,1577002863126,
 10.798873,1577002864128,
 11.04,1577002865128,
 11.1988735,1577002866133,
 11.223099,1577002867124,
 11.3171835,1577002868128,
 11.414648,1577002869126,
 11.455212,1577002870127,
 11.521127,1577002871125,
 11.573521,1577002872131,
 11.498591,1577002873129,
 11.169578,1577002874124,
 10.703098,1577002875128,
 10.221409,1577002876129,
 9.6935215,1577002877127,
 9.266479,1577002878136,
 9.069296,1577002879125,
 9.077183,1577002880124,
 9.475493,1577002881123,
 9.96,1577002882125,
 10.474366,1577002883124,
 11.015211,1577002884128,
 11.379719,1577002885122,
 11.380281,1577002886126,
 11.518873,1577002887127,
 11.44,1577002888125,
 11.394366,1577002889124,
 11.375212,1577002890130,
 11.2833805,1577002891129,
 11.507042,1577002892123,
 11.507606,1577002893126,
 11.197183,1577002894125,
 10.792112,1577002895124,
 10.616901,1577002896125,
 10.309296,1577002897124,
 9.887887,1577002898124,
 9.852958,1577002899125,
 10.022535,1577002900125,
 10.361127,1577002901124,
 10.770141,1577002902132,
 11.213521,1577002903123,
 11.330705,1577002904128,
 11.454084,1577002905130,
 11.773521,1577002906128,
 12.148732,1577002907123,
 12.527887,1577002908131,
 12.936901,1577002909126,
 12.9746475,1577002910126,
 12.907605,1577002911125,
 12.64338,1577002912124,
 12.301971,1577002913126,
 12.476056,1577002914127,
 12.432676,1577002915128,
 12.176338,1577002916124,
 11.96,1577002917126,
 11.889578,1577002918123,
 11.641127,1577002919130,
 11.376902,1577002920129,
 11.367324,1577002921126,
 11.650704,1577002922124,
 11.830986,1577002923128,
 11.636056,1577002924124,
 11.651831,1577002925120,
 11.72507,1577002926130,
 11.8287325,1577002927124,
 11.914929,1577002928124,
 12.043943,1577002929123,
 12.162817,1577002930126,
 12.331267,1577002931124,
 12.499719,1577002932126,
 12.719437,1577002933124,
 12.938592,1577002934124,
 13.138028,1577002935124,
 13.374084,1577002936118,
 13.585352,1577002937125,
 13.797183,1577002938130,
 14.005633,1577002939124,
 13.882254,1577002940123,
 13.71324,1577002941123,
 13.43493,1577002942124,
 13.046761,1577002943117,
 12.996057,1577002944127,
 12.864225,1577002945122,
 12.540845,1577002946123,
 12.301409,1577002947122,
 11.961126,1577002948122,
 11.861972,1577002949122,
 11.692958,1577002950127,
 11.414648,1577002951126,
 11.045634,1577002952125,
 10.536338,1577002953123,
 10.189296,1577002954116,
 10.015211,1577002955124,
 9.939155,1577002956126,
 10.045634,1577002957123,
 10.151549,1577002958123,
 8.118874,1577002959122,
 6.0687323,1577002960122,
 5.4180284,1577002961121,
 5.032676,1577002962129,
 5.3233805,1577002963121,
 6.0276055,1577002964122,
 6.832676,1577002965117,
 7.544789,1577002966124,
 8.165634,1577002967123,
 8.821408,1577002968128,
 9.577465,1577002969123,
 10.225352,1577002970123,
 10.525634,1577002971123,
 10.718309,1577002972118,
 10.642817,1577002973122,
 10.557183,1577002974131,
 10.4969015,1577002975123,
 10.7504225,1577002976120,
 11.027042,1577002977122,
 11.108169,1577002978124,
 11.290141,1577002979127,
 11.403944,1577002980126,
 11.294085,1577002981122,
 10.998874,1577002982122,
 10.867043,1577002983117,
 10.846197,1577002984122,
 10.681127,1577002985121,
 9.803944,1577002986128,
 8.1436615,1577002987124,
 6.5216904,1577002988121,
 5.1312675,1577002989120,
 4.409014,1577002990125,
 3.7504225,1577002991120,
 3.162817,1577002992127,
 2.5735211,1577002993121,
 1.9160564,1577002994116,
 1.3019718,1577002995120,
 1.3177465,1577002996120,
 1.9470422,1577002997121,
 2.7814085,1577002998127,
 3.5014083,1577002999122,
 4.4969015,1577003000122,
 5.247324,1577003001122,
 5.013521,1577003002122,
 5.0822535,1577003003119,
 5.409014,1577003004124,
 5.7943664,1577003005118,
 6.984789,1577003006121,
 8.297464,1577003007119,
 9.60507,1577003008120,
 10.915493,1577003009121,
 11.993803,1577003010127,
 12.810704,1577003011123,
 13.585916,1577003012114,
 14.149296,1577003013120,
 14.245634,1577003014119,
 14.629295,1577003015121,
 14.896901,1577003016124,
 15.372395,1577003017121,
 15.560563,1577003018120,
 15.663662,1577003019125,
 16.091831,1577003020119,
 16.188732,1577003021118,
 16.276619,1577003022127,
 16.342535,1577003023116,
 16.339155,1577003024120,
 16.35324,1577003025119,
 16.359436,1577003026120,
 16.237183,1577003027121,
 16.210705,1577003028124,
 16.171268,1577003029118,
 16.007324,1577003030118,
 15.8456335,1577003031118,
 15.843944,1577003032117,
 15.813521,1577003033119,
 15.672112,1577003034119,
 15.380281,1577003035118,
 15.36507,1577003036117,
 15.611831,1577003037120,
 15.829859,1577003038117,
 16.056902,1577003039122,
 15.979718,1577003040121,
 15.7166195,1577003041118,
 15.431549,1577003042120,
 15.191549,1577003043118,
 14.946479,1577003044119,
 14.741408,1577003045116,
 14.76338,1577003046124,
 14.703098,1577003047121,
 14.190986,1577003048121,
 13.157746,1577003049120,
 11.670986,1577003050121,
 10.224789,1577003051120,
 9.548733,1577003052116,
 9.347042,1577003053119,
 9.28676,1577003054119,
 9.490141,1577003055118,
 9.892394,1577003056118,
 10.464788,1577003057119,
 11.063099,1577003058126,
 11.681127,1577003059117,
 12.285634,1577003060117,
 12.892394,1577003061118,
 13.547042,1577003062119,
 14.08,1577003063111,
 13.965071,1577003064123,
 13.865915,1577003065117,
 13.847324,1577003066116,
 13.852394,1577003067118,
 13.84,1577003068116,
 13.658029,1577003069117,
 13.578028,1577003070116,
 13.16169,1577003071116,
 13.340845,1577003072117,
 13.59324,1577003073116,
 13.705915,1577003074110,
 13.746479,1577003075113,
 13.622535,1577003076116,
 13.23493,1577003077110,
 12.887324,1577003078114,
 12.51493,1577003079113,
 12.058592,1577003080114,
 11.727324,1577003081112,
 11.910422,1577003082122,
 12.148169,1577003083118,
 12.112676,1577003084107,
 12.062535,1577003085105,
 12.116056,1577003086112,
 12.068169,1577003087114,
 12.183099,1577003088117,
 12.129014,1577003089115,
 12.135211,1577003090116,
 12.147042,1577003091106,
 12.15831,1577003092109,
 12.162817,1577003093114,
 12.39493,1577003094123,
 12.56169,1577003095118,
 12.536338,1577003096118,
 12.784225,1577003097118,
 12.878873,1577003098115,
 12.889014,1577003099117,
 12.9915495,1577003100117,
 12.821972,1577003101116,
 12.6321125,1577003102115,
 12.575774,1577003103109,
 12.532394,1577003104114,
 12.599437,1577003105117,
 13.095775,1577003106123,
 13.562254,1577003107118,
 14.00169,1577003108120,
 13.962254,1577003109117,
 14.345352,1577003110119,
 14.443944,1577003111117,
 14.259718,1577003112121,
 14.123943,1577003113117,
 14.010704,1577003114113,
 13.931268,1577003115120,
 13.931831,1577003116114,
 14.117746,1577003117117,
 14.305916,1577003118123,
 14.255211,1577003119116,
 14.082253,1577003120118,
 13.937465,1577003121113,
 13.656338,1577003122117,
 13.298592,1577003123116,
 12.735775,1577003124120,
 12.597747,1577003125116,
 12.558873,1577003126121,
 12.244507,1577003127119,
 11.774084,1577003128119,
 11.803944,1577003129119,
 11.976901,1577003130123,
 12.07662,1577003131120,
 11.985915,1577003132112,
 12.033239,1577003133117,
 12.220845,1577003134117,
 12.211831,1577003135117,
 10.943662,1577003136122,
 8.5476055,1577003137119,
 6.0067606,1577003138116,
 3.2608452,1577003139115,
 1.2698592,1577003140113,
 0.36,1577003141117,
 0.003943662,1577003142118,
 0.0033802816,1577003143109,
 0.015774649,1577003144114,
 0.024225352,1577003145113,
 0.011830986,1577003146114,
 0.010140845,1577003147115,
 0.0016901408,1577003148115,
 0.0056338026,1577003149113,
 0.0028169013,1577003150109,
 0.0016901408,1577003151110,
 0.0073239435,1577003152111,
 0.0028169013,1577003153113,
 0.01802817,1577003154117,
 0.011830986,1577003155109,
 0.01690141,1577003156112,
 0.01859155,1577003157112,
 0.007887324,1577003158115,
 0.003943662,1577003159120,
 0.007887324,1577003160117,
 0.003943662,1577003161109,
 0.0045070425,1577003162111,
 0.0045070425,1577003163113,
 0.0067605632,1577003164110,
 0.0011267606,1577003165112,
 0.009014085,1577003166117,
 0.011267605,1577003167111,
 0.0028169013,1577003168110,
 0.007887324,1577003169109,
 0.0050704223,1577003170114,
 0.0045070425,1577003171112,
 0.006197183,1577003172109,
 0.0073239435,1577003173110,
 0.0033802816,1577003174112,
 0.014084507,1577003175110,
 0.014647887,1577003176111,
 0.009014085,1577003177112,
 0.009577465,1577003178117,
 0.011267605,1577003179111,
 0.008450705,1577003180111,
 0.008450705,1577003181113,
 0.012394366,1577003182111,
 0.0045070425,1577003183107,
 0.009014085,1577003184113,
 0.015211267,1577003185111,
 0.010140845,1577003186111,
 0.009014085,1577003187113,
 0.067042254,1577003188111,
 0.49521127,1577003189116,
 1.6873239,1577003190117,
 2.851831,1577003191120,
 3.6569014,1577003192117,
 4.405634,1577003193116,
 4.5357747,1577003194116,
 4.7594366,1577003195113,
 5.1650705,1577003196118,
 5.5802817,1577003197115,
 5.9819717,1577003198117,
 6.2732396,1577003199116,
 6.544789,1577003200113,
 7.2569013,1577003201110,
 8.0084505,1577003202121,
 8.817465,1577003203115,
 9.590423,1577003204113,
 10.065915,1577003205114,
 9.762254,1577003206113,
 9.72338,1577003207115,
 9.814084,1577003208117,
 9.91155,1577003209114,
 10.023662,1577003210114,
 10.215211,1577003211117,
 10.421409,1577003212107,
 10.381409,1577003213113,
 10.314366,1577003214120,
 10.43831,1577003215114,
 10.566197,1577003216115,
 10.716056,1577003217113,
 10.878873,1577003218111,
 10.995493,1577003219115,
 11.0929575,1577003220116,
 10.68507,1577003221115,
 10.860282,1577003222113,
 11.129014,1577003223110,
 11.034929,1577003224111,
 11.233239,1577003225113,
 11.243381,1577003226117,
 11.44169,1577003227113,
 11.268732,1577003228112,
 11.230423,1577003229113,
 11.20169,1577003230111,
 11.326198,1577003231112,
 11.600563,1577003232117,
 11.661408,1577003233113,
 11.918873,1577003234114,
 12.389859,1577003235112,
 12.596056,1577003236110,
 12.658029,1577003237112,
 12.405634,1577003238118,
 12.437183,1577003239113,
 12.464788,1577003240113,
 12.538591,1577003241107,
 12.480563,1577003242113,
 12.691268,1577003243114,
 12.572394,1577003244115,
 12.090704,1577003245113,
 12.134085,1577003246132,
 12.787043,1577003247107,
 13.252957,1577003248103,
 13.298592,1577003249110,
 13.0929575,1577003250120,
 13.386478,1577003251114,
 13.51493,1577003252111,
 13.795493,1577003253113,
 13.647887,1577003254113,
 13.402817,1577003255112,
 13.645634,1577003256116,
 13.294648,1577003257122,
 12.910422,1577003258112,
 12.815775,1577003259109,
 12.99662,1577003260111,
 13.4461975,1577003261113,
 13.8794365,1577003262119,
 13.820282,1577003263113,
 13.48,1577003264112,
 13.377465,1577003265111,
 13.372395,1577003266111,
 13.315493,1577003267109,
 13.296338,1577003268110,
 13.1205635,1577003269105,
 12.664789,1577003270101,
 12.769014,1577003271107,
 12.852958,1577003272107,
 12.678873,1577003273107,
 12.32338,1577003274112,
 11.966197,1577003275111,
 11.956619,1577003276107,
 11.974085,1577003277104,
 11.828169,1577003278107,
 11.741408,1577003279110,
 11.818028,1577003280113,
 11.810704,1577003281104,
 11.783098,1577003282105,
 11.75493,1577003283107,
 11.725634,1577003284107,
 11.815775,1577003285105,
 11.975775,1577003286109,
 12.142535,1577003287124,
 12.2495775,1577003288101,
 12.348169,1577003289111,
 12.458591,1577003290114,
 12.623098,1577003291108,
 12.772394,1577003292111,
 12.79155,1577003293124,
 12.815775,1577003294110,
 12.938028,1577003295110,
 13.089014,1577003296109,
 13.260845,1577003297111,
 13.454084,1577003298115,
 13.662536,1577003299104,
 13.833803,1577003300109,
 13.8,1577003301110,
 14.11831,1577003302109,
 14.464788,1577003303109,
 14.670423,1577003304110,
 14.789296,1577003305107,
 14.579155,1577003306102,
 14.227042,1577003307108,
 13.829296,1577003308102,
 13.558873,1577003309103,
 13.350423,1577003310102,
 13.299718,1577003311104,
 13.267606,1577003312103,
 13.28845,1577003313101,
 13.3678875,1577003314103,
 13.44507,1577003315103,
 13.362817,1577003316107,
 13.242253,1577003317098,
 13.1267605,1577003318103,
 13.02986,1577003319102,
 12.969014,1577003320102,
 12.890141,1577003321101,
 12.821972,1577003322108,
 12.663662,1577003323101,
 12.242817,1577003324105,
 12.015211,1577003325105,
 11.685634,1577003326105,
 11.296338,1577003327106,
 11.32676,1577003328103,
 11.737465,1577003329107,
 12.184789,1577003330104,
 12.6828165,1577003331104,
 13.069296,1577003332104,
 13.024225,1577003333103,
 13.063662,1577003334109,
 13.139718,1577003335107,
 12.897465,1577003336106,
 12.558873,1577003337107,
 12.183662,1577003338105,
 11.642254,1577003339108,
 10.718873,1577003340109,
 10.265916,1577003341114,
 9.858028,1577003342110,
 9.31493,1577003343110,
 8.259718,1577003344109,
 7.0676055,1577003345109,
 5.75662,1577003346110,
 4.55831,1577003347109,
 4.0332394,1577003348107,
 3.4619718,1577003349107,
 3.211831,1577003350107,
 2.8985915,1577003351106,
 2.2940845,1577003352113,
 2.1030986,1577003353108,
 1.9267606,1577003354108,
 1.7430986,1577003355109,
 1.4923943,1577003356107,
 1.2952113,1577003357102,
 1.2276056,1577003358117,
 1.4152113,1577003359107,
 1.5701408,1577003360109,
 2.15831,1577003361105,
 2.5977464,1577003362108,
 2.6946478,1577003363108,
 2.8394365,1577003364112,
 2.7735212,1577003365107,
 2.4833803,1577003366105,
 3.1014085,1577003367108,
 4.3278875,1577003368102,
 5.5819716,1577003369105,
 6.56,1577003370112,
 7.435493,1577003371114,
 8.063662,1577003372108,
 8.451267,1577003373107,
 9.1712675,1577003374107,
 9.820845,1577003375106,
 10.44507,1577003376111,
 10.902535,1577003377106,
 11.389859,1577003378108,
 11.665352,1577003379102,
 11.845071,1577003380107,
 11.655211,1577003381107,
 11.467606,1577003382113,
 11.08,1577003383109,
 10.717183,1577003384108,
 10.60338,1577003385108,
 10.433803,1577003386104,
 10.215211,1577003387107,
 10.045071,1577003388109,
 9.83324,1577003389107,
 10.059718,1577003390101,
 10.349859,1577003391103,
 10.562817,1577003392105,
 10.680563,1577003393107,
 10.389296,1577003394113,
 10.196056,1577003395110,
 10.021972,1577003396104,
 10.061972,1577003397099,
 10.286197,1577003398103,
 10.546479,1577003399110,
 10.713803,1577003400107,
 10.925071,1577003401106,
 11.153803,1577003402105,
 10.944789,1577003403104,
 10.543098,1577003404098,
 10.277746,1577003405101,
 10.134648,1577003406106,
 9.747043,1577003407100,
 8.997746,1577003408097,
 8.287888,1577003409099,
 7.6202817,1577003410102,
 6.896338,1577003411106,
 6.3994365,1577003412104,
 5.7447886,1577003413100,
 5.4495773,1577003414104,
 5.4721127,1577003415099,
 5.2360563,1577003416103,
 4.564507,1577003417104,
 4.242817,1577003418112,
 3.6523943,1577003419100,
 3.432676,1577003420105,
 3.5752113,1577003421106,
 4.553803,1577003422109,
 4.907042,1577003423106,
 5.524507,1577003424107,
 7.2642255,1577003425103,
 8.5983095,1577003426098,
 9.802817,1577003427098,
 10.158874,1577003428096,
 10.594366,1577003429097,
 10.785352,1577003430100,
 11.237746,1577003431106,
 11.819155,1577003432104,
 12.216902,1577003433105,
 12.28507,1577003434106,
 12.265916,1577003435105,
 12.267042,1577003436106,
 12.193239,1577003437106,
 12.199436,1577003438110,
 12.215775,1577003439110,
 12.240563,1577003440111,
 12.252395,1577003441113,
 12.247324,1577003442118,
 12.221409,1577003443107,
 12.370705,1577003444109,
 12.589859,1577003445108,
 12.676056,1577003446109,
 12.674366,1577003447109,
 12.859718,1577003448105,
 13.057465,1577003449107,
 13.109859,1577003450108,
 13.027042,1577003451109,
 13.063662,1577003452105,
 12.957183,1577003453109,
 13.002254,1577003454116,
 13.55324,1577003455108,
 14.223662,1577003456111,
 14.552113,1577003457109,
 15.258028,1577003458109,
 15.770141,1577003459111,
 15.8794365,1577003460114,
 15.912676,1577003461110,
 15.6659155,1577003462110,
 15.286197,1577003463110,
 14.912676,1577003464108,
 14.6090145,1577003465109,
 14.442817,1577003466106,
 14.356056,1577003467123,
 14.217464,1577003468111,
 13.962254,1577003469109,
 13.770704,1577003470112,
 13.719437,1577003471109,
 13.8456335,1577003472115,
 13.965071,1577003473111,
 14.138028,1577003474107,
 14.240563,1577003475106,
 14.358873,1577003476104,
 14.365634,1577003477101,
 14.373521,1577003478110,
 14.301971,1577003479109,
 14.105352,1577003480109,
 13.95155,1577003481107,
 13.790422,1577003482110,
 13.482817,1577003483104,
 13.0253525,1577003484107,
 12.994367,1577003485107,
 13.276056,1577003486108,
 13.527887,1577003487104,
 13.770704,1577003488102,
 14.032113,1577003489104,
 14.278873,1577003490109,
 14.55324,1577003491108,
 14.754366,1577003492104,
 14.744789,1577003493106,
 14.667605,1577003494107,
 14.359437,1577003495102,
 13.331831,1577003496112,
 12.270423,1577003497104,
 11.406198,1577003498106,
 11.087888,1577003499107,
 10.720563,1577003500105,
 10.276056,1577003501103,
 10.126197,1577003502112,
 10.160563,1577003503105,
 9.8732395,1577003504108,
 9.515493,1577003505108,
 9.514366,1577003506102,
 9.63662,1577003507110,
 9.9639435,1577003508112,
 10.497465,1577003509107,
 11.028169,1577003510110,
 11.5645075,1577003511107,
 12.289014,1577003512107,
 13.12169,1577003513107,
 13.847324,1577003514115,
 13.851268,1577003515108,
 14.05014,1577003516108,
 14.083381,1577003517103,
 14.100282,1577003518107,
 13.944225,1577003519110,
 13.647887,1577003520113,
 13.20845,1577003521110,
 12.818028,1577003522109,
 12.699718,1577003523104,
 12.60507,1577003524102,
 13.071549,1577003525103,
 13.64,1577003526110,
 13.732394,1577003527106,
 13.475493,1577003528103,
 13.189296,1577003529104,
 13.011268,1577003530113,
 13.02986,1577003531111,
 13.191549,1577003532111,
 13.338592,1577003533106,
 13.637183,1577003534109,
 13.7442255,1577003535102,
 13.624788,1577003536106,
 13.445634,1577003537105,
 13.4354925,1577003538113,
 13.250704,1577003539105,
 13.087324,1577003540107,
 12.984225,1577003541104,
 12.889014,1577003542109,
 12.887324,1577003543107,
 12.853521,1577003544113,
 12.823098,1577003545107,
 12.793803,1577003546101,
 12.75155,1577003547106,
 12.740845,1577003548104,
 12.805634,1577003549104,
 12.853521,1577003550112,
 12.943099,1577003551108,
 13.033239,1577003552106,
 13.24845,1577003553102,
 13.542535,1577003554106,
 13.783662,1577003555106,
 14.095211,1577003556109,
 14.383662,1577003557100,
 14.619719,1577003558105,
 14.675493,1577003559105,
 14.606197,1577003560106,
 14.4969015,1577003561104,
 14.369577,1577003562112,
 14.170141,1577003563109,
 14.029296,1577003564100,
 13.9239435,1577003565104,
 13.8225355,1577003566105,
 13.932394,1577003567107,
 14.165634,1577003568106,
 14.448451,1577003569104,
 14.656338,1577003570107,
 14.7949295,1577003571106,
 14.79324,1577003572103,
 14.672112,1577003573103,
 14.752112,1577003574109,
 14.947606,1577003575102,
 15.170704,1577003576107,
 15.171831,1577003577105,
 15.053521,1577003578107,
 14.920564,1577003579109,
 14.788169,1577003580107,
 14.649577,1577003581106,
 13.895775,1577003582105,
 12.8,1577003583104,
 11.612958,1577003584103,
 11.421972,1577003585106,
 11.260282,1577003586105,
 11.063099,1577003587106,
 10.677747,1577003588104,
 10.47662,1577003589104,
 10.40676,1577003590108,
 10.425352,1577003591104,
 10.264225,1577003592109,
 10.083943,1577003593101,
 10.214085,1577003594104,
 10.729014,1577003595107,
 11.252957,1577003596102,
 11.356056,1577003597100,
 11.350423,1577003598109,
 11.5030985,1577003599099,
 11.599437,1577003600103,
 11.211267,1577003601101,
 10.101972,1577003602105,
 8.3340845,1577003603103,
 6.2112675,1577003604099,
 5.6078873,1577003605100,
 5.2185917,1577003606101,
 5.506479,1577003607100,
 7.054648,1577003608100,
 7.9183097,1577003609102,
 9.010704,1577003610105,
 9.852394,1577003611104,
 10.828169,1577003612101,
 11.603944,1577003613103,
 12.139155,1577003614103,
 12.726197,1577003615095,
 13.03831,1577003616106,
 13.269859,1577003617100,
 13.540845,1577003618105,
 13.660282,1577003619101,
 13.852394,1577003620106,
 14.094648,1577003621104,
 14.429296,1577003622110,
 14.6,1577003623105,
 14.795493,1577003624110,
 14.912676,1577003625109,
 15.094085,1577003626109,
 15.157746,1577003627105,
 15.28,1577003628107,
 15.376338,1577003629108,
 15.470986,1577003630109,
 15.52507,1577003631100,
 15.489577,1577003632100,
 15.300845,1577003633097,
 15.274366,1577003634109,
 15.026479,1577003635114,
 14.465352,1577003636101,
 13.8287325,1577003637110,
 13.141972,1577003638108,
 12.588169,1577003639106,
 12.31493,1577003640106,
 12.169014,1577003641113,
 12.221409,1577003642110,
 12.425352,1577003643103,
 12.544788,1577003644120,
 12.637747,1577003645100,
 12.641127,1577003646113,
 12.495774,1577003647109,
 11.849014,1577003648109,
 11.169014,1577003649109,
 11.106479,1577003650108,
 10.947606,1577003651110,
 10.447324,1577003652111,
 10.586479,1577003653108,
 10.612394,1577003654110,
 10.702536,1577003655110,
 10.820282,1577003656108,
 10.906479,1577003657103,
 10.989296,1577003658127,
 10.957183,1577003659117,
 10.723944,1577003660125,
 10.432676,1577003661118,
 10.266479,1577003662127,
 10.414648,1577003663106,
 10.7166195,1577003664125,
 11.172395,1577003665125,
 11.72169,1577003666125,
 12.312113,1577003667117,
 12.980282,1577003668125,
 12.954929,1577003669119,
 12.865352,1577003670118,
 12.84,1577003671123,
 12.854648,1577003672107,
 12.84169,1577003673126,
 12.91155,1577003674126,
 13.003943,1577003675118,
 13.27662,1577003676120,
 13.393239,1577003677120,
 13.455774,1577003678118,
 13.632676,1577003679117,
 13.827043,1577003680106,
 14.077183,1577003681118,
 14.338592,1577003682126,
 14.64169,1577003683117,
 14.72169,1577003684118,
 14.618029,1577003685123,
 14.409577,1577003686126,
 14.193803,1577003687119,
 14.005071,1577003688117,
 13.796057,1577003689130,
 13.643944,1577003690133,
 13.330141,1577003691118,
 13.290704,1577003692106,
 13.24507,1577003693106,
 12.990986,1577003694124,
 12.007324,1577003695124,
 10.298592,1577003696118,
 8.627605,1577003697121,
 8.153803,1577003698124,
 7.8388734,1577003699133,
 7.5774646,1577003700106,
 7.3639436,1577003701126,
 7.3290143,1577003702126,
 7.28169,1577003703119,
 7.217465,1577003704127,
 7.169014,1577003705149,
 7.0974646,1577003706133,
 6.8602815,1577003707141,
 6.5729575,1577003708123,
 6.051831,1577003709137,
 6.049577,1577003710137,
 6.3988733,1577003711139,
 6.2585917,1577003712124,
 6.402817,1577003713094,
 6.5385914,1577003714139,
 6.6552114,1577003715137,
 6.350986,1577003716141,
 5.84169,1577003717145,
 6.115493,1577003718148,
 6.6214085,1577003719131,
 7.064789,1577003720122,
 7.4957747,1577003721145,
 8.038874,1577003722142,
 8.958873,1577003723136,
 9.851268,1577003724136,
 10.59662,1577003725099,
 11.037183,1577003726099,
 11.530141,1577003727099,
 12.003943,1577003728097,
 12.333521,1577003729099,
 12.332395,1577003730143,
 12.249014,1577003731098,
 12.034367,1577003732098,
 11.989296,1577003733098,
 12.397746,1577003734098,
 12.807324,1577003735094,
 13.009578,1577003736100,
 12.916619,1577003737098,
 12.809014,1577003738096,
 12.634366,1577003739096,
 12.432676,1577003740094,
 12.16845,1577003741094,
 12.090141,1577003742098,
 12.20169,1577003743093,
 12.32676,1577003744093,
 12.390423,1577003745094,
 12.308169,1577003746094,
 12.202817,1577003747095,
 12.133521,1577003748096,
 12.04845,1577003749094,
 11.9132395,1577003750094,
 11.621972,1577003751095,
 11.326198,1577003752095,
 11.220282,1577003753089,
 11.117183,1577003754104,
 10.98986,1577003755100,
 10.842817,1577003756098,
 10.680563,1577003757098,
 10.572394,1577003758098,
 10.431549,1577003759101,
 10.099718,1577003760138,
 9.083943,1577003761100,
 7.8980284,1577003762097,
 7.0512676,1577003763098,
 6.3504224,1577003764093,
 5.589859,1577003765096,
 5.108732,1577003766102,
 5.678873,1577003767102,
 5.930141,1577003768098,
 6.2760563,1577003769099,
 6.693521,1577003770100,
 7.1847887,1577003771092,
 7.7797184,1577003772101,
 8.612958,1577003773098,
 9.2,1577003774100,
 9.498591,1577003775094,
 9.425916,1577003776096,
 9.429296,1577003777098,
 9.20845,1577003778103,
 8.882817,1577003779098,
 8.451267,1577003780097,
 8.123943,1577003781097,
 8.043943,1577003782093,
 8.024225,1577003783096,
 8.00338,1577003784103,
 8.067606,1577003785096,
 8.229296,1577003786098,
 8.430423,1577003787101,
 8.562254,1577003788096,
 8.369014,1577003789096,
 8.034929,1577003790102,
 7.707042,1577003791098,
 7.382535,1577003792097,
 6.810704,1577003793090,
 5.826479,1577003794096,
 5.0140843,1577003795097,
 3.6850705,1577003796101,
 2.7909858,1577003797094,
 2.3183098,1577003798093,
 2.1611269,1577003799095,
 2.3943663,1577003800089,
 3.6721127,1577003801095,
 4.9915495,1577003802101,
 5.935775,1577003803097,
 6.8805633,1577003804092,
 7.352676,1577003805101,
 7.6602817,1577003806095,
 7.9312677,1577003807094,
 8.193803,1577003808100,
 8.668733,1577003809095,
 9.244507,1577003810097,
 9.299155,1577003811091,
 8.944789,1577003812094,
 8.541409,1577003813095,
 8.152113,1577003814101,
 7.7847886,1577003815095,
 7.5273237,1577003816097,
 7.9414086,1577003817098,
 7.7752113,1577003818098,
 7.4760566,1577003819104,
 7.9583097,1577003820097,
 8.032676,1577003821098,
 7.8552113,1577003822092,
 7.657465,1577003823095,
 7.3650703,1577003824095,
 7.2214084,1577003825098,
 7.129014,1577003826101,
 7.1464787,1577003827093,
 7.3385916,1577003828094,
 7.83662,1577003829094,
 8.365634,1577003830099,
 8.776901,1577003831094,
 9.24845,1577003832099,
 9.734084,1577003833091,
 10.23662,1577003834095,
 10.743098,1577003835095,
 11.284507,1577003836093,
 11.7442255,1577003837093,
 11.864789,1577003838099,
 11.768451,1577003839092,
 11.6659155,1577003840089,
 11.615775,1577003841093,
 11.72507,1577003842095,
 11.948732,1577003843095,
 12.129014,1577003844093,
 12.071549,1577003845093,
 11.834929,1577003846092,
 11.695211,1577003847092,
 11.630423,1577003848092,
 11.52338,1577003849091,
 11.458591,1577003850096,
 11.375774,1577003851091,
 11.325634,1577003852091,
 11.228169,1577003853090,
 11.202253,1577003854090,
 11.144789,1577003855090,
 10.860282,1577003856092,
 10.574084,1577003857089,
 10.458591,1577003858087,
 10.366198,1577003859089,
 10.442817,1577003860089,
 10.561127,1577003861091,
 10.730704,1577003862092,
 10.766761,1577003863094,
 10.501409,1577003864093,
 10.08169,1577003865093,
 9.634366,1577003866093,
 9.104789,1577003867093,
 8.592676,1577003868094,
 8.375774,1577003869088,
 8.607887,1577003870093,
 8.655211,1577003871091,
 8.245634,1577003872090,
 7.6411266,1577003873089,
 7.005634,1577003874101,
 6.7701406,1577003875094,
 7.1194367,1577003876090,
 7.9014087,1577003877100,
 8.607324,1577003878093,
 9.341409,1577003879097,
 9.906479,1577003880092,
 10.485634,1577003881095,
 10.908169,1577003882094,
 10.950986,1577003883096,
 10.944225,1577003884091,
 10.922254,1577003885093,
 11.02986,1577003886098,
 11.0698595,1577003887094,
 10.821972,1577003888093,
 10.646761,1577003889092,
 10.689577,1577003890097,
 10.749296,1577003891087,
 10.64169,1577003892096,
 10.708733,1577003893092,
 10.746479,1577003894094,
 10.802817,1577003895092,
 10.660282,1577003896093,
 10.152113,1577003897093,
 9.682254,1577003898095,
 9.364507,1577003899092,
 9.040564,1577003900090,
 8.952113,1577003901091,
 8.934648,1577003902089,
 8.953803,1577003903090,
 9.006197,1577003904096,
 9.183099,1577003905091,
 9.477183,1577003906091,
 9.811268,1577003907093,
 10.219718,1577003908091,
 10.689014,1577003909086,
 11.105915,1577003910095,
 11.587605,1577003911096,
 12.105352,1577003912093,
 12.187042,1577003913090,
 12.463099,1577003914094,
 12.479437,1577003915095,
 12.540281,1577003916094,
 12.260282,1577003917091,
 11.771268,1577003918093,
 11.341971,1577003919090,
 11.023099,1577003920084,
 10.88338,1577003921090,
 10.774084,1577003922098,
 10.534648,1577003923092,
 10.074367,1577003924091,
 9.51324,1577003925093,
 8.935211,1577003926095,
 8.370141,1577003927090,
 7.5205636,1577003928096,
 6.3769016,1577003929093,
 5.1030984,1577003930089,
 4.508169,1577003931085,
 3.823662,1577003932089,
 2.962817,1577003933092,
 1.5966197,1577003934098,
 0.336338,1577003935091,
 0.0045070425,1577003936084,
 0.0067605632,1577003937085,
 0.0056338026,1577003938080,
 0.009014085,1577003939092,
 0.003943662,1577003940088,
 0.0050704223,1577003941085,
 0.003943662,1577003942079,
 0.0050704223,1577003943083,
 0.006197183,1577003944085,
 0.003943662,1577003945083,
 0.007887324,1577003946089,
 0.0073239435,1577003947086,
 0.003943662,1577003948083,
 0.0033802816,1577003949078,
 0.0073239435,1577003950085,
 0.010140845,1577003951084,
 0.0045070425,1577003952089,
 0.006197183,1577003953082,
 0.010140845,1577003954085,
 0.003943662,1577003955085,
 0.014084507,1577003956083,
 0.0135211265,1577003957084,
 0.0016901408,1577003958090,
 0.089577466,1577003959085,
 0.37521127,1577003960086,
 0.6242254,1577003961091,
 0.82422537,1577003962093,
 0.89295775,1577003963090,
 0.91267604,1577003964093,
 1.1470423,1577003965090,
 1.2580281,1577003966093,
 1.9064789,1577003967086,
 3.2123945,1577003968088,
 4.3622537,1577003969091,
 5.104225,1577003970095,
 5.729014,1577003971089,
 6.44,1577003972088,
 6.395493,1577003973091,
 6.7047887,1577003974092,
 6.851268,1577003975092,
 6.96169,1577003976095,
 7.2940845,1577003977089,
 7.5571833,1577003978070,
 7.376338,1577003979085,
 7.564507,1577003980079,
 7.6,1577003981088,
 7.746479,1577003982080,
 7.961127,1577003983084,
 8.31831,1577003984083,
 8.902535,1577003985080,
 9.48169,1577003986077,
 9.887324,1577003987080,
 9.896901,1577003988082,
 9.946479,1577003989072,
 9.953803,1577003990075,
 10.052394,1577003991078,
 10.230423,1577003992075,
 10.336902,1577003993082,
 10.312113,1577003994077,
 10.322817,1577003995074,
 10.300282,1577003996073,
 10.358873,1577003997075,
 10.500845,1577003998076,
 10.619719,1577003999085,
 10.701408,1577004000079,
 10.042817,1577004001086,
 9.534648,1577004002086,
 9.214648,1577004003086,
 8.9853525,1577004004087,
 8.807887,1577004005086,
 9.071549,1577004006086,
 9.739718,1577004007084,
 9.876619,1577004008086,
 9.512113,1577004009086,
 9.384225,1577004010089,
 9.249014,1577004011088,
 9.586479,1577004012092,
 10.381409,1577004013092,
 10.674366,1577004014090,
 10.560563,1577004015088,
 10.518873,1577004016089,
 10.51662,1577004017089,
 10.603944,1577004018089,
 10.708169,1577004019090,
 10.775775,1577004020089,
 10.8287325,1577004021090,
 10.910422,1577004022087,
 11.094648,1577004023089,
 11.250141,1577004024093,
 11.419719,1577004025089,
 11.610141,1577004026088,
 11.8732395,1577004027090,
 12.0253525,1577004028088,
 11.432113,1577004029083,
 10.806761,1577004030092,
 10.2895775,1577004031090,
 9.769577,1577004032088,
 9.640563,1577004033087,
 9.605634,1577004034087,
 9.60338,1577004035089,
 9.627605,1577004036089,
 9.704226,1577004037086,
 9.828169,1577004038088,
 10.012958,1577004039088,
 10.1712675,1577004040084,
 10.375774,1577004041086,
 10.579719,1577004042093,
 10.782536,1577004043089,
 10.660282,1577004044085,
 10.455774,1577004045088,
 9.558873,1577004046086,
 8.739155,1577004047083,
 8.068732,1577004048092,
 8.059718,1577004049088,
 7.632676,1577004050086,
 7.707606,1577004051085,
 7.8895774,1577004052086,
 8.016338,1577004053087,
 8.222535,1577004054096,
 8.510423,1577004055090,
 8.876619,1577004056088,
 9.330705,1577004057087,
 9.64507,1577004058082,
 9.704226,1577004059092,
 10.12,1577004060089,
 10.5814085,1577004061088,
 11.012958,1577004062088,
 11.304225,1577004063085,
 10.9915495,1577004064083,
 10.729577,1577004065084,
 10.637183,1577004066094,
 10.577465,1577004067088,
 10.585352,1577004068082,
 10.578591,1577004069080,
 10.55324,1577004070091,
 10.606761,1577004071085,
 10.922817,1577004072090,
 11.282817,1577004073086,
 11.675493,1577004074087,
 12.08845,1577004075090,
 12.519437,1577004076083,
 12.632676,1577004077088,
 12.493521,1577004078092,
 12.485634,1577004079085,
 12.159436,1577004080085,
 12.001126,1577004081088,
 11.842817,1577004082086,
 11.76169,1577004083096,
 11.607324,1577004084091,
 11.447887,1577004085086,
 11.374648,1577004086085,
 11.796057,1577004087082,
 12.087888,1577004088086,
 12.314366,1577004089086,
 12.672112,1577004090090,
 12.454084,1577004091088,
 12.035493,1577004092085,
 11.577465,1577004093085,
 11.056338,1577004094085,
 10.532958,1577004095085,
 10.033239,1577004096090,
 9.9639435,1577004097085,
 9.994367,1577004098080,
 10.098592,1577004099084,
 10.192113,1577004100083,
 10.507606,1577004101084,
 10.908732,1577004102092,
 11.313803,1577004103086,
 11.752676,1577004104086,
 12.027042,1577004105084,
 11.782536,1577004106084,
 12.006761,1577004107086,
 12.40338,1577004108087,
 12.815211,1577004109080,
 12.982535,1577004110083,
 12.269859,1577004111085,
 10.661408,1577004112084,
 9.225916,1577004113084,
 7.5369015,1577004114090,
 6.579155,1577004115085,
 6.1295776,1577004116080,
 5.72169,1577004117085,
 6.1076055,1577004118087,
 6.579718,1577004119093,
 6.956056,1577004120089,
 7.209014,1577004121089,
 7.4625354,1577004122085,
 8.082817,1577004123087,
 8.957183,1577004124083,
 9.4969015,1577004125087,
 9.579719,1577004126092,
 9.498028,1577004127080,
 9.84338,1577004128086,
 9.980282,1577004129087,
 10.637747,1577004130089,
 11.335774,1577004131086,
 11.318873,1577004132091,
 11.72338,1577004133086,
 12.04169,1577004134086,
 11.975211,1577004135086,
 12.082253,1577004136086,
 12.268732,1577004137084,
 12.339155,1577004138086,
 12.385352,1577004139088,
 12.381409,1577004140084,
 12.433803,1577004141085,
 12.587042,1577004142086,
 12.6090145,1577004143085,
 12.718309,1577004144086,
 12.696901,1577004145081,
 12.779718,1577004146087,
 12.855775,1577004147087,
 12.94986,1577004148083,
 12.970704,1577004149080,
 12.868732,1577004150089,
 12.975775,1577004151088,
 12.943662,1577004152086,
 12.729577,1577004153086,
 12.557747,1577004154086,
 12.409577,1577004155087,
 12.0760565,1577004156081,
 11.702536,1577004157085,
 11.447324,1577004158085,
 11.107042,1577004159083,
 10.703662,1577004160084,
 10.202817,1577004161086,
 9.649014,1577004162092,
 9.186479,1577004163087,
 8.127888,1577004164084,
 7.109859,1577004165084,
 6.805634,1577004166085,
 6.3678875,1577004167079,
 5.4659157,1577004168087,
 5.020282,1577004169080,
 4.213521,1577004170085,
 3.140845,1577004171088,
 1.5814085,1577004172082,
 0.15267606,1577004173084,
 0.011267605,1577004174081,
 0.011267605,1577004175077,
 0.009014085,1577004176077,
 0.012957746,1577004177077,
 0.006197183,1577004178073,
 0.0011267606,1577004179081,
 0.0050704223,1577004180080,
 0.012957746,1577004181079,
 0.010704225,1577004182078,
 0.0045070425,1577004183077,
 0.008450705,1577004184078,
 0.0067605632,1577004185073,
 0.009577465,1577004186082,
 0.0011267606,1577004187079,
 0.015211267,1577004188075,
 0.0056338026,1577004189074,
 0.003943662,1577004190078,
 0.01690141,1577004191076,
 0.0073239435,1577004192082,
 0.0135211265,1577004193076,
 0.011830986,1577004194076,
 0.011267605,1577004195077,
 0.0011267606,1577004196071,
 0.012957746,1577004197076,
 0.0045070425,1577004198081,
 0.0073239435,1577004199079,
 0.007887324,1577004200079,
 0.008450705,1577004201077,
 0.0022535212,1577004202077,
 0.39211267,1577004203078,
 0.06929577,1577004204076,
 0.069859155,1577004205074,
 0.067042254,1577004206076,
 0.034366198,1577004207068,
 0.037746478,1577004208075,
 0.118309855,1577004209075,
 0.09690141,1577004210079,
 0.3064789,1577004211082,
 0.21070422,1577004212081,
 0.0056338026,1577004213076,
 0.012957746,1577004214073,
 0.0028169013,1577004215074,
 0.05690141,1577004216079,
 0.0045070425,1577004217076,
 0.012394366,1577004218071,
 0.0016901408,1577004219076,
 0.0022535212,1577004220073,
 0.0056338026,1577004221076,
 0.003943662,1577004222079,
 0.0045070425,1577004223074,
 0.0033802816,1577004224076,
 0.009577465,1577004225069,
 0.012957746,1577004226073,
 0.010704225,1577004227074,
 0.06084507,1577004228079,
 0.0011267606,1577004229072,
 0.007887324,1577004230069,
 0.0033802816,1577004231072,
 0.0073239435,1577004232071,
 0.0050704223,1577004233069,
 0.0011267606,1577004234078,
 0.0022535212,1577004235075,
 0.011267605,1577004236067,
 0.017464789,1577004237069,
 0.0067605632,1577004238070,
 0.0050704223,1577004239076,
 0.0016901408,1577004240074,
 0.015211267,1577004241072,
 0.007887324,1577004242071,
 0.011267605,1577004243068,
 0.015774649,1577004244069,
 0.003943662,1577004245070,
 0.0050704223,1577004246074,
 0.003943662,1577004247067,
 0.0073239435,1577004248072,
 0.0028169013,1577004249071,
 0.0050704223,1577004250073,
 0.0022535212,1577004251071,
 0.007887324,1577004252074,
 0.017464789,1577004253070,
 0.0011267606,1577004254068,
 0.010140845,1577004255070,
 0.012957746,1577004256069,
 0.0011267606,1577004257070,
 0.012394366,1577004258077,
 0.010704225,1577004259073,
 0.0073239435,1577004260078,
 0.0056338026,1577004261074,
 0.012394366,1577004262074,
 0.0056338026,1577004263070,
 0.009577465,1577004264076,
 0.006197183,1577004265077,
 0.0050704223,1577004266073,
 0.0056338026,1577004267074,
 0.0028169013,1577004268070,
 0.0067605632,1577004269071,
 0.003943662,1577004270074,
 0.006197183,1577004271077,
 0.0045070425,1577004272070,
 0.010140845,1577004273070,
 0.007887324,1577004274069,
 0.0050704223,1577004275072,
 0.009577465,1577004276071,
 0.0135211265,1577004277071,
 0.0028169013,1577004278073,
 0.0033802816,1577004279076,
 0.009014085,1577004280071,
 0.0050704223,1577004281074,
 0.008450705,1577004282081,
 0.015211267,1577004283068,
 0.0028169013,1577004284069,
 0.008450705,1577004285072,
 0.0050704223,1577004286073,
 0.011830986,1577004287066,
 0.007887324,1577004288077,
 0.011830986,1577004289073,
 0.006197183,1577004290071,
 0.007887324,1577004291072,
 0.008450705,1577004292072,
 0.118309855,1577004293069,
 0.27661973,1577004294068,
 0.4771831,1577004295075,
 0.29070422,1577004296072,
 0.03830986,1577004297070,
 0.009014085,1577004298067,
 0.037746478,1577004299077,
 0.033239435,1577004300068,
 0.024788732,1577004301073,
 0.01971831,1577004302073,
 0.011267605,1577004303067,
 0.0067605632,1577004304066,
 0.006197183,1577004305065,
 0.012957746,1577004306073,
 0.003943662,1577004307069,
 0.016338028,1577004308072,
 0.011830986,1577004309072,
 0.008450705,1577004310074,
 0.01802817,1577004311072,
 0.011267605,1577004312072,
 0.027042253,1577004313068,
 0.008450705,1577004314066,
 0.20394365,1577004315091,
 2.2078874,1577004316073,
 2.5177464,1577004317049,
 1.7988732,1577004318052,
 2.1870422,1577004319049,
 1.910986,1577004320047,
 0.97183096,1577004321048,
 0.45070422,1577004322047,
 0.23661971,1577004323044,
 0.111549295,1577004324073,
 0.0371831,1577004325074,
 0.025915492,1577004326068,
 0.010704225,1577004327067,
 0.025352113,1577004328070,
 0.01859155,1577004329071,
 0.010704225,1577004330075,
 0.0050704223,1577004331075,
 0.012394366,1577004332069,
 0.017464789,1577004333070,
 0.011830986,1577004334064,
 0.0067605632,1577004335067,
 0.017464789,1577004336076,
 0.012394366,1577004337069,
 0.0011267606,1577004338068,
 0.01690141,1577004339068,
 0.012394366,1577004340070,
 0.014647887,1577004341066,
 0.01690141,1577004342076,
 0.024788732,1577004343072,
 0.0056338026,1577004344113,
 0.012957746,1577004345065,
 0.0056338026,1577004346070,
